7450-401396
OS REV: 1.05 Sensor Cal: 1618512290
Time (sec),  BV (Volts),  T (deg C),  DO (mg/l),  Q ()
1669328280,+3.47, +8.679,+11.359,+0.959
1669329180,+3.48, +8.088,+11.530,+0.959
1669330080,+3.47, +7.680,+11.612,+0.959
1669330980,+3.47, +7.299,+11.738,+0.959
1669331880,+3.48, +6.857,+11.870,+0.959
1669332780,+3.48, +6.499,+11.968,+0.959
1669333680,+3.47, +6.187,+12.046,+0.959
1669334580,+3.47, +5.923,+12.153,+0.959
1669335480,+3.48, +5.657,+12.201,+0.958
1669336380,+3.48, +5.450,+12.281,+0.959
1669337280,+3.48, +5.301,+12.299,+0.959
1669338180,+3.47, +5.092,+12.370,+0.959
1669339080,+3.47, +4.852,+12.452,+0.959
1669339980,+3.47, +4.722,+12.477,+0.959
1669340880,+3.47, +4.571,+12.540,+0.959
1669341780,+3.48, +4.531,+12.532,+0.959
1669342680,+3.48, +4.430,+12.546,+0.958
1669343580,+3.48, +4.278,+12.608,+0.959
1669344480,+3.48, +4.186,+12.629,+0.958
1669345380,+3.48, +4.075,+12.672,+0.958
1669346280,+3.48, +3.993,+12.703,+0.959
1669347180,+3.47, +3.891,+12.720,+0.958
1669348080,+3.47, +3.779,+12.757,+0.958
1669348980,+3.47, +3.779,+12.751,+0.958
1669349880,+3.47, +3.697,+12.770,+0.958
1669350780,+3.47, +3.604,+12.797,+0.958
1669351680,+3.47, +3.584,+12.812,+0.958
1669352580,+3.47, +3.615,+12.789,+0.958
1669353480,+3.47, +3.563,+12.813,+0.958
1669354380,+3.47, +3.563,+12.799,+0.958
1669355280,+3.47, +3.573,+12.802,+0.958
1669356180,+3.47, +3.666,+12.763,+0.958
1669357080,+3.47, +3.850,+12.689,+0.958
1669357980,+3.47, +4.095,+12.603,+0.958
1669358880,+3.47, +4.480,+12.476,+0.958
1669359780,+3.47, +4.812,+12.364,+0.958
1669360680,+3.47, +5.082,+12.276,+0.958
1669361580,+3.47, +5.351,+12.200,+0.959
1669362480,+3.47, +5.588,+12.116,+0.958
1669363380,+3.47, +5.845,+12.045,+0.959
1669364280,+3.47, +6.080,+11.970,+0.959
1669365180,+3.47, +6.266,+11.901,+0.958
1669366080,+3.47, +6.470,+11.839,+0.959
1669366980,+3.47, +6.703,+11.755,+0.958
1669367880,+3.47, +6.886,+11.710,+0.959
1669368780,+3.47, +7.127,+11.637,+0.959
1669369680,+3.47, +7.299,+11.577,+0.958
1669370580,+3.47, +7.461,+11.536,+0.959
1669371480,+3.47, +7.642,+11.470,+0.958
1669372380,+3.47, +7.851,+11.411,+0.959
1669373280,+3.47, +8.173,+11.317,+0.958
1669374180,+3.47, +8.445,+11.246,+0.958
1669375080,+3.47, +8.651,+11.186,+0.959
1669375980,+3.47, +8.763,+11.151,+0.958
1669376880,+3.47, +8.828,+11.134,+0.958
1669377780,+3.47, +8.903,+11.103,+0.959
1669378680,+3.47, +8.828,+11.119,+0.958
1669379580,+3.47, +8.828,+11.114,+0.959
1669380480,+3.46, +8.810,+11.114,+0.958
1669381380,+3.46, +8.773,+11.133,+0.959
1669382280,+3.47, +8.903,+11.092,+0.959
1669383180,+3.47, +9.024,+11.055,+0.959
1669384080,+3.47, +9.144,+11.025,+0.958
1669384980,+3.47, +9.311,+10.973,+0.958
1669385880,+3.47, +9.505,+10.919,+0.958
1669386780,+3.47, +9.652,+10.885,+0.959
1669387680,+3.47, +9.845,+10.826,+0.958
1669388580,+3.47,+10.037,+10.779,+0.958
1669389480,+3.47,+10.147,+10.756,+0.958
1669390380,+3.47,+10.229,+10.729,+0.958
1669391280,+3.47,+10.338,+10.685,+0.958
1669392180,+3.47,+10.429,+10.670,+0.958
1669393080,+3.47,+10.729,+10.590,+0.958
1669393980,+3.47,+10.801,+10.570,+0.958
1669394880,+3.47,+10.973,+10.527,+0.958
1669395780,+3.47,+10.900,+10.538,+0.958
1669396680,+3.47,+11.054,+10.494,+0.958
1669397580,+3.47,+11.198,+10.467,+0.958
1669398480,+3.47,+12.348,+10.220,+0.958
1669399380,+3.46,+13.229,+10.007,+0.958
1669400280,+3.46,+15.420, +9.670,+0.957
1669401180,+3.47,+14.870, +9.733,+0.957
1669402080,+3.46,+14.387, +9.818,+0.957
1669402980,+3.47,+13.831, +9.904,+0.957
1669403880,+3.47,+13.360, +9.994,+0.957
1669404780,+3.47,+13.395,+10.011,+0.957
1669405680,+3.47,+13.001,+10.090,+0.957
1669406580,+3.47,+12.313,+10.246,+0.958
1669407480,+3.47,+12.002,+10.305,+0.958
1669408380,+3.47,+11.735,+10.389,+0.958
1669409280,+3.48,+11.440,+10.452,+0.958
1669410180,+3.48,+11.395,+10.470,+0.958
1669411080,+3.48,+11.359,+10.467,+0.958
1669411980,+3.47,+11.009,+10.561,+0.958
1669412880,+3.48,+10.493,+10.692,+0.958
1669413780,+3.47, +9.864,+10.862,+0.958
1669414680,+3.48, +9.302,+11.011,+0.959
