7450-401396
OS REV: 1.05 Sensor Cal: 1618512290
Time (sec),  BV (Volts),  T (deg C),  DO (mg/l),  Q ()
1702952160,+2.97, +4.641,+11.626,+0.936
1702952280,+2.97, +4.631,+11.639,+0.936
1702952400,+2.97, +4.621,+11.654,+0.937
1702952520,+2.97, +4.641,+11.634,+0.936
1702952640,+2.97, +4.611,+11.645,+0.937
1702952760,+2.97, +4.611,+11.645,+0.936
1702952880,+2.97, +4.581,+11.654,+0.936
1702953000,+2.97, +4.591,+11.662,+0.937
1702953120,+2.97, +4.561,+11.671,+0.937
1702953240,+2.97, +4.591,+11.642,+0.936
1702953360,+2.97, +4.551,+11.678,+0.937
1702953480,+2.97, +4.531,+11.679,+0.937
1702953600,+2.97, +4.531,+11.678,+0.937
1702953720,+2.97, +4.510,+11.677,+0.936
1702953840,+2.97, +4.500,+11.675,+0.936
1702953960,+2.97, +4.460,+11.693,+0.936
1702954080,+2.97, +4.470,+11.695,+0.936
1702954200,+2.97, +4.470,+11.684,+0.936
1702954320,+2.97, +4.450,+11.700,+0.936
1702954440,+2.97, +4.430,+11.699,+0.936
1702954560,+2.97, +4.419,+11.714,+0.937
1702954680,+2.97, +4.419,+11.709,+0.936
1702954800,+2.97, +4.409,+11.710,+0.937
1702954920,+2.97, +4.409,+11.714,+0.937
1702955040,+2.97, +4.359,+11.733,+0.936
1702955160,+2.97, +4.389,+11.720,+0.936
1702955280,+2.97, +4.369,+11.725,+0.936
1702955400,+2.97, +4.359,+11.733,+0.937
1702955520,+2.97, +4.349,+11.738,+0.937
1702955640,+2.97, +4.339,+11.727,+0.936
1702955760,+2.97, +4.328,+11.748,+0.937
1702955880,+2.97, +4.339,+11.735,+0.936
1702956000,+2.97, +4.298,+11.746,+0.936
1702956120,+2.97, +4.298,+11.759,+0.937
1702956240,+2.97, +4.288,+11.744,+0.936
1702956360,+2.97, +4.278,+11.760,+0.937
1702956480,+2.97, +4.278,+11.758,+0.937
1702956600,+2.97, +4.247,+11.762,+0.936
1702956720,+2.97, +4.258,+11.755,+0.936
1702956840,+2.97, +4.227,+11.774,+0.936
1702956960,+2.97, +4.227,+11.777,+0.937
1702957080,+2.97, +4.227,+11.775,+0.937
1702957200,+2.97, +4.237,+11.769,+0.936
1702957320,+2.97, +4.217,+11.764,+0.936
1702957440,+2.97, +4.217,+11.780,+0.937
1702957560,+2.97, +4.207,+11.782,+0.936
1702957680,+2.97, +4.197,+11.783,+0.936
1702957800,+2.97, +4.207,+11.789,+0.937
1702957920,+2.97, +4.207,+11.780,+0.936
1702958040,+2.97, +4.197,+11.785,+0.937
1702958160,+2.97, +4.176,+11.793,+0.937
1702958280,+2.97, +4.176,+11.788,+0.936
1702958400,+2.97, +4.186,+11.768,+0.936
1702958520,+2.97, +4.166,+11.792,+0.937
1702958640,+2.97, +4.126,+11.807,+0.936
1702958760,+2.97, +4.115,+11.812,+0.936
1702958880,+2.97, +4.136,+11.789,+0.936
1702959000,+2.97, +4.126,+11.814,+0.937
1702959120,+2.97, +4.085,+11.824,+0.937
1702959240,+2.97, +4.085,+11.815,+0.936
1702959360,+2.97, +4.075,+11.818,+0.936
1702959480,+2.98, +4.095,+11.818,+0.937
1702959600,+2.97, +4.075,+11.831,+0.937
1702959720,+2.98, +4.085,+11.818,+0.936
1702959840,+2.98, +4.054,+11.822,+0.936
1702959960,+2.98, +4.054,+11.839,+0.937
1702960080,+2.97, +4.044,+11.833,+0.936
1702960200,+2.97, +4.014,+11.839,+0.936
1702960320,+2.97, +4.024,+11.832,+0.936
1702960440,+2.98, +4.014,+11.835,+0.936
1702960560,+2.98, +4.003,+11.840,+0.936
1702960680,+2.98, +3.983,+11.861,+0.937
1702960800,+2.98, +3.983,+11.855,+0.937
1702960920,+2.97, +3.942,+11.876,+0.936
1702961040,+2.97, +3.963,+11.861,+0.936
1702961160,+2.97, +3.952,+11.869,+0.936
1702961280,+2.97, +3.952,+11.869,+0.937
1702961400,+2.97, +3.932,+11.876,+0.936
1702961520,+2.97, +3.942,+11.863,+0.936
1702961640,+2.97, +3.922,+11.884,+0.937
1702961760,+2.97, +3.901,+11.884,+0.936
1702961880,+2.97, +3.901,+11.887,+0.937
1702962000,+2.97, +3.901,+11.891,+0.936
1702962120,+2.97, +3.901,+11.885,+0.936
1702962240,+2.97, +3.871,+11.897,+0.936
1702962360,+2.97, +3.891,+11.879,+0.936
1702962480,+2.97, +3.860,+11.904,+0.937
1702962600,+2.97, +3.850,+11.902,+0.936
1702962720,+2.97, +3.840,+11.891,+0.935
1702962840,+2.97, +3.850,+11.894,+0.936
1702962960,+2.97, +3.840,+11.907,+0.936
1702963080,+2.97, +3.830,+11.912,+0.936
1702963200,+2.97, +3.820,+11.917,+0.937
1702963320,+2.97, +3.809,+11.924,+0.937
1702963440,+2.97, +3.799,+11.911,+0.936
1702963560,+2.97, +3.768,+11.932,+0.936
1702963680,+2.97, +3.768,+11.923,+0.936
1702963800,+2.97, +3.748,+11.942,+0.936
1702963920,+2.97, +3.768,+11.939,+0.937
1702964040,+2.97, +3.768,+11.933,+0.937
1702964160,+2.97, +3.748,+11.942,+0.936
1702964280,+2.97, +3.748,+11.942,+0.936
1702964400,+2.97, +3.748,+11.924,+0.936
1702964520,+2.97, +3.738,+11.940,+0.936
1702964640,+2.97, +3.717,+11.946,+0.936
1702964760,+2.97, +3.717,+11.941,+0.936
1702964880,+2.97, +3.697,+11.959,+0.936
1702965000,+2.97, +3.707,+11.951,+0.936
1702965120,+2.97, +3.707,+11.954,+0.936
1702965240,+2.97, +3.676,+11.967,+0.936
1702965360,+2.97, +3.676,+11.965,+0.936
1702965480,+2.97, +3.645,+11.972,+0.936
1702965600,+2.97, +3.656,+11.977,+0.936
1702965720,+2.97, +3.635,+11.988,+0.936
1702965840,+2.97, +3.635,+11.982,+0.936
1702965960,+2.97, +3.645,+11.953,+0.936
1702966080,+2.97, +3.645,+11.962,+0.936
1702966200,+2.97, +3.635,+11.974,+0.936
1702966320,+2.97, +3.625,+11.982,+0.936
1702966440,+2.97, +3.604,+11.979,+0.936
1702966560,+2.97, +3.615,+11.981,+0.936
1702966680,+2.97, +3.615,+11.980,+0.936
1702966800,+2.97, +3.594,+12.003,+0.937
1702966920,+2.97, +3.604,+11.983,+0.936
1702967040,+2.97, +3.604,+11.981,+0.936
1702967160,+2.97, +3.584,+11.990,+0.936
1702967280,+2.97, +3.543,+12.009,+0.936
1702967400,+2.97, +3.543,+12.007,+0.936
1702967520,+2.97, +3.543,+12.005,+0.936
1702967640,+2.97, +3.543,+12.008,+0.936
1702967760,+2.97, +3.532,+12.010,+0.936
1702967880,+2.97, +3.512,+12.032,+0.936
1702968000,+2.97, +3.522,+12.022,+0.936
1702968120,+2.97, +3.501,+12.013,+0.936
1702968240,+2.97, +3.512,+12.017,+0.936
1702968360,+2.97, +3.501,+12.028,+0.936
1702968480,+2.97, +3.471,+12.032,+0.936
1702968600,+2.97, +3.491,+12.027,+0.936
1702968720,+2.97, +3.450,+12.051,+0.936
1702968840,+2.97, +3.471,+12.021,+0.936
1702968960,+2.97, +3.450,+12.038,+0.936
1702969080,+2.97, +3.460,+12.039,+0.936
1702969200,+2.97, +3.440,+12.040,+0.936
1702969320,+2.97, +3.471,+12.028,+0.936
1702969440,+2.97, +3.450,+12.048,+0.936
1702969560,+2.97, +3.450,+12.026,+0.935
1702969680,+2.97, +3.440,+12.022,+0.935
1702969800,+2.97, +3.440,+12.036,+0.936
1702969920,+2.97, +3.419,+12.058,+0.936
1702970040,+2.97, +3.409,+12.060,+0.936
1702970160,+2.97, +3.419,+12.054,+0.936
1702970280,+2.97, +3.388,+12.068,+0.936
1702970400,+2.97, +3.388,+12.066,+0.936
1702970520,+2.97, +3.388,+12.068,+0.936
1702970640,+2.97, +3.357,+12.075,+0.936
1702970760,+2.97, +3.378,+12.069,+0.936
1702970880,+2.97, +3.367,+12.064,+0.936
1702971000,+2.97, +3.347,+12.080,+0.936
1702971120,+2.97, +3.357,+12.073,+0.936
1702971240,+2.97, +3.347,+12.087,+0.936
1702971360,+2.97, +3.326,+12.094,+0.936
1702971480,+2.97, +3.326,+12.085,+0.936
1702971600,+2.97, +3.316,+12.097,+0.936
1702971720,+2.97, +3.316,+12.086,+0.936
1702971840,+2.97, +3.285,+12.100,+0.936
1702971960,+2.97, +3.295,+12.104,+0.936
1702972080,+2.97, +3.264,+12.117,+0.936
1702972200,+2.97, +3.295,+12.098,+0.936
1702972320,+2.97, +3.264,+12.109,+0.936
1702972440,+2.97, +3.264,+12.105,+0.936
1702972560,+2.97, +3.264,+12.115,+0.936
1702972680,+2.97, +3.254,+12.101,+0.935
1702972800,+2.97, +3.264,+12.112,+0.936
1702972920,+2.97, +3.233,+12.129,+0.936
1702973040,+2.97, +3.223,+12.125,+0.936
1702973160,+2.97, +3.223,+12.123,+0.936
1702973280,+2.97, +3.212,+12.132,+0.936
1702973400,+2.97, +3.202,+12.134,+0.936
1702973520,+2.97, +3.212,+12.132,+0.936
1702973640,+2.97, +3.192,+12.139,+0.936
1702973760,+2.97, +3.202,+12.134,+0.936
1702973880,+2.97, +3.192,+12.135,+0.936
1702974000,+2.97, +3.192,+12.144,+0.936
1702974120,+2.97, +3.171,+12.152,+0.936
1702974240,+2.97, +3.150,+12.157,+0.936
1702974360,+2.97, +3.150,+12.149,+0.936
1702974480,+2.97, +3.140,+12.158,+0.936
1702974600,+2.97, +3.150,+12.151,+0.936
1702974720,+2.97, +3.109,+12.171,+0.936
1702974840,+2.97, +3.129,+12.171,+0.936
1702974960,+2.97, +3.098,+12.176,+0.936
1702975080,+2.97, +3.098,+12.179,+0.936
1702975200,+2.97, +3.098,+12.164,+0.936
1702975320,+2.97, +3.088,+12.181,+0.936
1702975440,+2.97, +3.077,+12.177,+0.936
1702975560,+2.97, +3.088,+12.179,+0.936
1702975680,+2.97, +3.088,+12.168,+0.935
1702975800,+2.97, +3.057,+12.201,+0.936
1702975920,+2.97, +3.046,+12.201,+0.936
1702976040,+2.97, +3.067,+12.186,+0.936
1702976160,+2.97, +3.046,+12.192,+0.936
1702976280,+2.97, +3.036,+12.201,+0.936
1702976400,+2.97, +3.015,+12.221,+0.936
1702976520,+2.98, +3.015,+12.210,+0.936
1702976640,+2.98, +3.015,+12.209,+0.936
1702976760,+2.97, +3.005,+12.217,+0.936
1702976880,+2.98, +2.984,+12.213,+0.935
1702977000,+2.98, +2.984,+12.222,+0.936
1702977120,+2.98, +2.994,+12.217,+0.936
1702977240,+2.98, +2.994,+12.214,+0.936
1702977360,+2.98, +2.932,+12.231,+0.935
1702977480,+2.98, +2.953,+12.232,+0.936
1702977600,+2.98, +2.942,+12.248,+0.936
1702977720,+2.98, +2.942,+12.232,+0.936
1702977840,+2.98, +2.921,+12.233,+0.935
1702977960,+2.98, +2.932,+12.228,+0.935
1702978080,+2.98, +2.911,+12.251,+0.936
1702978200,+2.98, +2.932,+12.234,+0.936
1702978320,+2.98, +2.911,+12.244,+0.936
1702978440,+2.98, +2.901,+12.238,+0.935
1702978560,+2.98, +2.880,+12.246,+0.935
1702978680,+2.98, +2.880,+12.251,+0.935
1702978800,+2.98, +2.859,+12.266,+0.936
1702978920,+2.98, +2.859,+12.259,+0.935
1702979040,+2.98, +2.848,+12.258,+0.935
1702979160,+2.98, +2.838,+12.278,+0.936
1702979280,+2.98, +2.848,+12.275,+0.936
1702979400,+2.98, +2.848,+12.267,+0.936
1702979520,+2.98, +2.827,+12.288,+0.936
1702979640,+2.98, +2.827,+12.277,+0.936
1702979760,+2.98, +2.817,+12.280,+0.936
1702979880,+2.98, +2.827,+12.282,+0.936
1702980000,+2.98, +2.796,+12.301,+0.936
1702980120,+2.98, +2.786,+12.297,+0.936
1702980240,+2.98, +2.786,+12.293,+0.935
1702980360,+2.98, +2.775,+12.298,+0.936
1702980480,+2.98, +2.786,+12.285,+0.936
1702980600,+2.98, +2.765,+12.294,+0.935
1702980720,+2.98, +2.754,+12.292,+0.935
1702980840,+2.98, +2.754,+12.309,+0.936
1702980960,+2.98, +2.744,+12.299,+0.935
1702981080,+2.98, +2.733,+12.305,+0.935
1702981200,+2.98, +2.713,+12.322,+0.936
1702981320,+2.98, +2.723,+12.316,+0.936
1702981440,+2.98, +2.702,+12.312,+0.935
1702981560,+2.98, +2.702,+12.325,+0.936
1702981680,+2.98, +2.702,+12.325,+0.936
1702981800,+2.98, +2.681,+12.334,+0.935
1702981920,+2.98, +2.681,+12.329,+0.935
1702982040,+2.98, +2.671,+12.330,+0.935
1702982160,+2.98, +2.660,+12.336,+0.935
1702982280,+2.98, +2.660,+12.337,+0.936
1702982400,+2.98, +2.639,+12.351,+0.935
1702982520,+2.98, +2.660,+12.330,+0.935
1702982640,+2.98, +2.650,+12.343,+0.935
1702982760,+2.98, +2.629,+12.360,+0.936
1702982880,+2.98, +2.629,+12.358,+0.936
1702983000,+2.97, +2.608,+12.364,+0.935
1702983120,+2.98, +2.597,+12.363,+0.935
1702983240,+2.97, +2.629,+12.348,+0.935
1702983360,+2.97, +2.587,+12.365,+0.935
1702983480,+2.97, +2.587,+12.373,+0.935
1702983600,+2.97, +2.576,+12.380,+0.936
1702983720,+2.97, +2.576,+12.378,+0.935
1702983840,+2.97, +2.576,+12.376,+0.936
1702983960,+2.97, +2.545,+12.385,+0.935
1702984080,+2.97, +2.545,+12.391,+0.935
1702984200,+2.97, +2.555,+12.395,+0.936
1702984320,+2.97, +2.555,+12.387,+0.936
1702984440,+2.97, +2.534,+12.398,+0.936
1702984560,+2.97, +2.534,+12.387,+0.935
1702984680,+2.97, +2.513,+12.412,+0.936
1702984800,+2.97, +2.513,+12.398,+0.935
1702984920,+2.97, +2.513,+12.400,+0.935
1702985040,+2.97, +2.482,+12.413,+0.935
1702985160,+2.97, +2.482,+12.415,+0.935
1702985280,+2.97, +2.492,+12.416,+0.936
1702985400,+2.97, +2.461,+12.422,+0.935
1702985520,+2.97, +2.461,+12.428,+0.936
1702985640,+2.97, +2.471,+12.418,+0.936
1702985760,+2.97, +2.450,+12.430,+0.935
1702985880,+2.97, +2.440,+12.433,+0.935
1702986000,+2.97, +2.450,+12.424,+0.935
1702986120,+2.97, +2.450,+12.420,+0.935
1702986240,+2.97, +2.419,+12.444,+0.936
1702986360,+2.97, +2.408,+12.450,+0.935
1702986480,+2.97, +2.429,+12.438,+0.936
1702986600,+2.97, +2.408,+12.444,+0.936
1702986720,+2.97, +2.398,+12.452,+0.936
1702986840,+2.97, +2.408,+12.438,+0.935
1702986960,+2.97, +2.398,+12.448,+0.935
1702987080,+2.97, +2.387,+12.448,+0.935
1702987200,+2.97, +2.376,+12.455,+0.935
1702987320,+2.97, +2.387,+12.457,+0.936
1702987440,+2.97, +2.376,+12.455,+0.935
1702987560,+2.97, +2.355,+12.470,+0.936
1702987680,+2.97, +2.355,+12.457,+0.935
1702987800,+2.97, +2.366,+12.459,+0.935
1702987920,+2.97, +2.345,+12.472,+0.935
1702988040,+2.97, +2.376,+12.455,+0.936
1702988160,+2.97, +2.324,+12.487,+0.936
1702988280,+2.97, +2.313,+12.473,+0.935
1702988400,+2.97, +2.334,+12.470,+0.935
1702988520,+2.97, +2.313,+12.483,+0.935
1702988640,+2.97, +2.324,+12.474,+0.935
1702988760,+2.97, +2.303,+12.487,+0.935
1702988880,+2.97, +2.303,+12.492,+0.936
1702989000,+2.97, +2.303,+12.483,+0.935
1702989120,+2.97, +2.292,+12.492,+0.935
1702989240,+2.97, +2.292,+12.485,+0.935
1702989360,+2.97, +2.281,+12.496,+0.935
1702989480,+2.97, +2.281,+12.486,+0.935
1702989600,+2.97, +2.281,+12.486,+0.935
1702989720,+2.97, +2.292,+12.496,+0.936
1702989840,+2.97, +2.281,+12.500,+0.936
1702989960,+2.97, +2.271,+12.498,+0.935
1702990080,+2.97, +2.260,+12.494,+0.935
1702990200,+2.97, +2.260,+12.500,+0.935
1702990320,+2.97, +2.260,+12.498,+0.935
1702990440,+2.97, +2.250,+12.498,+0.935
1702990560,+2.97, +2.239,+12.522,+0.936
1702990680,+2.97, +2.239,+12.513,+0.935
1702990800,+2.97, +2.239,+12.511,+0.935
1702990920,+2.97, +2.250,+12.501,+0.935
1702991040,+2.97, +2.207,+12.528,+0.935
1702991160,+2.97, +2.229,+12.515,+0.935
1702991280,+2.97, +2.229,+12.516,+0.935
1702991400,+2.97, +2.207,+12.520,+0.935
1702991520,+2.97, +2.197,+12.530,+0.935
1702991640,+2.97, +2.186,+12.535,+0.935
1702991760,+2.97, +2.176,+12.539,+0.935
1702991880,+2.97, +2.186,+12.528,+0.935
1702992000,+2.97, +2.186,+12.528,+0.935
1702992120,+2.97, +2.197,+12.522,+0.935
1702992240,+2.97, +2.186,+12.531,+0.935
1702992360,+2.97, +2.165,+12.527,+0.935
1702992480,+2.97, +2.165,+12.537,+0.935
1702992600,+2.97, +2.165,+12.521,+0.935
1702992720,+2.97, +2.176,+12.531,+0.935
1702992840,+2.97, +2.165,+12.527,+0.935
1702992960,+2.97, +2.155,+12.538,+0.935
1702993080,+2.97, +2.112,+12.559,+0.935
1702993200,+2.97, +2.123,+12.546,+0.935
1702993320,+2.97, +2.112,+12.555,+0.935
1702993440,+2.97, +2.133,+12.540,+0.935
1702993560,+2.97, +2.123,+12.550,+0.935
1702993680,+2.97, +2.144,+12.532,+0.935
1702993800,+2.97, +2.112,+12.555,+0.935
1702993920,+2.97, +2.123,+12.547,+0.935
1702994040,+2.97, +2.091,+12.551,+0.935
1702994160,+2.97, +2.102,+12.553,+0.935
1702994280,+2.97, +2.112,+12.540,+0.935
1702994400,+2.97, +2.091,+12.553,+0.935
1702994520,+2.97, +2.091,+12.555,+0.935
1702994640,+2.97, +2.080,+12.547,+0.935
1702994760,+2.97, +2.091,+12.551,+0.935
1702994880,+2.97, +2.059,+12.577,+0.935
1702995000,+2.97, +2.070,+12.557,+0.935
1702995120,+2.97, +2.049,+12.565,+0.935
1702995240,+2.97, +2.027,+12.571,+0.935
1702995360,+2.97, +2.027,+12.579,+0.935
1702995480,+2.97, +2.027,+12.587,+0.935
1702995600,+2.97, +2.049,+12.562,+0.935
1702995720,+2.97, +2.027,+12.591,+0.935
1702995840,+2.97, +2.017,+12.583,+0.935
1702995960,+2.97, +1.995,+12.596,+0.935
1702996080,+2.97, +1.985,+12.592,+0.935
1702996200,+2.97, +1.974,+12.604,+0.935
1702996320,+2.97, +1.964,+12.612,+0.935
1702996440,+2.97, +1.953,+12.615,+0.935
1702996560,+2.97, +1.921,+12.627,+0.935
1702996680,+2.97, +1.964,+12.604,+0.935
1702996800,+2.97, +1.942,+12.604,+0.935
1702996920,+2.97, +1.942,+12.615,+0.935
1702997040,+2.97, +1.942,+12.606,+0.935
1702997160,+2.97, +1.921,+12.635,+0.935
1702997280,+2.97, +1.942,+12.612,+0.935
1702997400,+2.97, +1.921,+12.635,+0.935
1702997520,+2.97, +1.921,+12.617,+0.935
1702997640,+2.97, +1.921,+12.631,+0.935
1702997760,+2.97, +1.921,+12.621,+0.935
1702997880,+2.97, +1.910,+12.625,+0.935
1702998000,+2.97, +1.921,+12.623,+0.935
1702998120,+2.97, +1.942,+12.620,+0.935
1702998240,+2.97, +1.932,+12.623,+0.935
1702998360,+2.97, +1.900,+12.638,+0.935
1702998480,+2.97, +1.921,+12.633,+0.935
1702998600,+2.97, +1.900,+12.635,+0.935
1702998720,+2.97, +1.889,+12.644,+0.935
1702998840,+2.97, +1.878,+12.652,+0.935
1702998960,+2.97, +1.900,+12.629,+0.935
1702999080,+2.97, +1.889,+12.623,+0.934
1702999200,+2.97, +1.889,+12.640,+0.935
1702999320,+2.97, +1.889,+12.627,+0.935
1702999440,+2.97, +1.868,+12.644,+0.935
1702999560,+2.97, +1.868,+12.652,+0.935
1702999680,+2.97, +1.889,+12.636,+0.935
1702999800,+2.98, +1.857,+12.646,+0.935
1702999920,+2.97, +1.868,+12.651,+0.935
1703000040,+2.97, +1.857,+12.648,+0.935
1703000160,+2.97, +1.857,+12.640,+0.935
1703000280,+2.97, +1.868,+12.648,+0.935
1703000400,+2.97, +1.878,+12.632,+0.935
1703000520,+2.97, +1.878,+12.638,+0.935
1703000640,+2.97, +1.847,+12.652,+0.935
1703000760,+2.97, +1.868,+12.638,+0.935
1703000880,+2.97, +1.868,+12.640,+0.935
1703001000,+2.97, +1.857,+12.650,+0.935
1703001120,+2.97, +1.878,+12.630,+0.935
1703001240,+2.97, +1.878,+12.630,+0.935
1703001360,+2.97, +1.889,+12.632,+0.935
1703001480,+2.97, +1.868,+12.645,+0.935
1703001600,+2.97, +1.878,+12.632,+0.935
1703001720,+2.97, +1.878,+12.640,+0.935
1703001840,+2.97, +1.900,+12.642,+0.935
1703001960,+2.97, +1.921,+12.615,+0.935
1703002080,+2.97, +1.932,+12.623,+0.935
1703002200,+2.97, +1.921,+12.611,+0.935
1703002320,+2.97, +1.910,+12.620,+0.935
1703002440,+2.97, +1.932,+12.605,+0.935
1703002560,+2.97, +1.910,+12.624,+0.935
1703002680,+2.97, +1.910,+12.613,+0.935
1703002800,+2.97, +1.932,+12.613,+0.935
1703002920,+2.97, +1.921,+12.619,+0.935
1703003040,+2.97, +1.953,+12.595,+0.935
1703003160,+2.97, +1.932,+12.619,+0.935
1703003280,+2.97, +1.910,+12.635,+0.935
1703003400,+2.97, +1.932,+12.605,+0.935
1703003520,+2.97, +1.921,+12.634,+0.936
1703003640,+2.97, +1.900,+12.631,+0.935
1703003760,+2.97, +1.889,+12.640,+0.935
1703003880,+2.97, +1.889,+12.634,+0.935
1703004000,+2.97, +1.825,+12.654,+0.935
1703004120,+2.97, +1.836,+12.661,+0.935
1703004240,+2.97, +1.847,+12.639,+0.935
1703004360,+2.98, +1.815,+12.666,+0.935
1703004480,+2.98, +1.783,+12.657,+0.934
1703004600,+2.98, +1.750,+12.677,+0.935
1703004720,+2.98, +1.750,+12.667,+0.935
1703004840,+2.98, +1.740,+12.673,+0.935
1703004960,+2.98, +1.729,+12.691,+0.935
1703005080,+2.98, +1.740,+12.669,+0.935
1703005200,+2.98, +1.708,+12.689,+0.935
1703005320,+2.98, +1.708,+12.679,+0.935
1703005440,+2.98, +1.697,+12.678,+0.935
1703005560,+2.98, +1.686,+12.690,+0.935
1703005680,+2.98, +1.665,+12.702,+0.935
1703005800,+2.98, +1.644,+12.698,+0.935
1703005920,+2.98, +1.633,+12.708,+0.935
1703006040,+2.98, +1.622,+12.710,+0.935
1703006160,+2.98, +1.611,+12.712,+0.934
1703006280,+2.98, +1.601,+12.723,+0.935
1703006400,+2.98, +1.601,+12.724,+0.935
1703006520,+2.98, +1.611,+12.718,+0.935
1703006640,+2.98, +1.590,+12.723,+0.935
1703006760,+2.98, +1.601,+12.731,+0.935
1703006880,+2.98, +1.622,+12.710,+0.935
1703007000,+2.98, +1.601,+12.728,+0.935
1703007120,+2.98, +1.622,+12.713,+0.935
1703007240,+2.98, +1.633,+12.703,+0.935
1703007360,+2.98, +1.611,+12.718,+0.935
1703007480,+2.98, +1.622,+12.733,+0.935
1703007600,+2.98, +1.644,+12.714,+0.935
1703007720,+2.98, +1.622,+12.721,+0.935
1703007840,+2.98, +1.644,+12.712,+0.935
1703007960,+2.98, +1.622,+12.721,+0.935
1703008080,+2.98, +1.622,+12.718,+0.935
1703008200,+2.98, +1.622,+12.714,+0.935
1703008320,+2.98, +1.633,+12.704,+0.935
1703008440,+2.98, +1.622,+12.729,+0.935
1703008560,+2.98, +1.644,+12.710,+0.935
1703008680,+2.98, +1.644,+12.712,+0.935
1703008800,+2.98, +1.644,+12.716,+0.935
1703008920,+2.98, +1.654,+12.718,+0.935
1703009040,+2.98, +1.654,+12.714,+0.935
1703009160,+2.98, +1.644,+12.712,+0.935
1703009280,+2.98, +1.654,+12.700,+0.935
1703009400,+2.98, +1.654,+12.702,+0.935
1703009520,+2.98, +1.686,+12.700,+0.935
1703009640,+2.98, +1.676,+12.706,+0.935
1703009760,+2.98, +1.686,+12.701,+0.935
1703009880,+2.98, +1.718,+12.685,+0.935
1703010000,+2.98, +1.697,+12.699,+0.935
1703010120,+2.98, +1.708,+12.699,+0.935
1703010240,+2.98, +1.740,+12.664,+0.935
1703010360,+2.98, +1.750,+12.681,+0.935
1703010480,+2.98, +1.750,+12.672,+0.935
1703010600,+2.98, +1.761,+12.678,+0.935
1703010720,+2.98, +1.793,+12.664,+0.935
1703010840,+2.98, +1.783,+12.658,+0.935
1703010960,+2.98, +1.793,+12.666,+0.935
1703011080,+2.98, +1.783,+12.662,+0.935
1703011200,+2.98, +1.793,+12.664,+0.935
1703011320,+2.98, +1.825,+12.651,+0.935
1703011440,+2.98, +1.804,+12.657,+0.935
1703011560,+2.98, +1.815,+12.661,+0.935
1703011680,+2.97, +1.815,+12.659,+0.935
1703011800,+2.98, +1.825,+12.647,+0.935
1703011920,+2.98, +1.836,+12.662,+0.935
1703012040,+2.97, +1.836,+12.653,+0.935
1703012160,+2.97, +1.847,+12.657,+0.935
1703012280,+2.97, +1.868,+12.636,+0.935
1703012400,+2.97, +1.868,+12.644,+0.935
1703012520,+2.97, +1.857,+12.636,+0.935
1703012640,+2.97, +1.889,+12.645,+0.935
1703012760,+2.97, +1.900,+12.637,+0.935
1703012880,+2.97, +1.900,+12.641,+0.935
1703013000,+2.97, +1.910,+12.637,+0.935
1703013120,+2.97, +1.910,+12.643,+0.935
1703013240,+2.97, +1.932,+12.627,+0.935
1703013360,+2.97, +1.932,+12.619,+0.935
1703013480,+2.97, +1.932,+12.633,+0.935
1703013600,+2.97, +1.932,+12.632,+0.935
1703013720,+2.97, +1.932,+12.637,+0.935
1703013840,+2.97, +1.985,+12.601,+0.935
1703013960,+2.97, +1.942,+12.634,+0.935
1703014080,+2.97, +1.953,+12.632,+0.935
1703014200,+2.97, +1.974,+12.617,+0.935
1703014320,+2.97, +1.953,+12.630,+0.935
1703014440,+2.97, +1.964,+12.615,+0.935
1703014560,+2.97, +1.974,+12.634,+0.936
1703014680,+2.97, +1.985,+12.617,+0.935
1703014800,+2.97, +1.995,+12.621,+0.935
1703014920,+2.97, +1.985,+12.621,+0.935
1703015040,+2.97, +2.017,+12.609,+0.935
1703015160,+2.97, +2.006,+12.617,+0.935
1703015280,+2.97, +1.995,+12.608,+0.935
1703015400,+2.97, +2.006,+12.607,+0.935
1703015520,+2.97, +1.995,+12.621,+0.935
1703015640,+2.97, +2.027,+12.607,+0.935
1703015760,+2.97, +2.006,+12.621,+0.935
1703015880,+2.97, +2.006,+12.609,+0.935
1703016000,+2.97, +1.995,+12.619,+0.935
1703016120,+2.97, +2.006,+12.602,+0.935
1703016240,+2.97, +2.017,+12.614,+0.935
1703016360,+2.97, +2.006,+12.623,+0.935
1703016480,+2.97, +1.995,+12.617,+0.935
1703016600,+2.97, +2.038,+12.590,+0.935
1703016720,+2.97, +2.017,+12.602,+0.935
1703016840,+2.97, +2.006,+12.614,+0.935
1703016960,+2.97, +2.027,+12.592,+0.935
1703017080,+2.97, +2.027,+12.604,+0.935
1703017200,+2.97, +2.017,+12.622,+0.935
1703017320,+2.97, +2.038,+12.608,+0.935
1703017440,+2.97, +2.038,+12.614,+0.935
1703017560,+2.97, +2.059,+12.594,+0.935
1703017680,+2.97, +2.059,+12.586,+0.935
1703017800,+2.97, +2.027,+12.610,+0.935
1703017920,+2.97, +2.017,+12.615,+0.935
1703018040,+2.97, +2.038,+12.594,+0.935
1703018160,+2.97, +2.017,+12.619,+0.936
1703018280,+2.97, +2.017,+12.617,+0.935
1703018400,+2.97, +2.017,+12.615,+0.935
1703018520,+2.97, +2.006,+12.612,+0.935
1703018640,+2.97, +1.985,+12.629,+0.935
1703018760,+2.97, +1.985,+12.620,+0.935
1703018880,+2.97, +1.985,+12.631,+0.935
1703019000,+2.97, +2.017,+12.611,+0.935
1703019120,+2.97, +2.006,+12.610,+0.935
1703019240,+2.97, +1.985,+12.629,+0.935
1703019360,+2.97, +1.995,+12.621,+0.935
1703019480,+2.97, +1.995,+12.617,+0.935
1703019600,+2.97, +1.995,+12.627,+0.935
1703019720,+2.97, +1.964,+12.644,+0.935
1703019840,+2.97, +1.995,+12.619,+0.935
1703019960,+2.97, +1.985,+12.617,+0.935
1703020080,+2.97, +1.985,+12.633,+0.935
1703020200,+2.97, +1.964,+12.658,+0.936
1703020320,+2.97, +1.974,+12.637,+0.935
1703020440,+2.97, +1.985,+12.633,+0.935
1703020560,+2.97, +1.985,+12.627,+0.935
1703020680,+2.97, +1.974,+12.633,+0.935
1703020800,+2.97, +1.964,+12.633,+0.935
1703020920,+2.97, +1.953,+12.636,+0.935
1703021040,+2.97, +1.942,+12.636,+0.935
1703021160,+2.97, +1.921,+12.662,+0.935
1703021280,+2.97, +1.932,+12.646,+0.935
1703021400,+2.97, +1.932,+12.638,+0.935
1703021520,+2.97, +1.964,+12.624,+0.935
1703021640,+2.97, +1.932,+12.648,+0.935
1703021760,+2.97, +1.932,+12.646,+0.935
1703021880,+2.97, +1.953,+12.638,+0.935
1703022000,+2.97, +1.953,+12.638,+0.935
1703022120,+2.97, +1.974,+12.629,+0.935
1703022240,+2.97, +1.974,+12.629,+0.935
1703022360,+2.97, +1.974,+12.625,+0.935
1703022480,+2.97, +1.985,+12.635,+0.935
1703022600,+2.97, +1.974,+12.625,+0.935
1703022720,+2.97, +1.985,+12.622,+0.935
1703022840,+2.97, +1.995,+12.626,+0.935
1703022960,+2.97, +1.995,+12.631,+0.935
1703023080,+2.97, +2.006,+12.632,+0.935
1703023200,+2.97, +2.017,+12.624,+0.935
1703023320,+2.97, +2.027,+12.619,+0.935
1703023440,+2.97, +2.027,+12.626,+0.935
1703023560,+2.97, +2.049,+12.612,+0.935
1703023680,+2.97, +2.070,+12.611,+0.935
1703023800,+2.97, +2.080,+12.594,+0.935
1703023920,+2.97, +2.091,+12.598,+0.935
1703024040,+2.97, +2.102,+12.602,+0.935
1703024160,+2.97, +2.102,+12.608,+0.935
1703024280,+2.97, +2.091,+12.608,+0.935
1703024400,+2.97, +2.133,+12.589,+0.935
1703024520,+2.97, +2.144,+12.583,+0.935
1703024640,+2.97, +2.144,+12.593,+0.935
1703024760,+2.97, +2.165,+12.590,+0.935
1703024880,+2.97, +2.186,+12.590,+0.936
1703025000,+2.97, +2.197,+12.587,+0.936
1703025120,+2.97, +2.197,+12.581,+0.935
1703025240,+2.97, +2.218,+12.569,+0.935
1703025360,+2.97, +2.218,+12.574,+0.935
1703025480,+2.97, +2.250,+12.574,+0.936
1703025600,+2.97, +2.260,+12.563,+0.935
1703025720,+2.97, +2.281,+12.540,+0.935
1703025840,+2.97, +2.313,+12.540,+0.935
1703025960,+2.97, +2.303,+12.560,+0.936
1703026080,+2.97, +2.313,+12.547,+0.935
1703026200,+2.97, +2.313,+12.551,+0.935
1703026320,+2.97, +2.324,+12.533,+0.935
1703026440,+2.97, +2.324,+12.543,+0.935
1703026560,+2.97, +2.303,+12.564,+0.936
1703026680,+2.97, +2.334,+12.542,+0.935
1703026800,+2.97, +2.355,+12.524,+0.935
1703026920,+2.97, +2.334,+12.546,+0.935
1703027040,+2.97, +2.345,+12.540,+0.935
1703027160,+2.97, +2.345,+12.540,+0.935
1703027280,+2.97, +2.366,+12.531,+0.935
1703027400,+2.97, +2.366,+12.537,+0.935
1703027520,+2.97, +2.366,+12.537,+0.935
1703027640,+2.97, +2.366,+12.535,+0.935
1703027760,+2.97, +2.366,+12.542,+0.936
1703027880,+2.97, +2.366,+12.541,+0.935
1703028000,+2.97, +2.355,+12.546,+0.936
1703028120,+2.97, +2.376,+12.525,+0.935
1703028240,+2.97, +2.387,+12.526,+0.935
1703028360,+2.97, +2.376,+12.537,+0.936
1703028480,+2.97, +2.387,+12.536,+0.935
1703028600,+2.97, +2.376,+12.539,+0.936
1703028720,+2.97, +2.398,+12.530,+0.935
1703028840,+2.97, +2.376,+12.535,+0.935
1703028960,+2.97, +2.387,+12.545,+0.936
1703029080,+2.97, +2.408,+12.519,+0.935
1703029200,+2.97, +2.366,+12.538,+0.935
1703029320,+2.97, +2.398,+12.525,+0.935
1703029440,+2.97, +2.398,+12.521,+0.935
1703029560,+2.97, +2.398,+12.536,+0.935
1703029680,+2.97, +2.387,+12.540,+0.935
1703029800,+2.97, +2.419,+12.525,+0.935
1703029920,+2.97, +2.419,+12.521,+0.935
1703030040,+2.97, +2.408,+12.537,+0.935
1703030160,+2.97, +2.398,+12.536,+0.935
1703030280,+2.97, +2.408,+12.535,+0.935
1703030400,+2.97, +2.429,+12.527,+0.935
1703030520,+2.97, +2.429,+12.529,+0.935
1703030640,+2.97, +2.440,+12.531,+0.936
1703030760,+2.97, +2.398,+12.531,+0.935
1703030880,+2.97, +2.408,+12.543,+0.935
1703031000,+2.97, +2.398,+12.544,+0.935
1703031120,+2.97, +2.419,+12.537,+0.936
1703031240,+2.97, +2.419,+12.531,+0.935
1703031360,+2.97, +2.419,+12.531,+0.935
1703031480,+2.97, +2.398,+12.558,+0.936
1703031600,+2.97, +2.398,+12.547,+0.935
1703031720,+2.97, +2.398,+12.558,+0.936
1703031840,+2.97, +2.408,+12.541,+0.935
1703031960,+2.97, +2.408,+12.539,+0.935
1703032080,+2.97, +2.387,+12.560,+0.936
1703032200,+2.97, +2.408,+12.537,+0.935
1703032320,+2.97, +2.387,+12.556,+0.936
1703032440,+2.97, +2.408,+12.533,+0.935
1703032560,+2.97, +2.376,+12.540,+0.935
1703032680,+2.97, +2.387,+12.546,+0.935
1703032800,+2.97, +2.376,+12.548,+0.935
1703032920,+2.97, +2.387,+12.542,+0.935
1703033040,+2.97, +2.387,+12.544,+0.935
1703033160,+2.97, +2.376,+12.554,+0.935
1703033280,+2.97, +2.355,+12.571,+0.936
1703033400,+2.97, +2.355,+12.570,+0.936
1703033520,+2.97, +2.345,+12.565,+0.935
1703033640,+2.97, +2.334,+12.572,+0.935
1703033760,+2.97, +2.355,+12.565,+0.935
1703033880,+2.97, +2.355,+12.559,+0.935
1703034000,+2.97, +2.313,+12.584,+0.935
1703034120,+2.97, +2.324,+12.563,+0.935
1703034240,+2.97, +2.334,+12.561,+0.935
1703034360,+2.97, +2.313,+12.580,+0.935
1703034480,+2.97, +2.324,+12.572,+0.935
1703034600,+2.97, +2.303,+12.582,+0.935
1703034720,+2.97, +2.303,+12.587,+0.935
1703034840,+2.97, +2.281,+12.568,+0.934
1703034960,+2.97, +2.292,+12.585,+0.935
1703035080,+2.97, +2.281,+12.583,+0.935
1703035200,+2.97, +2.260,+12.593,+0.935
1703035320,+2.97, +2.260,+12.581,+0.935
1703035440,+2.97, +2.250,+12.604,+0.936
1703035560,+2.97, +2.250,+12.598,+0.935
1703035680,+2.97, +2.218,+12.619,+0.935
1703035800,+2.97, +2.239,+12.598,+0.935
1703035920,+2.97, +2.207,+12.625,+0.936
1703036040,+2.97, +2.207,+12.619,+0.935
1703036160,+2.97, +2.207,+12.607,+0.935
1703036280,+2.97, +2.207,+12.631,+0.936
1703036400,+2.97, +2.197,+12.613,+0.935
1703036520,+2.97, +2.176,+12.619,+0.935
1703036640,+2.97, +2.165,+12.631,+0.935
1703036760,+2.97, +2.155,+12.639,+0.935
1703036880,+2.97, +2.165,+12.635,+0.936
1703037000,+2.97, +2.144,+12.635,+0.935
1703037120,+2.97, +2.155,+12.627,+0.935
1703037240,+2.97, +2.123,+12.645,+0.935
1703037360,+2.97, +2.102,+12.668,+0.936
1703037480,+2.97, +2.123,+12.642,+0.935
1703037600,+2.97, +2.112,+12.638,+0.935
1703037720,+2.97, +2.091,+12.648,+0.935
1703037840,+2.97, +2.091,+12.660,+0.935
1703037960,+2.97, +2.112,+12.648,+0.935
1703038080,+2.97, +2.080,+12.655,+0.935
1703038200,+2.97, +2.070,+12.649,+0.935
1703038320,+2.97, +2.049,+12.665,+0.935
1703038440,+2.97, +2.049,+12.658,+0.935
1703038560,+2.97, +2.027,+12.670,+0.935
