7450-401396
OS REV: 1.05 Sensor Cal: 1618512290
Time (sec),  BV (Volts),  T (deg C),  DO (mg/l),  Q ()
1702433040,+2.98, +4.298,+12.002,+0.936
1702433160,+2.98, +4.278,+12.015,+0.936
1702433280,+2.98, +4.268,+12.005,+0.936
1702433400,+2.98, +4.258,+12.022,+0.936
1702433520,+2.98, +4.268,+12.009,+0.936
1702433640,+2.98, +4.237,+12.020,+0.936
1702433760,+2.98, +4.227,+12.028,+0.936
1702433880,+2.98, +4.227,+12.025,+0.936
1702434000,+2.98, +4.217,+12.028,+0.936
1702434120,+2.98, +4.197,+12.052,+0.937
1702434240,+2.98, +4.207,+12.033,+0.936
1702434360,+2.98, +4.197,+12.039,+0.936
1702434480,+2.98, +4.207,+12.035,+0.936
1702434600,+2.98, +4.186,+12.036,+0.936
1702434720,+2.98, +4.176,+12.045,+0.936
1702434840,+2.98, +4.156,+12.055,+0.936
1702434960,+2.98, +4.176,+12.056,+0.937
1702435080,+2.98, +4.146,+12.068,+0.937
1702435200,+2.98, +4.136,+12.073,+0.937
1702435320,+2.98, +4.146,+12.061,+0.936
1702435440,+2.98, +4.136,+12.058,+0.936
1702435560,+2.98, +4.126,+12.061,+0.936
1702435680,+2.98, +4.126,+12.053,+0.936
1702435800,+2.98, +4.095,+12.073,+0.936
1702435920,+2.98, +4.085,+12.083,+0.936
1702436040,+2.98, +4.075,+12.089,+0.936
1702436160,+2.98, +4.075,+12.084,+0.937
1702436280,+2.98, +4.085,+12.066,+0.936
1702436400,+2.98, +4.054,+12.088,+0.936
1702436520,+2.98, +4.064,+12.094,+0.937
1702436640,+2.98, +4.034,+12.094,+0.936
1702436760,+2.98, +4.003,+12.112,+0.936
1702436880,+2.98, +4.024,+12.091,+0.936
1702437000,+2.98, +4.024,+12.099,+0.936
1702437120,+2.98, +4.003,+12.119,+0.937
1702437240,+2.98, +4.014,+12.102,+0.936
1702437360,+2.98, +3.983,+12.114,+0.936
1702437480,+2.98, +3.973,+12.115,+0.936
1702437600,+2.98, +3.983,+12.112,+0.936
1702437720,+2.98, +3.983,+12.111,+0.936
1702437840,+2.98, +3.952,+12.120,+0.936
1702437960,+2.98, +3.983,+12.107,+0.936
1702438080,+2.98, +3.952,+12.112,+0.936
1702438200,+2.98, +3.952,+12.106,+0.936
1702438320,+2.98, +3.912,+12.129,+0.936
1702438440,+2.98, +3.901,+12.138,+0.936
1702438560,+2.98, +3.891,+12.149,+0.936
1702438680,+2.98, +3.901,+12.136,+0.936
1702438800,+2.98, +3.871,+12.146,+0.936
1702438920,+2.98, +3.871,+12.142,+0.936
1702439040,+2.98, +3.871,+12.144,+0.936
1702439160,+2.97, +3.850,+12.160,+0.936
1702439280,+2.97, +3.860,+12.158,+0.937
1702439400,+2.97, +3.830,+12.163,+0.936
1702439520,+2.97, +3.830,+12.161,+0.936
1702439640,+2.97, +3.809,+12.175,+0.937
1702439760,+2.97, +3.809,+12.161,+0.936
1702439880,+2.97, +3.809,+12.167,+0.936
1702440000,+2.97, +3.779,+12.175,+0.936
1702440120,+2.97, +3.768,+12.165,+0.936
1702440240,+2.97, +3.758,+12.182,+0.936
1702440360,+2.97, +3.748,+12.179,+0.936
1702440480,+2.97, +3.738,+12.186,+0.936
1702440600,+2.97, +3.717,+12.195,+0.936
1702440720,+2.97, +3.717,+12.202,+0.936
1702440840,+2.97, +3.707,+12.198,+0.936
1702440960,+2.97, +3.697,+12.195,+0.936
1702441080,+2.97, +3.686,+12.208,+0.936
1702441200,+2.97, +3.686,+12.203,+0.936
1702441320,+2.97, +3.656,+12.216,+0.936
1702441440,+2.97, +3.656,+12.207,+0.936
1702441560,+2.97, +3.645,+12.216,+0.936
1702441680,+2.97, +3.625,+12.236,+0.936
1702441800,+2.97, +3.594,+12.230,+0.936
1702441920,+2.97, +3.615,+12.223,+0.936
1702442040,+2.97, +3.594,+12.232,+0.936
1702442160,+2.97, +3.563,+12.250,+0.936
1702442280,+2.97, +3.553,+12.253,+0.936
1702442400,+2.97, +3.543,+12.249,+0.936
1702442520,+2.97, +3.543,+12.256,+0.936
1702442640,+2.97, +3.522,+12.259,+0.936
1702442760,+2.97, +3.512,+12.272,+0.937
1702442880,+2.97, +3.522,+12.263,+0.936
1702443000,+2.98, +3.481,+12.273,+0.936
1702443120,+2.97, +3.491,+12.267,+0.936
1702443240,+2.97, +3.491,+12.256,+0.936
1702443360,+2.98, +3.460,+12.280,+0.936
1702443480,+2.98, +3.450,+12.277,+0.936
1702443600,+2.98, +3.450,+12.273,+0.936
1702443720,+2.98, +3.440,+12.284,+0.936
1702443840,+2.98, +3.419,+12.289,+0.936
1702443960,+2.98, +3.419,+12.285,+0.936
1702444080,+2.98, +3.419,+12.279,+0.936
1702444200,+2.98, +3.409,+12.290,+0.936
1702444320,+2.98, +3.398,+12.282,+0.936
1702444440,+2.98, +3.409,+12.292,+0.936
1702444560,+2.98, +3.378,+12.299,+0.936
1702444680,+2.98, +3.367,+12.306,+0.936
1702444800,+2.98, +3.347,+12.313,+0.936
1702444920,+2.98, +3.347,+12.320,+0.936
1702445040,+2.98, +3.378,+12.297,+0.936
1702445160,+2.98, +3.336,+12.318,+0.936
1702445280,+2.98, +3.305,+12.321,+0.936
1702445400,+2.98, +3.295,+12.330,+0.936
1702445520,+2.98, +3.285,+12.339,+0.936
1702445640,+2.98, +3.305,+12.326,+0.936
1702445760,+2.98, +3.285,+12.333,+0.936
1702445880,+2.98, +3.295,+12.330,+0.936
1702446000,+2.98, +3.274,+12.334,+0.936
1702446120,+2.98, +3.264,+12.342,+0.936
1702446240,+2.98, +3.243,+12.347,+0.936
1702446360,+2.98, +3.243,+12.353,+0.936
1702446480,+2.98, +3.233,+12.343,+0.936
1702446600,+2.98, +3.212,+12.356,+0.936
1702446720,+2.98, +3.212,+12.359,+0.936
1702446840,+2.98, +3.192,+12.364,+0.936
1702446960,+2.98, +3.192,+12.362,+0.936
1702447080,+2.98, +3.192,+12.358,+0.936
1702447200,+2.98, +3.171,+12.361,+0.936
1702447320,+2.98, +3.160,+12.376,+0.936
1702447440,+2.98, +3.150,+12.366,+0.936
1702447560,+2.98, +3.129,+12.375,+0.936
1702447680,+2.98, +3.109,+12.380,+0.936
1702447800,+2.98, +3.109,+12.383,+0.936
1702447920,+2.98, +3.109,+12.373,+0.936
1702448040,+2.98, +3.077,+12.405,+0.936
1702448160,+2.98, +3.057,+12.406,+0.936
1702448280,+2.98, +3.057,+12.408,+0.936
1702448400,+2.98, +3.057,+12.402,+0.936
1702448520,+2.98, +3.025,+12.403,+0.936
1702448640,+2.98, +3.015,+12.418,+0.936
1702448760,+2.98, +3.015,+12.419,+0.936
1702448880,+2.98, +2.984,+12.426,+0.936
1702449000,+2.98, +2.973,+12.427,+0.936
1702449120,+2.98, +2.973,+12.440,+0.936
1702449240,+2.98, +2.963,+12.436,+0.936
1702449360,+2.98, +2.963,+12.428,+0.936
1702449480,+2.98, +2.973,+12.425,+0.936
1702449600,+2.98, +2.942,+12.445,+0.936
1702449720,+2.98, +2.942,+12.435,+0.936
1702449840,+2.98, +2.932,+12.441,+0.936
1702449960,+2.98, +2.921,+12.433,+0.935
1702450080,+2.98, +2.921,+12.448,+0.936
1702450200,+2.98, +2.901,+12.451,+0.936
1702450320,+2.98, +2.901,+12.455,+0.936
1702450440,+2.98, +2.880,+12.449,+0.935
1702450560,+2.98, +2.869,+12.456,+0.936
1702450680,+2.98, +2.880,+12.462,+0.936
1702450800,+2.98, +2.869,+12.458,+0.936
1702450920,+2.98, +2.848,+12.468,+0.936
1702451040,+2.98, +2.827,+12.485,+0.936
1702451160,+2.98, +2.838,+12.458,+0.935
1702451280,+2.98, +2.807,+12.481,+0.936
1702451400,+2.98, +2.817,+12.479,+0.936
1702451520,+2.98, +2.786,+12.484,+0.936
1702451640,+2.98, +2.796,+12.474,+0.936
1702451760,+2.98, +2.754,+12.513,+0.936
1702451880,+2.98, +2.754,+12.493,+0.935
1702452000,+2.98, +2.765,+12.506,+0.936
1702452120,+2.98, +2.754,+12.491,+0.936
1702452240,+2.98, +2.733,+12.504,+0.936
1702452360,+2.98, +2.723,+12.511,+0.936
1702452480,+2.98, +2.744,+12.506,+0.936
1702452600,+2.98, +2.723,+12.505,+0.936
1702452720,+2.98, +2.713,+12.513,+0.936
1702452840,+2.98, +2.692,+12.522,+0.936
1702452960,+2.98, +2.692,+12.518,+0.936
1702453080,+2.98, +2.681,+12.531,+0.936
1702453200,+2.98, +2.702,+12.508,+0.936
1702453320,+2.98, +2.660,+12.525,+0.936
1702453440,+2.98, +2.671,+12.521,+0.936
1702453560,+2.98, +2.639,+12.526,+0.935
1702453680,+2.98, +2.650,+12.521,+0.935
1702453800,+2.98, +2.629,+12.531,+0.935
1702453920,+2.98, +2.629,+12.533,+0.936
1702454040,+2.98, +2.597,+12.550,+0.936
1702454160,+2.98, +2.597,+12.554,+0.936
1702454280,+2.98, +2.597,+12.556,+0.936
1702454400,+2.98, +2.566,+12.569,+0.936
1702454520,+2.98, +2.587,+12.544,+0.935
1702454640,+2.98, +2.608,+12.544,+0.936
1702454760,+2.98, +2.587,+12.544,+0.935
1702454880,+2.98, +2.545,+12.568,+0.936
1702455000,+2.98, +2.545,+12.572,+0.936
1702455120,+2.98, +2.534,+12.574,+0.936
1702455240,+2.98, +2.545,+12.566,+0.936
1702455360,+2.98, +2.534,+12.558,+0.935
1702455480,+2.98, +2.513,+12.579,+0.936
1702455600,+2.97, +2.503,+12.581,+0.936
1702455720,+2.97, +2.503,+12.576,+0.936
1702455840,+2.97, +2.492,+12.580,+0.935
1702455960,+2.97, +2.482,+12.586,+0.936
1702456080,+2.97, +2.471,+12.589,+0.936
1702456200,+2.97, +2.450,+12.599,+0.936
1702456320,+2.97, +2.450,+12.602,+0.936
1702456440,+2.97, +2.429,+12.612,+0.936
1702456560,+2.97, +2.429,+12.608,+0.936
1702456680,+2.97, +2.429,+12.594,+0.935
1702456800,+2.97, +2.408,+12.617,+0.936
1702456920,+2.97, +2.419,+12.603,+0.936
1702457040,+2.97, +2.408,+12.613,+0.936
1702457160,+2.97, +2.408,+12.611,+0.936
1702457280,+2.97, +2.387,+12.618,+0.936
1702457400,+2.97, +2.355,+12.637,+0.936
1702457520,+2.97, +2.398,+12.601,+0.935
1702457640,+2.98, +2.387,+12.606,+0.935
1702457760,+2.97, +2.376,+12.611,+0.936
1702457880,+2.97, +2.334,+12.625,+0.935
1702458000,+2.97, +2.355,+12.610,+0.935
1702458120,+2.97, +2.355,+12.623,+0.936
1702458240,+2.98, +2.313,+12.634,+0.935
1702458360,+2.98, +2.303,+12.640,+0.935
1702458480,+2.97, +2.292,+12.653,+0.936
1702458600,+2.98, +2.303,+12.634,+0.935
1702458720,+2.98, +2.281,+12.637,+0.935
1702458840,+2.98, +2.239,+12.660,+0.935
1702458960,+2.98, +2.271,+12.641,+0.935
1702459080,+2.98, +2.260,+12.652,+0.935
1702459200,+2.98, +2.250,+12.660,+0.936
1702459320,+2.98, +2.239,+12.662,+0.935
1702459440,+2.98, +2.250,+12.646,+0.935
1702459560,+2.98, +2.229,+12.660,+0.935
1702459680,+2.98, +2.239,+12.654,+0.935
1702459800,+2.98, +2.218,+12.665,+0.935
1702459920,+2.98, +2.207,+12.675,+0.936
1702460040,+2.98, +2.207,+12.667,+0.935
1702460160,+2.98, +2.197,+12.667,+0.935
1702460280,+2.98, +2.197,+12.665,+0.935
1702460400,+2.98, +2.207,+12.665,+0.935
1702460520,+2.98, +2.197,+12.678,+0.936
1702460640,+2.98, +2.197,+12.660,+0.935
1702460760,+2.98, +2.186,+12.670,+0.935
1702460880,+2.98, +2.186,+12.676,+0.936
1702461000,+2.98, +2.165,+12.674,+0.935
1702461120,+2.98, +2.165,+12.674,+0.935
1702461240,+2.98, +2.165,+12.675,+0.935
1702461360,+2.98, +2.144,+12.687,+0.935
1702461480,+2.98, +2.144,+12.693,+0.935
1702461600,+2.98, +2.133,+12.697,+0.935
1702461720,+2.98, +2.155,+12.691,+0.936
1702461840,+2.98, +2.144,+12.687,+0.935
1702461960,+2.98, +2.144,+12.669,+0.935
1702462080,+2.98, +2.144,+12.685,+0.935
1702462200,+2.98, +2.155,+12.669,+0.935
1702462320,+2.98, +2.123,+12.694,+0.935
1702462440,+2.98, +2.133,+12.688,+0.935
1702462560,+2.98, +2.133,+12.691,+0.935
1702462680,+2.98, +2.133,+12.688,+0.935
1702462800,+2.98, +2.133,+12.683,+0.935
1702462920,+2.98, +2.133,+12.688,+0.935
1702463040,+2.98, +2.144,+12.673,+0.935
1702463160,+2.98, +2.112,+12.686,+0.935
1702463280,+2.98, +2.133,+12.681,+0.935
1702463400,+2.98, +2.123,+12.681,+0.935
1702463520,+2.98, +2.144,+12.669,+0.935
1702463640,+2.98, +2.144,+12.673,+0.935
1702463760,+2.98, +2.133,+12.691,+0.935
1702463880,+2.98, +2.123,+12.706,+0.936
1702464000,+2.98, +2.133,+12.686,+0.935
1702464120,+2.98, +2.133,+12.681,+0.935
1702464240,+2.98, +2.102,+12.688,+0.935
1702464360,+2.98, +2.133,+12.685,+0.935
1702464480,+2.98, +2.123,+12.698,+0.936
1702464600,+2.98, +2.112,+12.704,+0.935
1702464720,+2.98, +2.123,+12.692,+0.935
1702464840,+2.98, +2.123,+12.696,+0.936
1702464960,+2.98, +2.123,+12.696,+0.936
1702465080,+2.98, +2.123,+12.688,+0.935
1702465200,+2.98, +2.133,+12.687,+0.935
1702465320,+2.98, +2.123,+12.697,+0.935
1702465440,+2.98, +2.144,+12.677,+0.935
1702465560,+2.98, +2.123,+12.697,+0.935
1702465680,+2.98, +2.123,+12.695,+0.935
1702465800,+2.98, +2.123,+12.700,+0.935
1702465920,+2.98, +2.133,+12.695,+0.936
1702466040,+2.98, +2.144,+12.691,+0.935
1702466160,+2.98, +2.133,+12.699,+0.935
1702466280,+2.98, +2.123,+12.704,+0.936
1702466400,+2.98, +2.133,+12.693,+0.935
1702466520,+2.98, +2.133,+12.701,+0.935
1702466640,+2.98, +2.155,+12.687,+0.935
1702466760,+2.98, +2.144,+12.689,+0.935
1702466880,+2.98, +2.155,+12.686,+0.935
1702467000,+2.98, +2.165,+12.693,+0.936
1702467120,+2.98, +2.123,+12.707,+0.936
1702467240,+2.98, +2.165,+12.676,+0.935
1702467360,+2.98, +2.144,+12.697,+0.936
1702467480,+2.98, +2.133,+12.697,+0.935
1702467600,+2.98, +2.165,+12.681,+0.935
1702467720,+2.98, +2.133,+12.705,+0.936
1702467840,+2.98, +2.155,+12.693,+0.936
1702467960,+2.98, +2.165,+12.678,+0.935
1702468080,+2.98, +2.165,+12.687,+0.936
1702468200,+2.98, +2.133,+12.699,+0.935
1702468320,+2.98, +2.155,+12.683,+0.935
1702468440,+2.98, +2.144,+12.689,+0.935
1702468560,+2.98, +2.155,+12.691,+0.936
1702468680,+2.98, +2.155,+12.697,+0.936
1702468800,+2.98, +2.165,+12.674,+0.935
1702468920,+2.98, +2.155,+12.686,+0.935
1702469040,+2.98, +2.144,+12.693,+0.935
1702469160,+2.98, +2.155,+12.680,+0.935
1702469280,+2.98, +2.155,+12.688,+0.935
1702469400,+2.98, +2.176,+12.676,+0.935
1702469520,+2.98, +2.155,+12.689,+0.936
1702469640,+2.98, +2.155,+12.679,+0.935
1702469760,+2.98, +2.165,+12.678,+0.935
1702469880,+2.98, +2.165,+12.678,+0.935
1702470000,+2.98, +2.165,+12.678,+0.935
1702470120,+2.98, +2.155,+12.696,+0.935
1702470240,+2.98, +2.176,+12.673,+0.935
1702470360,+2.98, +2.176,+12.686,+0.936
1702470480,+2.98, +2.176,+12.680,+0.935
1702470600,+2.98, +2.176,+12.680,+0.935
1702470720,+2.98, +2.197,+12.674,+0.935
1702470840,+2.98, +2.207,+12.663,+0.935
1702470960,+2.98, +2.186,+12.680,+0.935
1702471080,+2.98, +2.207,+12.655,+0.935
1702471200,+2.98, +2.197,+12.667,+0.935
1702471320,+2.98, +2.207,+12.673,+0.935
1702471440,+2.98, +2.186,+12.677,+0.935
1702471560,+2.98, +2.207,+12.665,+0.935
1702471680,+2.98, +2.229,+12.663,+0.935
1702471800,+2.98, +2.239,+12.654,+0.935
1702471920,+2.98, +2.260,+12.645,+0.935
1702472040,+2.98, +2.229,+12.660,+0.935
1702472160,+2.98, +2.239,+12.662,+0.935
1702472280,+2.98, +2.239,+12.652,+0.935
1702472400,+2.98, +2.260,+12.653,+0.935
1702472520,+2.97, +2.239,+12.645,+0.935
1702472640,+2.98, +2.250,+12.647,+0.935
1702472760,+2.98, +2.260,+12.641,+0.935
1702472880,+2.98, +2.271,+12.643,+0.935
1702473000,+2.98, +2.250,+12.663,+0.935
1702473120,+2.98, +2.271,+12.660,+0.936
1702473240,+2.98, +2.271,+12.659,+0.936
1702473360,+2.98, +2.260,+12.663,+0.936
1702473480,+2.98, +2.281,+12.653,+0.935
1702473600,+2.98, +2.303,+12.632,+0.935
1702473720,+2.98, +2.260,+12.655,+0.935
1702473840,+2.98, +2.281,+12.648,+0.935
1702473960,+2.98, +2.281,+12.667,+0.936
1702474080,+2.98, +2.281,+12.655,+0.936
1702474200,+2.98, +2.271,+12.656,+0.935
1702474320,+2.98, +2.271,+12.663,+0.936
1702474440,+2.98, +2.313,+12.644,+0.936
1702474560,+2.98, +2.303,+12.638,+0.935
1702474680,+2.97, +2.303,+12.626,+0.935
1702474800,+2.98, +2.292,+12.640,+0.935
1702474920,+2.98, +2.303,+12.644,+0.935
1702475040,+2.98, +2.313,+12.624,+0.935
1702475160,+2.98, +2.313,+12.636,+0.935
1702475280,+2.98, +2.324,+12.631,+0.935
1702475400,+2.98, +2.324,+12.636,+0.936
1702475520,+2.97, +2.313,+12.635,+0.935
1702475640,+2.97, +2.313,+12.634,+0.935
1702475760,+2.98, +2.334,+12.631,+0.936
1702475880,+2.97, +2.345,+12.613,+0.935
1702476000,+2.97, +2.345,+12.621,+0.935
1702476120,+2.97, +2.345,+12.631,+0.936
1702476240,+2.97, +2.387,+12.604,+0.935
1702476360,+2.97, +2.345,+12.623,+0.935
1702476480,+2.97, +2.376,+12.620,+0.936
1702476600,+2.97, +2.355,+12.627,+0.936
1702476720,+2.97, +2.376,+12.612,+0.935
1702476840,+2.97, +2.355,+12.608,+0.935
1702476960,+2.97, +2.366,+12.612,+0.935
1702477080,+2.97, +2.366,+12.606,+0.935
1702477200,+2.97, +2.387,+12.614,+0.936
1702477320,+2.97, +2.387,+12.606,+0.935
1702477440,+2.97, +2.376,+12.618,+0.935
1702477560,+2.97, +2.355,+12.624,+0.935
1702477680,+2.97, +2.376,+12.616,+0.936
1702477800,+2.97, +2.387,+12.611,+0.935
1702477920,+2.97, +2.419,+12.584,+0.935
1702478040,+2.97, +2.398,+12.617,+0.936
1702478160,+2.97, +2.398,+12.617,+0.936
1702478280,+2.97, +2.429,+12.604,+0.936
1702478400,+2.97, +2.429,+12.594,+0.935
1702478520,+2.97, +2.440,+12.598,+0.936
1702478640,+2.97, +2.461,+12.587,+0.935
1702478760,+2.97, +2.482,+12.568,+0.935
1702478880,+2.97, +2.461,+12.587,+0.935
1702479000,+2.97, +2.482,+12.576,+0.935
1702479120,+2.97, +2.492,+12.583,+0.936
1702479240,+2.97, +2.492,+12.576,+0.936
1702479360,+2.97, +2.513,+12.570,+0.936
1702479480,+2.97, +2.503,+12.574,+0.936
1702479600,+2.97, +2.513,+12.567,+0.935
1702479720,+2.97, +2.503,+12.579,+0.935
1702479840,+2.97, +2.534,+12.555,+0.936
1702479960,+2.98, +2.555,+12.560,+0.936
1702480080,+2.98, +2.545,+12.558,+0.935
1702480200,+2.98, +2.566,+12.555,+0.936
1702480320,+2.98, +2.597,+12.542,+0.936
1702480440,+2.98, +2.597,+12.540,+0.936
1702480560,+2.98, +2.618,+12.533,+0.936
1702480680,+2.98, +2.639,+12.527,+0.936
1702480800,+2.98, +2.650,+12.508,+0.935
1702480920,+2.98, +2.650,+12.520,+0.936
1702481040,+2.98, +2.660,+12.524,+0.936
1702481160,+2.98, +2.671,+12.522,+0.936
1702481280,+2.98, +2.681,+12.517,+0.936
1702481400,+2.98, +2.692,+12.503,+0.936
1702481520,+2.98, +2.702,+12.510,+0.936
1702481640,+2.98, +2.702,+12.513,+0.936
1702481760,+2.98, +2.713,+12.500,+0.936
1702481880,+2.98, +2.723,+12.503,+0.936
1702482000,+2.98, +2.733,+12.495,+0.936
1702482120,+2.98, +2.754,+12.480,+0.935
1702482240,+2.98, +2.775,+12.479,+0.936
1702482360,+2.98, +2.775,+12.477,+0.936
1702482480,+2.98, +2.775,+12.482,+0.936
1702482600,+2.98, +2.796,+12.473,+0.936
1702482720,+2.98, +2.807,+12.470,+0.936
1702482840,+2.98, +2.807,+12.472,+0.936
1702482960,+2.98, +2.817,+12.464,+0.936
1702483080,+2.98, +2.796,+12.476,+0.936
1702483200,+2.98, +2.838,+12.448,+0.936
1702483320,+2.98, +2.848,+12.451,+0.936
1702483440,+2.98, +2.869,+12.441,+0.936
1702483560,+2.98, +2.890,+12.429,+0.936
1702483680,+2.98, +2.890,+12.430,+0.936
1702483800,+2.98, +2.869,+12.443,+0.936
1702483920,+2.98, +2.890,+12.439,+0.936
1702484040,+2.98, +2.911,+12.430,+0.936
1702484160,+2.98, +2.911,+12.420,+0.936
1702484280,+2.98, +2.921,+12.415,+0.936
1702484400,+2.98, +2.921,+12.423,+0.936
1702484520,+2.98, +2.942,+12.414,+0.936
1702484640,+2.98, +2.973,+12.395,+0.936
1702484760,+2.98, +2.963,+12.403,+0.936
1702484880,+2.98, +2.963,+12.399,+0.936
1702485000,+2.98, +2.984,+12.400,+0.936
1702485120,+2.98, +3.005,+12.385,+0.936
1702485240,+2.98, +3.005,+12.394,+0.936
1702485360,+2.98, +2.994,+12.394,+0.936
1702485480,+2.98, +3.036,+12.378,+0.936
1702485600,+2.98, +3.036,+12.378,+0.936
1702485720,+2.98, +3.057,+12.367,+0.936
1702485840,+2.98, +3.057,+12.367,+0.936
1702485960,+2.98, +3.057,+12.375,+0.936
1702486080,+2.98, +3.077,+12.357,+0.936
1702486200,+2.98, +3.098,+12.349,+0.936
1702486320,+2.98, +3.098,+12.351,+0.936
1702486440,+2.98, +3.088,+12.359,+0.936
1702486560,+2.98, +3.109,+12.357,+0.936
1702486680,+2.98, +3.129,+12.343,+0.936
1702486800,+2.98, +3.150,+12.334,+0.936
1702486920,+2.98, +3.150,+12.343,+0.936
1702487040,+2.98, +3.150,+12.332,+0.936
1702487160,+2.98, +3.160,+12.330,+0.936
1702487280,+2.98, +3.171,+12.323,+0.936
1702487400,+2.98, +3.192,+12.316,+0.936
1702487520,+2.98, +3.212,+12.293,+0.936
1702487640,+2.98, +3.212,+12.310,+0.937
1702487760,+2.98, +3.243,+12.278,+0.936
1702487880,+2.98, +3.243,+12.283,+0.936
1702488000,+2.98, +3.264,+12.272,+0.936
1702488120,+2.98, +3.274,+12.283,+0.937
1702488240,+2.98, +3.264,+12.278,+0.936
1702488360,+2.98, +3.274,+12.280,+0.936
1702488480,+2.98, +3.295,+12.267,+0.936
1702488600,+2.98, +3.295,+12.271,+0.936
1702488720,+2.98, +3.316,+12.274,+0.937
1702488840,+2.98, +3.326,+12.259,+0.936
1702488960,+2.98, +3.347,+12.241,+0.936
1702489080,+2.98, +3.357,+12.252,+0.937
1702489200,+2.98, +3.367,+12.251,+0.937
1702489320,+2.98, +3.388,+12.227,+0.936
1702489440,+2.98, +3.388,+12.234,+0.936
1702489560,+2.98, +3.419,+12.228,+0.936
1702489680,+2.97, +3.419,+12.216,+0.936
1702489800,+2.98, +3.440,+12.221,+0.936
1702489920,+2.97, +3.440,+12.214,+0.936
1702490040,+2.97, +3.450,+12.224,+0.937
1702490160,+2.97, +3.481,+12.206,+0.937
1702490280,+2.97, +3.501,+12.197,+0.936
1702490400,+2.97, +3.501,+12.188,+0.936
1702490520,+2.97, +3.512,+12.202,+0.936
1702490640,+2.97, +3.543,+12.188,+0.937
1702490760,+2.97, +3.543,+12.183,+0.936
1702490880,+2.97, +3.584,+12.157,+0.936
1702491000,+2.97, +3.584,+12.164,+0.936
1702491120,+2.97, +3.604,+12.165,+0.937
1702491240,+2.97, +3.645,+12.140,+0.937
1702491360,+2.97, +3.635,+12.149,+0.937
1702491480,+2.97, +3.666,+12.143,+0.937
1702491600,+2.97, +3.697,+12.131,+0.937
1702491720,+2.97, +3.717,+12.119,+0.937
1702491840,+2.97, +3.717,+12.115,+0.937
1702491960,+2.97, +3.758,+12.094,+0.936
1702492080,+2.97, +3.779,+12.080,+0.936
1702492200,+2.97, +3.799,+12.081,+0.936
1702492320,+2.97, +3.820,+12.078,+0.937
1702492440,+2.97, +3.850,+12.066,+0.937
1702492560,+2.97, +3.891,+12.045,+0.937
1702492680,+2.98, +3.901,+12.050,+0.937
1702492800,+2.98, +3.932,+12.034,+0.937
1702492920,+2.98, +3.952,+12.043,+0.937
1702493040,+2.98, +3.973,+12.019,+0.937
1702493160,+2.98, +3.973,+12.022,+0.937
1702493280,+2.98, +4.003,+12.010,+0.937
1702493400,+2.98, +4.044,+12.002,+0.937
1702493520,+2.98, +4.075,+12.000,+0.937
1702493640,+2.98, +4.105,+11.974,+0.937
1702493760,+2.98, +4.115,+11.971,+0.937
1702493880,+2.98, +4.126,+11.969,+0.937
1702494000,+2.98, +4.197,+11.943,+0.937
1702494120,+2.98, +4.207,+11.932,+0.936
1702494240,+2.98, +4.247,+11.927,+0.937
1702494360,+2.98, +4.247,+11.937,+0.937
1702494480,+2.98, +4.288,+11.920,+0.937
1702494600,+2.98, +4.328,+11.891,+0.936
1702494720,+2.98, +4.318,+11.905,+0.937
1702494840,+2.98, +4.369,+11.885,+0.937
1702494960,+2.98, +4.399,+11.880,+0.937
1702495080,+2.98, +4.399,+11.895,+0.937
1702495200,+2.98, +4.430,+11.880,+0.937
1702495320,+2.98, +4.450,+11.876,+0.937
1702495440,+2.98, +4.510,+11.842,+0.937
1702495560,+2.98, +4.510,+11.843,+0.937
1702495680,+2.97, +4.541,+11.844,+0.937
1702495800,+2.97, +4.581,+11.826,+0.937
1702495920,+2.97, +4.601,+11.824,+0.937
1702496040,+2.97, +4.621,+11.820,+0.937
1702496160,+2.97, +4.661,+11.810,+0.937
1702496280,+2.97, +4.672,+11.804,+0.937
1702496400,+2.97, +4.712,+11.780,+0.937
1702496520,+2.97, +4.742,+11.776,+0.937
1702496640,+2.97, +4.762,+11.764,+0.937
1702496760,+2.97, +4.792,+11.760,+0.937
1702496880,+2.97, +4.812,+11.760,+0.937
1702497000,+2.97, +4.822,+11.760,+0.937
1702497120,+2.97, +4.872,+11.748,+0.938
1702497240,+2.97, +4.892,+11.732,+0.937
1702497360,+2.97, +4.912,+11.725,+0.937
1702497480,+2.97, +4.912,+11.733,+0.937
1702497600,+2.97, +4.962,+11.717,+0.937
1702497720,+2.97, +5.002,+11.702,+0.937
1702497840,+2.97, +5.012,+11.704,+0.937
1702497960,+2.97, +5.032,+11.692,+0.937
1702498080,+2.97, +5.062,+11.686,+0.937
1702498200,+2.97, +5.092,+11.664,+0.937
1702498320,+2.97, +5.082,+11.677,+0.937
1702498440,+2.97, +5.132,+11.669,+0.937
1702498560,+2.97, +5.112,+11.679,+0.937
1702498680,+2.97, +5.162,+11.661,+0.937
1702498800,+2.97, +5.192,+11.648,+0.937
1702498920,+2.97, +5.222,+11.636,+0.937
1702499040,+2.98, +5.251,+11.625,+0.937
1702499160,+2.98, +5.232,+11.652,+0.938
1702499280,+2.98, +5.261,+11.632,+0.937
1702499400,+2.98, +5.271,+11.640,+0.937
1702499520,+2.98, +5.301,+11.638,+0.937
1702499640,+2.98, +5.331,+11.643,+0.938
1702499760,+2.98, +5.331,+11.636,+0.937
1702499880,+2.98, +5.361,+11.618,+0.937
1702500000,+2.98, +5.371,+11.621,+0.937
1702500120,+2.98, +5.410,+11.609,+0.937
1702500240,+2.98, +5.420,+11.615,+0.938
1702500360,+2.98, +5.420,+11.607,+0.937
1702500480,+2.98, +5.460,+11.591,+0.937
1702500600,+2.98, +5.490,+11.577,+0.937
1702500720,+2.98, +5.480,+11.587,+0.937
1702500840,+2.98, +5.490,+11.596,+0.938
1702500960,+2.98, +5.519,+11.583,+0.937
1702501080,+2.98, +5.519,+11.574,+0.937
1702501200,+2.98, +5.529,+11.576,+0.937
1702501320,+2.98, +5.549,+11.570,+0.937
1702501440,+2.98, +5.598,+11.550,+0.937
1702501560,+2.98, +5.598,+11.557,+0.937
1702501680,+2.97, +5.598,+11.558,+0.937
1702501800,+2.97, +5.628,+11.543,+0.937
1702501920,+2.97, +5.618,+11.559,+0.938
1702502040,+2.97, +5.657,+11.565,+0.937
1702502160,+2.97, +5.657,+11.571,+0.937
1702502280,+2.97, +5.667,+11.574,+0.937
1702502400,+2.97, +5.687,+11.557,+0.937
1702502520,+2.97, +5.687,+11.564,+0.937
1702502640,+2.97, +5.707,+11.548,+0.937
1702502760,+2.97, +5.717,+11.548,+0.937
1702502880,+2.97, +5.736,+11.521,+0.936
1702503000,+2.97, +5.736,+11.547,+0.937
1702503120,+2.97, +5.756,+11.543,+0.937
1702503240,+2.97, +5.766,+11.535,+0.937
1702503360,+2.97, +5.795,+11.521,+0.937
1702503480,+2.97, +5.795,+11.523,+0.937
1702503600,+2.97, +5.815,+11.515,+0.937
1702503720,+2.97, +5.825,+11.516,+0.937
1702503840,+2.97, +5.835,+11.517,+0.937
1702503960,+2.97, +5.854,+11.502,+0.937
1702504080,+2.97, +5.854,+11.514,+0.937
1702504200,+2.97, +5.884,+11.509,+0.937
1702504320,+2.97, +5.864,+11.525,+0.937
1702504440,+2.97, +5.904,+11.493,+0.937
1702504560,+2.97, +5.904,+11.502,+0.937
1702504680,+2.97, +5.923,+11.494,+0.937
1702504800,+2.97, +5.923,+11.493,+0.937
1702504920,+2.97, +5.943,+11.488,+0.937
1702505040,+2.97, +5.953,+11.492,+0.937
1702505160,+2.97, +5.962,+11.479,+0.937
1702505280,+2.97, +5.962,+11.492,+0.937
1702505400,+2.97, +5.972,+11.489,+0.937
1702505520,+2.97, +5.972,+11.491,+0.937
1702505640,+2.97, +5.982,+11.487,+0.937
1702505760,+2.97, +5.982,+11.493,+0.937
1702505880,+2.97, +6.021,+11.490,+0.938
1702506000,+2.97, +6.011,+11.496,+0.937
1702506120,+2.97, +6.021,+11.466,+0.936
1702506240,+2.97, +6.041,+11.470,+0.937
1702506360,+2.97, +6.021,+11.490,+0.937
1702506480,+2.97, +6.041,+11.478,+0.937
1702506600,+2.97, +6.031,+11.492,+0.937
1702506720,+2.97, +6.041,+11.497,+0.937
1702506840,+2.97, +6.051,+11.490,+0.937
1702506960,+2.97, +6.060,+11.488,+0.937
1702507080,+2.97, +6.060,+11.490,+0.937
1702507200,+2.97, +6.080,+11.488,+0.937
1702507320,+2.97, +6.070,+11.510,+0.937
1702507440,+2.97, +6.070,+11.514,+0.937
1702507560,+2.97, +6.051,+11.536,+0.937
1702507680,+2.97, +6.070,+11.521,+0.937
1702507800,+2.97, +6.051,+11.544,+0.937
1702507920,+2.97, +6.041,+11.532,+0.937
1702508040,+2.97, +6.031,+11.547,+0.937
1702508160,+2.97, +6.021,+11.547,+0.937
1702508280,+2.97, +6.002,+11.553,+0.937
1702508400,+2.97, +6.002,+11.545,+0.937
1702508520,+2.97, +5.962,+11.561,+0.937
1702508640,+2.97, +5.962,+11.567,+0.937
1702508760,+2.97, +5.933,+11.577,+0.937
1702508880,+2.97, +5.913,+11.580,+0.937
1702509000,+2.97, +5.913,+11.589,+0.937
1702509120,+2.97, +5.864,+11.606,+0.937
1702509240,+2.97, +5.864,+11.591,+0.937
1702509360,+2.97, +5.825,+11.615,+0.937
1702509480,+2.97, +5.825,+11.614,+0.937
1702509600,+2.97, +5.815,+11.608,+0.937
1702509720,+2.97, +5.776,+11.613,+0.937
1702509840,+2.97, +5.766,+11.619,+0.937
1702509960,+2.97, +5.776,+11.614,+0.937
1702510080,+2.97, +5.756,+11.614,+0.937
1702510200,+2.97, +5.766,+11.617,+0.937
1702510320,+2.97, +5.756,+11.613,+0.937
1702510440,+2.97, +5.756,+11.602,+0.936
1702510560,+2.97, +5.776,+11.597,+0.937
1702510680,+2.97, +5.736,+11.619,+0.937
1702510800,+2.97, +5.746,+11.609,+0.937
1702510920,+2.97, +5.736,+11.612,+0.937
1702511040,+2.97, +5.736,+11.614,+0.937
1702511160,+2.97, +5.717,+11.625,+0.937
1702511280,+2.97, +5.726,+11.615,+0.937
1702511400,+2.97, +5.717,+11.629,+0.937
1702511520,+2.97, +5.717,+11.629,+0.937
1702511640,+2.97, +5.707,+11.636,+0.937
1702511760,+2.97, +5.717,+11.616,+0.937
1702511880,+2.97, +5.717,+11.625,+0.937
1702512000,+2.97, +5.697,+11.637,+0.937
1702512120,+2.97, +5.717,+11.623,+0.937
1702512240,+2.97, +5.717,+11.633,+0.937
1702512360,+2.97, +5.677,+11.648,+0.937
1702512480,+2.97, +5.697,+11.628,+0.937
1702512600,+2.97, +5.707,+11.623,+0.937
1702512720,+2.97, +5.697,+11.639,+0.937
1702512840,+2.97, +5.687,+11.636,+0.937
1702512960,+2.97, +5.697,+11.633,+0.937
1702513080,+2.97, +5.687,+11.640,+0.937
1702513200,+2.97, +5.687,+11.642,+0.937
1702513320,+2.97, +5.697,+11.634,+0.937
1702513440,+2.97, +5.687,+11.637,+0.937
1702513560,+2.97, +5.667,+11.643,+0.937
1702513680,+2.97, +5.677,+11.652,+0.937
1702513800,+2.97, +5.667,+11.642,+0.937
1702513920,+2.97, +5.648,+11.659,+0.937
1702514040,+2.97, +5.667,+11.648,+0.937
1702514160,+2.97, +5.648,+11.663,+0.937
1702514280,+2.97, +5.667,+11.643,+0.937
1702514400,+2.97, +5.657,+11.650,+0.937
1702514520,+2.97, +5.657,+11.645,+0.937
1702514640,+2.97, +5.628,+11.669,+0.937
1702514760,+2.97, +5.628,+11.665,+0.937
1702514880,+2.97, +5.657,+11.656,+0.937
1702515000,+2.97, +5.638,+11.651,+0.937
1702515120,+2.97, +5.638,+11.669,+0.937
1702515240,+2.97, +5.648,+11.653,+0.937
1702515360,+2.98, +5.638,+11.654,+0.937
1702515480,+2.97, +5.648,+11.657,+0.937
1702515600,+2.97, +5.598,+11.689,+0.937
1702515720,+2.97, +5.628,+11.655,+0.937
1702515840,+2.97, +5.579,+11.689,+0.937
1702515960,+2.98, +5.588,+11.677,+0.937
1702516080,+2.98, +5.588,+11.686,+0.937
1702516200,+2.98, +5.588,+11.682,+0.937
1702516320,+2.98, +5.579,+11.687,+0.937
1702516440,+2.98, +5.579,+11.687,+0.937
1702516560,+2.98, +5.579,+11.679,+0.937
1702516680,+2.98, +5.569,+11.683,+0.937
1702516800,+2.98, +5.559,+11.696,+0.937
1702516920,+2.97, +5.539,+11.704,+0.937
1702517040,+2.98, +5.549,+11.696,+0.937
1702517160,+2.98, +5.549,+11.697,+0.937
1702517280,+2.98, +5.539,+11.701,+0.937
1702517400,+2.98, +5.529,+11.694,+0.937
1702517520,+2.98, +5.519,+11.697,+0.937
1702517640,+2.98, +5.519,+11.701,+0.937
1702517760,+2.98, +5.509,+11.703,+0.937
1702517880,+2.98, +5.499,+11.708,+0.937
1702518000,+2.98, +5.490,+11.721,+0.937
1702518120,+2.98, +5.499,+11.710,+0.937
1702518240,+2.98, +5.470,+11.717,+0.937
1702518360,+2.98, +5.450,+11.730,+0.937
1702518480,+2.98, +5.450,+11.720,+0.936
1702518600,+2.98, +5.470,+11.724,+0.937
1702518720,+2.98, +5.430,+11.738,+0.937
1702518840,+2.98, +5.420,+11.739,+0.937
1702518960,+2.98, +5.430,+11.730,+0.937
1702519080,+2.98, +5.410,+11.744,+0.937
1702519200,+2.98, +5.410,+11.744,+0.937
1702519320,+2.98, +5.400,+11.749,+0.937
1702519440,+2.98, +5.400,+11.734,+0.936
