7450-401396
OS REV: 1.05 Sensor Cal: 1618512290
Time (sec),  BV (Volts),  T (deg C),  DO (mg/l),  Q ()
1684696440,+3.11,+18.820, +6.007,+0.961
1684696560,+3.11,+18.878, +5.998,+0.961
1684696680,+3.11,+18.862, +6.002,+0.961
1684696800,+3.11,+18.870, +5.989,+0.961
1684696920,+3.11,+18.904, +5.988,+0.962
1684697040,+3.11,+18.912, +5.988,+0.961
1684697160,+3.11,+18.929, +6.004,+0.961
1684697280,+3.11,+18.946, +6.022,+0.961
1684697400,+3.11,+18.971, +6.019,+0.962
1684697520,+3.11,+18.954, +5.996,+0.961
1684697640,+3.11,+18.996, +5.990,+0.961
1684697760,+3.11,+19.004, +6.001,+0.961
1684697880,+3.11,+19.004, +6.007,+0.961
1684698000,+3.11,+19.021, +6.000,+0.961
1684698120,+3.11,+19.038, +6.015,+0.961
1684698240,+3.11,+19.055, +5.990,+0.962
1684698360,+3.11,+19.046, +6.002,+0.961
1684698480,+3.11,+19.063, +6.004,+0.961
1684698600,+3.11,+19.055, +6.007,+0.962
1684698720,+3.11,+19.072, +6.012,+0.961
1684698840,+3.11,+19.105, +6.014,+0.961
1684698960,+3.11,+19.088, +6.013,+0.961
1684699080,+3.11,+19.088, +6.008,+0.961
1684699200,+3.11,+19.105, +6.001,+0.961
1684699320,+3.11,+19.130, +5.978,+0.961
1684699440,+3.11,+19.114, +5.979,+0.961
1684699560,+3.11,+19.130, +5.971,+0.961
1684699680,+3.11,+19.130, +5.971,+0.961
1684699800,+3.11,+19.164, +5.961,+0.961
1684699920,+3.11,+19.164, +5.937,+0.961
1684700040,+3.11,+19.172, +5.940,+0.962
1684700160,+3.11,+19.164, +5.930,+0.961
1684700280,+3.11,+19.164, +5.923,+0.961
1684700400,+3.11,+19.156, +5.917,+0.961
1684700520,+3.11,+19.172, +5.895,+0.961
1684700640,+3.11,+19.189, +5.894,+0.961
1684700760,+3.11,+19.181, +5.926,+0.961
1684700880,+3.11,+19.214, +5.922,+0.962
1684701000,+3.11,+19.197, +5.923,+0.961
1684701120,+3.11,+19.206, +5.924,+0.961
1684701240,+3.11,+19.214, +5.910,+0.961
1684701360,+3.11,+19.223, +5.887,+0.962
1684701480,+3.11,+19.239, +5.853,+0.961
1684701600,+3.11,+19.256, +5.818,+0.962
1684701720,+3.11,+19.265, +5.812,+0.961
1684701840,+3.11,+19.239, +5.796,+0.961
1684701960,+3.11,+19.273, +5.778,+0.961
1684702080,+3.11,+19.290, +5.765,+0.961
1684702200,+3.11,+19.273, +5.766,+0.961
1684702320,+3.11,+19.281, +5.774,+0.961
1684702440,+3.11,+19.290, +5.775,+0.961
1684702560,+3.11,+19.290, +5.786,+0.961
1684702680,+3.11,+19.298, +5.783,+0.962
1684702800,+3.11,+19.307, +5.782,+0.961
1684702920,+3.11,+19.298, +5.786,+0.961
1684703040,+3.11,+19.307, +5.786,+0.961
1684703160,+3.11,+19.298, +5.806,+0.962
1684703280,+3.11,+19.307, +5.800,+0.961
1684703400,+3.11,+19.323, +5.821,+0.961
1684703520,+3.11,+19.340, +5.833,+0.961
1684703640,+3.11,+19.315, +5.845,+0.961
1684703760,+3.11,+19.323, +5.869,+0.961
1684703880,+3.11,+19.332, +5.848,+0.961
1684704000,+3.11,+19.307, +5.860,+0.961
1684704120,+3.11,+19.340, +5.862,+0.961
1684704240,+3.11,+19.349, +5.880,+0.961
1684704360,+3.11,+19.357, +5.880,+0.961
1684704480,+3.11,+19.357, +5.895,+0.961
1684704600,+3.11,+19.357, +5.882,+0.961
1684704720,+3.11,+19.340, +5.853,+0.961
1684704840,+3.11,+19.357, +5.851,+0.961
1684704960,+3.11,+19.382, +5.903,+0.961
1684705080,+3.11,+19.357, +5.890,+0.961
1684705200,+3.11,+19.374, +5.884,+0.961
1684705320,+3.11,+19.357, +5.879,+0.961
1684705440,+3.11,+19.374, +5.901,+0.961
1684705560,+3.11,+19.374, +5.914,+0.961
1684705680,+3.11,+19.382, +5.923,+0.961
1684705800,+3.11,+19.382, +5.924,+0.961
1684705920,+3.11,+19.390, +5.940,+0.961
1684706040,+3.11,+19.382, +5.934,+0.961
1684706160,+3.11,+19.365, +5.907,+0.961
1684706280,+3.11,+19.365, +5.914,+0.961
1684706400,+3.11,+19.374, +5.925,+0.961
1684706520,+3.11,+19.382, +5.913,+0.961
1684706640,+3.11,+19.390, +5.737,+0.962
1684706760,+3.11,+19.382, +5.802,+0.962
1684706880,+3.11,+19.390, +5.838,+0.961
1684707000,+3.11,+19.399, +5.857,+0.961
1684707120,+3.11,+19.382, +5.879,+0.962
1684707240,+3.11,+19.399, +5.888,+0.961
1684707360,+3.11,+19.390, +5.902,+0.962
1684707480,+3.11,+19.399, +5.904,+0.961
1684707600,+3.11,+19.399, +5.925,+0.962
1684707720,+3.11,+19.399, +5.938,+0.961
1684707840,+3.11,+19.390, +5.942,+0.961
1684707960,+3.11,+19.399, +5.946,+0.961
1684708080,+3.11,+19.382, +5.958,+0.962
1684708200,+3.11,+19.390, +5.934,+0.961
1684708320,+3.11,+19.399, +5.951,+0.961
1684708440,+3.11,+19.382, +5.945,+0.961
1684708560,+3.11,+19.382, +5.945,+0.961
1684708680,+3.11,+19.399, +5.932,+0.961
1684708800,+3.11,+19.407, +5.931,+0.961
1684708920,+3.11,+19.390, +5.933,+0.961
1684709040,+3.11,+19.382, +5.938,+0.961
1684709160,+3.11,+19.407, +5.937,+0.962
1684709280,+3.11,+19.374, +5.942,+0.961
1684709400,+3.11,+19.399, +5.930,+0.961
1684709520,+3.11,+19.390, +5.929,+0.961
1684709640,+3.11,+19.390, +5.931,+0.961
1684709760,+3.11,+19.399, +5.920,+0.961
1684709880,+3.11,+19.399, +5.902,+0.961
1684710000,+3.11,+19.382, +5.904,+0.962
1684710120,+3.11,+19.390, +5.884,+0.961
1684710240,+3.11,+19.390, +5.872,+0.961
1684710360,+3.11,+19.382, +5.848,+0.961
1684710480,+3.11,+19.365, +5.831,+0.962
1684710600,+3.11,+19.399, +5.824,+0.961
1684710720,+3.11,+19.382, +5.796,+0.962
1684710840,+3.11,+19.365, +5.762,+0.961
1684710960,+3.11,+19.382, +5.741,+0.961
1684711080,+3.11,+19.340, +5.712,+0.962
1684711200,+3.11,+19.374, +5.684,+0.961
1684711320,+3.11,+19.390, +5.684,+0.962
1684711440,+3.11,+19.374, +5.694,+0.961
1684711560,+3.11,+19.357, +5.734,+0.962
1684711680,+3.11,+19.357, +5.741,+0.961
1684711800,+3.11,+19.374, +5.752,+0.962
1684711920,+3.11,+19.357, +5.769,+0.961
1684712040,+3.11,+19.349, +5.787,+0.962
1684712160,+3.11,+19.349, +5.786,+0.962
1684712280,+3.11,+19.365, +5.763,+0.961
1684712400,+3.11,+19.365, +5.807,+0.962
1684712520,+3.11,+19.365, +5.825,+0.961
1684712640,+3.11,+19.349, +5.859,+0.961
1684712760,+3.11,+19.340, +5.896,+0.962
1684712880,+3.11,+19.340, +5.889,+0.961
1684713000,+3.11,+19.349, +5.963,+0.962
1684713120,+3.11,+19.349, +6.002,+0.961
1684713240,+3.11,+19.349, +6.030,+0.961
1684713360,+3.11,+19.332, +6.066,+0.962
1684713480,+3.11,+19.332, +6.084,+0.961
1684713600,+3.11,+19.323, +6.112,+0.961
1684713720,+3.11,+19.315, +6.133,+0.961
1684713840,+3.11,+19.315, +6.147,+0.961
1684713960,+3.11,+19.307, +6.167,+0.961
1684714080,+3.11,+19.323, +6.182,+0.961
1684714200,+3.11,+19.307, +6.171,+0.961
1684714320,+3.11,+19.315, +6.154,+0.961
1684714440,+3.11,+19.298, +6.163,+0.962
1684714560,+3.11,+19.307, +6.163,+0.961
1684714680,+3.11,+19.273, +6.186,+0.961
1684714800,+3.11,+19.290, +6.176,+0.961
1684714920,+3.11,+19.298, +6.166,+0.961
1684715040,+3.11,+19.298, +6.179,+0.961
1684715160,+3.11,+19.298, +6.220,+0.961
1684715280,+3.11,+19.273, +6.251,+0.961
1684715400,+3.11,+19.273, +6.255,+0.961
1684715520,+3.11,+19.231, +6.256,+0.961
1684715640,+3.11,+19.239, +6.243,+0.961
1684715760,+3.11,+19.214, +6.167,+0.961
1684715880,+3.11,+19.214, +6.224,+0.961
1684716000,+3.11,+19.223, +6.307,+0.961
1684716120,+3.11,+19.197, +6.356,+0.961
1684716240,+3.11,+19.214, +6.384,+0.961
1684716360,+3.11,+19.189, +6.378,+0.961
1684716480,+3.11,+19.172, +6.339,+0.961
1684716600,+3.11,+19.156, +6.301,+0.961
1684716720,+3.11,+19.164, +6.341,+0.961
1684716840,+3.11,+19.164, +6.387,+0.961
1684716960,+3.11,+19.139, +6.357,+0.961
1684717080,+3.11,+19.139, +6.375,+0.961
1684717200,+3.11,+19.130, +6.393,+0.961
1684717320,+3.11,+19.088, +6.433,+0.961
1684717440,+3.11,+19.072, +6.483,+0.961
1684717560,+3.11,+19.063, +6.520,+0.961
1684717680,+3.11,+19.046, +6.559,+0.962
1684717800,+3.11,+19.046, +6.575,+0.961
1684717920,+3.11,+19.038, +6.592,+0.961
1684718040,+3.11,+19.021, +6.592,+0.961
1684718160,+3.11,+18.996, +6.609,+0.961
1684718280,+3.11,+18.996, +6.589,+0.961
1684718400,+3.11,+18.979, +6.581,+0.961
1684718520,+3.11,+18.962, +6.621,+0.961
1684718640,+3.11,+18.937, +6.647,+0.961
1684718760,+3.11,+18.929, +6.651,+0.961
1684718880,+3.11,+18.920, +6.649,+0.961
1684719000,+3.11,+18.920, +6.662,+0.961
1684719120,+3.11,+18.920, +6.651,+0.961
1684719240,+3.11,+18.878, +6.654,+0.961
1684719360,+3.11,+18.870, +6.637,+0.961
1684719480,+3.11,+18.853, +6.620,+0.961
1684719600,+3.11,+18.828, +6.612,+0.961
1684719720,+3.11,+18.803, +6.627,+0.961
1684719840,+3.11,+18.820, +6.632,+0.961
1684719960,+3.11,+18.803, +6.651,+0.961
1684720080,+3.11,+18.769, +6.676,+0.961
1684720200,+3.11,+18.769, +6.681,+0.961
1684720320,+3.11,+18.761, +6.702,+0.961
1684720440,+3.11,+18.736, +6.749,+0.961
1684720560,+3.11,+18.719, +6.813,+0.961
1684720680,+3.11,+18.719, +6.884,+0.961
1684720800,+3.11,+18.677, +6.965,+0.961
1684720920,+3.11,+18.668, +6.991,+0.961
1684721040,+3.11,+18.651, +6.757,+0.961
1684721160,+3.11,+18.643, +6.873,+0.961
1684721280,+3.11,+18.626, +6.932,+0.961
1684721400,+3.11,+18.593, +6.997,+0.961
1684721520,+3.11,+18.584, +7.035,+0.960
1684721640,+3.11,+18.593, +7.059,+0.961
1684721760,+3.11,+18.567, +7.046,+0.961
1684721880,+3.11,+18.551, +7.010,+0.960
1684722000,+3.11,+18.525, +6.978,+0.961
1684722120,+3.11,+18.517, +6.948,+0.961
1684722240,+3.11,+18.517, +6.931,+0.961
1684722360,+3.11,+18.483, +6.941,+0.961
1684722480,+3.11,+18.475, +6.899,+0.961
1684722600,+3.11,+18.466, +6.837,+0.961
1684722720,+3.11,+18.450, +6.843,+0.960
1684722840,+3.11,+18.416, +6.960,+0.960
1684722960,+3.11,+18.424, +7.001,+0.961
1684723080,+3.11,+18.399, +6.973,+0.961
1684723200,+3.11,+18.374, +6.950,+0.961
1684723320,+3.11,+18.365, +6.882,+0.961
1684723440,+3.11,+18.365, +6.874,+0.961
1684723560,+3.11,+18.349, +6.893,+0.961
1684723680,+3.11,+18.340, +6.887,+0.961
1684723800,+3.11,+18.323, +6.897,+0.961
1684723920,+3.11,+18.323, +6.900,+0.961
1684724040,+3.11,+18.298, +6.886,+0.960
1684724160,+3.11,+18.273, +6.876,+0.961
1684724280,+3.11,+18.264, +6.873,+0.962
1684724400,+3.11,+18.256, +6.872,+0.962
1684724520,+3.11,+18.239, +6.864,+0.961
1684724640,+3.11,+18.239, +6.862,+0.961
1684724760,+3.11,+18.214, +6.848,+0.961
1684724880,+3.11,+18.214, +6.847,+0.961
1684725000,+3.11,+18.197, +6.850,+0.961
1684725120,+3.11,+18.172, +6.857,+0.961
1684725240,+3.11,+18.163, +6.856,+0.961
1684725360,+3.11,+18.163, +6.864,+0.961
1684725480,+3.11,+18.146, +6.876,+0.961
1684725600,+3.11,+18.130, +6.883,+0.961
1684725720,+3.11,+18.121, +6.892,+0.961
1684725840,+3.11,+18.113, +6.908,+0.961
1684725960,+3.11,+18.087, +6.903,+0.961
1684726080,+3.11,+18.104, +6.894,+0.962
1684726200,+3.11,+18.079, +6.895,+0.961
1684726320,+3.11,+18.062, +6.902,+0.961
1684726440,+3.11,+18.037, +6.904,+0.961
1684726560,+3.11,+18.037, +6.895,+0.961
1684726680,+3.11,+18.045, +6.884,+0.961
1684726800,+3.11,+17.995, +6.886,+0.961
1684726920,+3.11,+17.978, +6.883,+0.961
1684727040,+3.11,+17.978, +6.884,+0.961
1684727160,+3.11,+17.953, +6.871,+0.961
1684727280,+3.11,+17.953, +6.864,+0.961
1684727400,+3.11,+17.936, +6.859,+0.961
1684727520,+3.11,+17.919, +6.866,+0.961
1684727640,+3.11,+17.919, +6.857,+0.961
1684727760,+3.11,+17.894, +6.860,+0.961
1684727880,+3.11,+17.910, +6.828,+0.961
1684728000,+3.11,+17.894, +6.743,+0.961
1684728120,+3.11,+17.877, +6.694,+0.961
1684728240,+3.11,+17.851, +6.716,+0.961
1684728360,+3.11,+17.851, +6.708,+0.961
1684728480,+3.11,+17.818, +6.761,+0.961
1684728600,+3.11,+17.818, +6.793,+0.961
1684728720,+3.11,+17.809, +6.830,+0.961
1684728840,+3.11,+17.792, +6.859,+0.961
1684728960,+3.11,+17.792, +6.854,+0.961
1684729080,+3.11,+17.775, +6.843,+0.961
1684729200,+3.11,+17.775, +6.818,+0.961
1684729320,+3.11,+17.784, +6.787,+0.961
1684729440,+3.11,+17.742, +6.769,+0.961
1684729560,+3.11,+17.742, +6.740,+0.961
1684729680,+3.11,+17.725, +6.707,+0.961
1684729800,+3.11,+17.708, +6.688,+0.961
1684729920,+3.11,+17.708, +6.669,+0.961
1684730040,+3.11,+17.683, +6.679,+0.961
1684730160,+3.11,+17.683, +6.685,+0.961
1684730280,+3.11,+17.674, +6.702,+0.961
1684730400,+3.11,+17.657, +6.693,+0.961
1684730520,+3.11,+17.666, +6.700,+0.961
1684730640,+3.11,+17.640, +6.715,+0.962
1684730760,+3.11,+17.623, +6.716,+0.961
1684730880,+3.11,+17.623, +6.715,+0.961
1684731000,+3.11,+17.615, +6.727,+0.961
1684731120,+3.11,+17.598, +6.749,+0.961
1684731240,+3.11,+17.590, +6.752,+0.961
1684731360,+3.11,+17.581, +6.739,+0.961
1684731480,+3.11,+17.573, +6.719,+0.961
1684731600,+3.11,+17.564, +6.688,+0.961
1684731720,+3.11,+17.547, +6.633,+0.961
1684731840,+3.11,+17.564, +6.591,+0.961
1684731960,+3.11,+17.547, +6.570,+0.961
1684732080,+3.11,+17.539, +6.619,+0.961
1684732200,+3.11,+17.514, +6.776,+0.961
1684732320,+3.11,+17.522, +6.767,+0.961
1684732440,+3.11,+17.497, +6.768,+0.961
1684732560,+3.11,+17.471, +6.817,+0.961
1684732680,+3.11,+17.471, +6.808,+0.961
1684732800,+3.11,+17.480, +6.766,+0.961
1684732920,+3.11,+17.480, +6.722,+0.961
1684733040,+3.11,+17.446, +6.695,+0.961
1684733160,+3.11,+17.454, +6.691,+0.961
1684733280,+3.11,+17.446, +6.700,+0.961
1684733400,+3.11,+17.429, +6.701,+0.961
1684733520,+3.11,+17.421, +6.701,+0.961
1684733640,+3.11,+17.421, +6.713,+0.961
1684733760,+3.11,+17.387, +6.732,+0.961
1684733880,+3.11,+17.387, +6.738,+0.961
1684734000,+3.11,+17.378, +6.744,+0.961
1684734120,+3.11,+17.370, +6.751,+0.961
1684734240,+3.11,+17.353, +6.760,+0.961
1684734360,+3.11,+17.353, +6.756,+0.961
1684734480,+3.11,+17.336, +6.754,+0.961
1684734600,+3.11,+17.344, +6.763,+0.962
1684734720,+3.11,+17.328, +6.764,+0.961
1684734840,+3.11,+17.311, +6.775,+0.962
1684734960,+3.11,+17.319, +6.754,+0.961
1684735080,+3.11,+17.302, +6.759,+0.962
1684735200,+3.11,+17.302, +6.749,+0.961
1684735320,+3.11,+17.302, +6.743,+0.961
1684735440,+3.11,+17.277, +6.644,+0.961
1684735560,+3.11,+17.243, +6.679,+0.961
1684735680,+3.11,+17.243, +6.681,+0.961
1684735800,+3.11,+17.217, +6.695,+0.961
1684735920,+3.11,+17.217, +6.683,+0.961
1684736040,+3.11,+17.192, +6.671,+0.961
1684736160,+3.11,+17.201, +6.671,+0.961
1684736280,+3.11,+17.175, +6.704,+0.961
1684736400,+3.11,+17.175, +6.711,+0.961
1684736520,+3.11,+17.184, +6.701,+0.961
1684736640,+3.11,+17.184, +6.706,+0.961
1684736760,+3.11,+17.175, +6.686,+0.961
1684736880,+3.11,+17.175, +6.662,+0.961
1684737000,+3.11,+17.167, +6.652,+0.961
1684737120,+3.11,+17.150, +6.637,+0.961
1684737240,+3.11,+17.158, +6.606,+0.961
1684737360,+3.11,+17.150, +6.593,+0.961
1684737480,+3.11,+17.141, +6.594,+0.961
1684737600,+3.12,+17.099, +6.612,+0.961
1684737720,+3.11,+17.124, +6.609,+0.961
1684737840,+3.11,+17.107, +6.619,+0.961
1684737960,+3.11,+17.107, +6.597,+0.961
1684738080,+3.11,+17.099, +6.587,+0.961
1684738200,+3.11,+17.082, +6.589,+0.961
1684738320,+3.11,+17.082, +6.590,+0.961
1684738440,+3.11,+17.073, +6.590,+0.962
1684738560,+3.11,+17.057, +6.553,+0.962
1684738680,+3.11,+17.073, +6.500,+0.961
1684738800,+3.12,+17.031, +6.477,+0.961
1684738920,+3.12,+17.031, +6.465,+0.962
1684739040,+3.12,+17.023, +6.501,+0.961
1684739160,+3.12,+16.989, +6.562,+0.961
1684739280,+3.12,+16.997, +6.595,+0.961
1684739400,+3.12,+16.980, +6.602,+0.962
1684739520,+3.12,+16.963, +6.596,+0.962
1684739640,+3.12,+16.955, +6.618,+0.961
1684739760,+3.12,+16.955, +6.618,+0.961
1684739880,+3.12,+16.955, +6.610,+0.961
1684740000,+3.12,+16.946, +6.600,+0.961
1684740120,+3.12,+16.946, +6.576,+0.961
1684740240,+3.12,+16.921, +6.578,+0.962
1684740360,+3.12,+16.912, +6.583,+0.961
1684740480,+3.12,+16.904, +6.597,+0.962
1684740600,+3.12,+16.895, +6.590,+0.962
1684740720,+3.12,+16.895, +6.592,+0.962
1684740840,+3.12,+16.895, +6.580,+0.962
1684740960,+3.12,+16.895, +6.558,+0.961
1684741080,+3.12,+16.904, +6.540,+0.961
1684741200,+3.12,+16.887, +6.501,+0.961
1684741320,+3.12,+16.887, +6.444,+0.962
1684741440,+3.11,+16.870, +6.413,+0.962
1684741560,+3.12,+16.870, +6.397,+0.961
1684741680,+3.12,+16.870, +6.378,+0.961
1684741800,+3.11,+16.853, +6.365,+0.961
1684741920,+3.12,+16.853, +6.360,+0.962
1684742040,+3.11,+16.836, +6.378,+0.961
1684742160,+3.11,+16.828, +6.389,+0.962
1684742280,+3.11,+16.811, +6.387,+0.962
1684742400,+3.11,+16.811, +6.386,+0.962
1684742520,+3.11,+16.802, +6.378,+0.962
1684742640,+3.11,+16.794, +6.360,+0.962
1684742760,+3.11,+16.768, +6.329,+0.961
1684742880,+3.11,+16.777, +6.296,+0.961
1684743000,+3.11,+16.751, +6.270,+0.961
1684743120,+3.11,+16.760, +6.273,+0.962
1684743240,+3.11,+16.751, +6.274,+0.962
1684743360,+3.11,+16.743, +6.274,+0.962
1684743480,+3.11,+16.751, +6.262,+0.962
1684743600,+3.11,+16.709, +6.217,+0.961
1684743720,+3.11,+16.717, +6.180,+0.962
1684743840,+3.11,+16.717, +6.121,+0.961
1684743960,+3.11,+16.692, +6.108,+0.962
1684744080,+3.11,+16.709, +6.082,+0.962
1684744200,+3.11,+16.683, +6.061,+0.962
1684744320,+3.11,+16.683, +6.007,+0.962
1684744440,+3.11,+16.683, +5.978,+0.962
1684744560,+3.11,+16.658, +5.962,+0.962
1684744680,+3.11,+16.649, +5.941,+0.962
1684744800,+3.11,+16.649, +5.920,+0.962
1684744920,+3.11,+16.624, +5.912,+0.962
1684745040,+3.11,+16.615, +5.948,+0.961
1684745160,+3.11,+16.632, +6.030,+0.961
1684745280,+3.11,+16.590, +6.138,+0.962
1684745400,+3.11,+16.615, +6.190,+0.962
1684745520,+3.11,+16.598, +6.232,+0.962
1684745640,+3.11,+16.590, +6.228,+0.961
1684745760,+3.11,+16.598, +6.205,+0.962
1684745880,+3.11,+16.598, +6.171,+0.962
1684746000,+3.11,+16.581, +6.153,+0.962
1684746120,+3.11,+16.573, +6.136,+0.961
1684746240,+3.11,+16.573, +6.090,+0.962
1684746360,+3.11,+16.564, +6.048,+0.962
1684746480,+3.11,+16.556, +6.035,+0.962
1684746600,+3.11,+16.547, +6.035,+0.962
1684746720,+3.11,+16.564, +6.017,+0.962
1684746840,+3.11,+16.556, +6.026,+0.962
1684746960,+3.11,+16.530, +6.075,+0.962
1684747080,+3.11,+16.505, +6.059,+0.962
1684747200,+3.11,+16.488, +5.997,+0.962
1684747320,+3.11,+16.505, +5.981,+0.962
1684747440,+3.11,+16.471, +5.985,+0.962
1684747560,+3.11,+16.479, +5.957,+0.962
1684747680,+3.11,+16.454, +5.965,+0.962
1684747800,+3.11,+16.471, +5.957,+0.962
1684747920,+3.11,+16.454, +5.945,+0.962
1684748040,+3.11,+16.428, +5.943,+0.962
1684748160,+3.11,+16.428, +5.942,+0.962
1684748280,+3.11,+16.428, +5.927,+0.961
1684748400,+3.11,+16.411, +5.926,+0.962
1684748520,+3.11,+16.403, +5.909,+0.962
1684748640,+3.11,+16.403, +5.895,+0.962
1684748760,+3.11,+16.369, +5.864,+0.962
1684748880,+3.11,+16.377, +5.818,+0.962
1684749000,+3.11,+16.369, +5.784,+0.962
1684749120,+3.11,+16.394, +5.750,+0.962
1684749240,+3.11,+16.377, +5.744,+0.962
1684749360,+3.11,+16.352, +5.760,+0.962
1684749480,+3.11,+16.360, +5.722,+0.962
1684749600,+3.11,+16.369, +5.678,+0.962
1684749720,+3.11,+16.377, +5.666,+0.962
1684749840,+3.11,+16.335, +5.599,+0.962
1684749960,+3.11,+16.309, +5.635,+0.962
1684750080,+3.11,+16.309, +5.699,+0.962
1684750200,+3.11,+16.318, +5.725,+0.962
1684750320,+3.11,+16.318, +5.730,+0.962
1684750440,+3.11,+16.301, +5.718,+0.962
1684750560,+3.11,+16.326, +5.700,+0.962
1684750680,+3.11,+16.283, +5.708,+0.962
1684750800,+3.11,+16.283, +5.741,+0.962
1684750920,+3.11,+16.275, +5.759,+0.962
1684751040,+3.11,+16.275, +5.753,+0.962
1684751160,+3.11,+16.275, +5.750,+0.962
1684751280,+3.11,+16.232, +5.734,+0.962
1684751400,+3.11,+16.258, +5.695,+0.962
1684751520,+3.11,+16.241, +5.686,+0.962
1684751640,+3.11,+16.249, +5.676,+0.962
1684751760,+3.11,+16.232, +5.677,+0.962
1684751880,+3.11,+16.232, +5.663,+0.962
1684752000,+3.11,+16.224, +5.634,+0.962
1684752120,+3.11,+16.232, +5.599,+0.962
1684752240,+3.11,+16.215, +5.592,+0.962
1684752360,+3.11,+16.224, +5.578,+0.962
1684752480,+3.11,+16.215, +5.569,+0.962
1684752600,+3.11,+16.207, +5.576,+0.962
1684752720,+3.11,+16.181, +5.598,+0.962
1684752840,+3.12,+16.181, +5.625,+0.962
1684752960,+3.11,+16.181, +5.651,+0.962
1684753080,+3.11,+16.190, +5.669,+0.962
1684753200,+3.12,+16.139, +5.692,+0.962
1684753320,+3.11,+16.164, +5.677,+0.962
1684753440,+3.11,+16.173, +5.689,+0.962
1684753560,+3.11,+16.156, +5.695,+0.962
1684753680,+3.11,+16.164, +5.669,+0.962
1684753800,+3.12,+16.147, +5.661,+0.962
1684753920,+3.12,+16.147, +5.636,+0.962
1684754040,+3.11,+16.164, +5.644,+0.962
1684754160,+3.11,+16.156, +5.643,+0.962
1684754280,+3.11,+16.147, +5.633,+0.962
1684754400,+3.11,+16.147, +5.630,+0.962
1684754520,+3.12,+16.130, +5.634,+0.962
1684754640,+3.12,+16.122, +5.615,+0.962
1684754760,+3.12,+16.122, +5.603,+0.962
1684754880,+3.12,+16.139, +5.583,+0.962
1684755000,+3.12,+16.130, +5.574,+0.962
1684755120,+3.12,+16.130, +5.573,+0.962
1684755240,+3.12,+16.139, +5.565,+0.963
1684755360,+3.12,+16.130, +5.554,+0.963
1684755480,+3.12,+16.096, +5.547,+0.962
1684755600,+3.12,+16.104, +5.544,+0.963
1684755720,+3.12,+16.104, +5.516,+0.962
1684755840,+3.11,+16.130, +5.501,+0.962
1684755960,+3.12,+16.113, +5.493,+0.962
1684756080,+3.12,+16.104, +5.478,+0.962
1684756200,+3.11,+16.122, +5.460,+0.963
1684756320,+3.12,+16.113, +5.452,+0.962
1684756440,+3.12,+16.096, +5.486,+0.962
1684756560,+3.12,+16.113, +5.496,+0.962
1684756680,+3.12,+16.104, +5.486,+0.962
1684756800,+3.12,+16.096, +5.490,+0.962
1684756920,+3.12,+16.087, +5.500,+0.962
1684757040,+3.12,+16.113, +5.488,+0.962
1684757160,+3.12,+16.087, +5.496,+0.962
1684757280,+3.12,+16.104, +5.480,+0.962
1684757400,+3.12,+16.113, +5.473,+0.962
1684757520,+3.12,+16.104, +5.476,+0.963
1684757640,+3.12,+16.096, +5.469,+0.963
1684757760,+3.12,+16.104, +5.452,+0.962
1684757880,+3.12,+16.113, +5.442,+0.962
1684758000,+3.12,+16.104, +5.440,+0.962
1684758120,+3.12,+16.104, +5.443,+0.963
1684758240,+3.12,+16.096, +5.431,+0.962
1684758360,+3.11,+16.122, +5.428,+0.962
1684758480,+3.12,+16.113, +5.423,+0.962
1684758600,+3.12,+16.104, +5.421,+0.962
1684758720,+3.12,+16.122, +5.413,+0.962
1684758840,+3.12,+16.122, +5.410,+0.962
1684758960,+3.12,+16.113, +5.412,+0.962
1684759080,+3.12,+16.113, +5.417,+0.962
1684759200,+3.12,+16.113, +5.427,+0.962
1684759320,+3.11,+16.139, +5.439,+0.962
1684759440,+3.12,+16.130, +5.453,+0.962
1684759560,+3.11,+16.156, +5.449,+0.962
1684759680,+3.11,+16.156, +5.467,+0.962
1684759800,+3.12,+16.164, +5.487,+0.962
1684759920,+3.11,+16.173, +5.496,+0.962
1684760040,+3.12,+16.164, +5.502,+0.962
1684760160,+3.11,+16.164, +5.506,+0.963
1684760280,+3.11,+16.164, +5.502,+0.962
1684760400,+3.11,+16.173, +5.496,+0.962
1684760520,+3.11,+16.190, +5.503,+0.962
1684760640,+3.11,+16.181, +5.504,+0.962
1684760760,+3.11,+16.181, +5.502,+0.962
1684760880,+3.11,+16.198, +5.468,+0.962
1684761000,+3.11,+16.207, +5.469,+0.962
1684761120,+3.11,+16.198, +5.482,+0.962
1684761240,+3.11,+16.207, +5.478,+0.962
1684761360,+3.11,+16.232, +5.494,+0.963
1684761480,+3.11,+16.224, +5.480,+0.962
1684761600,+3.11,+16.258, +5.470,+0.962
1684761720,+3.11,+16.232, +5.484,+0.962
1684761840,+3.11,+16.249, +5.496,+0.962
1684761960,+3.11,+16.258, +5.511,+0.962
1684762080,+3.11,+16.241, +5.514,+0.962
1684762200,+3.11,+16.266, +5.465,+0.962
1684762320,+3.11,+16.275, +5.414,+0.962
1684762440,+3.11,+16.292, +5.365,+0.962
1684762560,+3.11,+16.292, +5.338,+0.963
1684762680,+3.11,+16.301, +5.310,+0.962
1684762800,+3.11,+16.301, +5.275,+0.963
1684762920,+3.11,+16.326, +5.274,+0.962
1684763040,+3.11,+16.360, +5.230,+0.962
1684763160,+3.11,+16.352, +5.211,+0.963
1684763280,+3.11,+16.369, +5.177,+0.962
1684763400,+3.11,+16.343, +5.177,+0.962
1684763520,+3.11,+16.352, +5.168,+0.962
1684763640,+3.11,+16.343, +5.159,+0.962
1684763760,+3.11,+16.343, +5.145,+0.962
1684763880,+3.11,+16.352, +5.129,+0.962
1684764000,+3.11,+16.377, +5.113,+0.962
1684764120,+3.11,+16.369, +5.111,+0.962
1684764240,+3.11,+16.377, +5.128,+0.962
1684764360,+3.11,+16.386, +5.188,+0.962
1684764480,+3.11,+16.394, +5.221,+0.963
1684764600,+3.11,+16.411, +5.232,+0.962
1684764720,+3.11,+16.394, +5.247,+0.962
1684764840,+3.11,+16.420, +5.248,+0.962
1684764960,+3.11,+16.428, +5.240,+0.963
1684765080,+3.11,+16.445, +5.230,+0.963
1684765200,+3.11,+16.445, +5.218,+0.962
1684765320,+3.11,+16.445, +5.205,+0.962
1684765440,+3.11,+16.437, +5.192,+0.962
1684765560,+3.11,+16.471, +5.179,+0.963
1684765680,+3.11,+16.479, +5.157,+0.962
1684765800,+3.11,+16.471, +5.145,+0.962
1684765920,+3.11,+16.496, +5.120,+0.962
1684766040,+3.11,+16.505, +5.095,+0.963
1684766160,+3.11,+16.505, +5.068,+0.962
1684766280,+3.11,+16.539, +5.034,+0.962
1684766400,+3.11,+16.547, +5.007,+0.962
1684766520,+3.11,+16.539, +4.991,+0.962
1684766640,+3.11,+16.564, +4.966,+0.962
1684766760,+3.11,+16.590, +4.955,+0.963
1684766880,+3.11,+16.581, +4.944,+0.963
1684767000,+3.11,+16.615, +4.929,+0.963
1684767120,+3.11,+16.615, +4.927,+0.962
1684767240,+3.11,+16.641, +4.921,+0.963
1684767360,+3.11,+16.632, +4.938,+0.963
1684767480,+3.11,+16.649, +4.937,+0.962
1684767600,+3.11,+16.675, +4.953,+0.963
1684767720,+3.11,+16.683, +4.965,+0.963
1684767840,+3.11,+16.709, +4.977,+0.963
1684767960,+3.11,+16.709, +4.997,+0.963
1684768080,+3.11,+16.734, +5.036,+0.963
1684768200,+3.11,+16.760, +5.071,+0.962
1684768320,+3.11,+16.760, +5.099,+0.963
1684768440,+3.11,+16.768, +5.126,+0.962
1684768560,+3.11,+16.802, +5.147,+0.962
1684768680,+3.11,+16.828, +5.156,+0.962
1684768800,+3.11,+16.845, +5.164,+0.962
1684768920,+3.12,+16.870, +5.188,+0.962
1684769040,+3.11,+16.887, +5.227,+0.962
1684769160,+3.11,+16.904, +5.256,+0.962
1684769280,+3.12,+16.929, +5.276,+0.962
1684769400,+3.12,+16.963, +5.281,+0.962
1684769520,+3.11,+16.997, +5.280,+0.962
1684769640,+3.12,+16.989, +5.291,+0.962
1684769760,+3.11,+17.023, +5.292,+0.962
1684769880,+3.11,+17.040, +5.299,+0.962
1684770000,+3.11,+17.082, +5.296,+0.962
1684770120,+3.11,+17.073, +5.300,+0.962
1684770240,+3.11,+17.099, +5.294,+0.962
1684770360,+3.11,+17.141, +5.291,+0.962
1684770480,+3.11,+17.167, +5.279,+0.962
1684770600,+3.11,+17.192, +5.263,+0.962
1684770720,+3.11,+17.209, +5.253,+0.962
1684770840,+3.11,+17.234, +5.239,+0.962
1684770960,+3.11,+17.268, +5.221,+0.962
1684771080,+3.11,+17.268, +5.216,+0.962
1684771200,+3.11,+17.336, +5.192,+0.962
1684771320,+3.11,+17.336, +5.193,+0.962
1684771440,+3.11,+17.370, +5.177,+0.962
1684771560,+3.11,+17.387, +5.178,+0.962
1684771680,+3.11,+17.437, +5.170,+0.962
1684771800,+3.11,+17.463, +5.176,+0.962
1684771920,+3.11,+17.480, +5.185,+0.962
1684772040,+3.11,+17.514, +5.185,+0.962
1684772160,+3.11,+17.573, +5.184,+0.962
1684772280,+3.11,+17.573, +5.335,+0.962
1684772400,+3.11,+17.615, +5.386,+0.962
1684772520,+3.11,+17.632, +5.413,+0.962
1684772640,+3.11,+17.666, +5.424,+0.962
1684772760,+3.11,+17.708, +5.432,+0.962
1684772880,+3.11,+17.733, +5.420,+0.962
1684773000,+3.11,+17.733, +5.426,+0.962
1684773120,+3.11,+17.759, +5.421,+0.962
1684773240,+3.11,+17.792, +5.397,+0.962
1684773360,+3.11,+17.818, +5.382,+0.962
1684773480,+3.11,+17.860, +5.372,+0.962
1684773600,+3.11,+17.877, +5.342,+0.962
1684773720,+3.11,+17.919, +5.337,+0.962
1684773840,+3.11,+17.919, +5.313,+0.961
1684773960,+3.11,+17.969, +5.318,+0.962
1684774080,+3.11,+17.995, +5.317,+0.961
1684774200,+3.11,+18.037, +5.363,+0.962
1684774320,+3.11,+18.079, +5.419,+0.962
1684774440,+3.11,+18.130, +5.454,+0.962
1684774560,+3.11,+18.155, +5.515,+0.962
1684774680,+3.11,+18.180, +5.520,+0.962
1684774800,+3.11,+18.205, +5.512,+0.961
1684774920,+3.11,+18.205, +5.480,+0.962
1684775040,+3.11,+18.231, +5.467,+0.962
1684775160,+3.11,+18.239, +5.444,+0.962
1684775280,+3.11,+18.248, +5.439,+0.961
1684775400,+3.11,+18.273, +5.431,+0.961
1684775520,+3.11,+18.281, +5.451,+0.962
1684775640,+3.11,+18.306, +5.454,+0.962
1684775760,+3.11,+18.323, +5.446,+0.962
1684775880,+3.11,+18.340, +5.438,+0.962
1684776000,+3.11,+18.374, +5.427,+0.962
1684776120,+3.11,+18.424, +5.409,+0.962
1684776240,+3.11,+18.433, +5.401,+0.962
1684776360,+3.11,+18.458, +5.378,+0.962
1684776480,+3.11,+18.492, +5.361,+0.962
1684776600,+3.11,+18.508, +5.322,+0.961
1684776720,+3.11,+18.567, +5.330,+0.962
1684776840,+3.11,+18.609, +5.349,+0.962
1684776960,+3.11,+18.643, +5.362,+0.962
1684777080,+3.11,+18.660, +5.362,+0.962
1684777200,+3.11,+18.719, +5.367,+0.962
1684777320,+3.11,+18.786, +5.368,+0.962
1684777440,+3.11,+18.828, +5.354,+0.962
1684777560,+3.11,+18.862, +5.342,+0.961
1684777680,+3.11,+18.870, +5.317,+0.962
1684777800,+3.11,+18.887, +5.285,+0.962
1684777920,+3.11,+18.920, +5.273,+0.962
1684778040,+3.11,+18.954, +5.273,+0.962
1684778160,+3.11,+18.971, +5.271,+0.962
1684778280,+3.11,+18.988, +5.269,+0.962
1684778400,+3.11,+19.038, +5.275,+0.962
1684778520,+3.11,+19.046, +5.273,+0.961
1684778640,+3.11,+19.021, +5.176,+0.962
1684778760,+3.11,+19.021, +5.249,+0.962
1684778880,+3.11,+19.046, +5.254,+0.961
1684779000,+3.11,+19.063, +5.273,+0.962
1684779120,+3.11,+19.122, +5.281,+0.961
1684779240,+3.11,+19.172, +5.312,+0.962
1684779360,+3.11,+19.206, +5.348,+0.961
1684779480,+3.11,+19.231, +5.369,+0.961
1684779600,+3.11,+19.273, +5.380,+0.961
1684779720,+3.11,+19.281, +5.401,+0.962
1684779840,+3.11,+19.332, +5.399,+0.962
1684779960,+3.11,+19.332, +5.385,+0.962
1684780080,+3.11,+19.349, +5.370,+0.961
1684780200,+3.11,+19.374, +5.379,+0.961
1684780320,+3.11,+19.407, +5.387,+0.962
1684780440,+3.11,+19.416, +5.336,+0.962
1684780560,+3.11,+19.424, +5.302,+0.962
1684780680,+3.11,+19.441, +5.287,+0.962
1684780800,+3.11,+19.441, +5.274,+0.961
1684780920,+3.11,+19.458, +5.259,+0.962
1684781040,+3.11,+19.466, +5.251,+0.962
1684781160,+3.11,+19.516, +5.274,+0.962
1684781280,+3.11,+19.575, +5.319,+0.961
1684781400,+3.11,+19.558, +5.297,+0.962
1684781520,+3.11,+19.592, +5.273,+0.961
1684781640,+3.11,+19.667, +5.365,+0.961
1684781760,+3.11,+19.676, +5.402,+0.961
1684781880,+3.11,+19.667, +5.379,+0.962
1684782000,+3.11,+19.676, +5.340,+0.961
1684782120,+3.11,+19.701, +5.319,+0.961
1684782240,+3.11,+19.701, +5.331,+0.961
1684782360,+3.11,+19.759, +5.381,+0.961
1684782480,+3.11,+19.801, +5.437,+0.961
1684782600,+3.11,+19.826, +5.458,+0.961
1684782720,+3.11,+19.835, +5.450,+0.961
1684782840,+3.11,+19.835, +5.422,+0.961
