7450-401396
OS REV: 1.05 Sensor Cal: 1618512290
Time (sec),  BV (Volts),  T (deg C),  DO (mg/l),  Q ()
1682966040,+3.15,+14.845, +3.107,+0.965
1682966160,+3.15,+14.810, +3.076,+0.965
1682966280,+3.15,+14.801, +3.064,+0.965
1682966400,+3.15,+14.819, +3.063,+0.965
1682966520,+3.15,+14.845, +3.051,+0.965
1682966640,+3.15,+14.836, +3.043,+0.966
1682966760,+3.15,+14.862, +3.031,+0.965
1682966880,+3.15,+14.862, +3.026,+0.965
1682967000,+3.15,+14.879, +3.031,+0.965
1682967120,+3.15,+14.870, +3.034,+0.965
1682967240,+3.15,+14.862, +3.035,+0.965
1682967360,+3.15,+14.905, +3.029,+0.965
1682967480,+3.15,+14.948, +3.018,+0.965
1682967600,+3.15,+14.974, +3.010,+0.965
1682967720,+3.15,+14.982, +2.993,+0.965
1682967840,+3.15,+14.974, +2.970,+0.965
1682967960,+3.15,+15.025, +2.960,+0.965
1682968080,+3.15,+15.034, +2.939,+0.965
1682968200,+3.15,+15.043, +2.921,+0.965
1682968320,+3.15,+15.043, +2.911,+0.965
1682968440,+3.15,+15.068, +2.911,+0.965
1682968560,+3.15,+15.043, +2.894,+0.965
1682968680,+3.15,+15.060, +2.899,+0.965
1682968800,+3.15,+15.051, +2.888,+0.965
1682968920,+3.15,+15.086, +2.888,+0.965
1682969040,+3.15,+15.077, +2.880,+0.965
1682969160,+3.15,+15.068, +2.876,+0.965
1682969280,+3.15,+15.060, +2.861,+0.965
1682969400,+3.15,+15.025, +2.841,+0.965
1682969520,+3.15,+15.043, +2.830,+0.965
1682969640,+3.15,+15.051, +2.822,+0.965
1682969760,+3.15,+15.017, +2.819,+0.965
1682969880,+3.15,+15.043, +2.800,+0.965
1682970000,+3.15,+15.043, +2.781,+0.965
1682970120,+3.15,+15.025, +2.763,+0.965
1682970240,+3.15,+15.043, +2.758,+0.965
1682970360,+3.15,+15.043, +2.762,+0.965
1682970480,+3.15,+15.060, +2.766,+0.965
1682970600,+3.15,+15.051, +2.759,+0.965
1682970720,+3.15,+15.068, +2.750,+0.965
1682970840,+3.15,+15.068, +2.743,+0.965
1682970960,+3.15,+15.077, +2.734,+0.965
1682971080,+3.15,+15.068, +2.737,+0.965
1682971200,+3.15,+15.086, +2.736,+0.965
1682971320,+3.15,+15.111, +2.729,+0.965
1682971440,+3.15,+15.103, +2.726,+0.965
1682971560,+3.15,+15.120, +2.729,+0.965
1682971680,+3.15,+15.154, +2.733,+0.965
1682971800,+3.15,+15.120, +2.726,+0.965
1682971920,+3.15,+15.120, +2.719,+0.965
1682972040,+3.15,+15.129, +2.714,+0.965
1682972160,+3.15,+15.137, +2.720,+0.965
1682972280,+3.15,+15.129, +2.725,+0.965
1682972400,+3.15,+15.137, +2.731,+0.965
1682972520,+3.15,+15.171, +2.722,+0.965
1682972640,+3.15,+15.163, +2.718,+0.965
1682972760,+3.15,+15.163, +2.715,+0.965
1682972880,+3.15,+15.171, +2.710,+0.965
1682973000,+3.14,+15.180, +2.703,+0.965
1682973120,+3.14,+15.180, +2.703,+0.965
1682973240,+3.15,+15.163, +2.704,+0.965
1682973360,+3.15,+15.180, +2.704,+0.965
1682973480,+3.15,+15.171, +2.707,+0.965
1682973600,+3.15,+15.146, +2.715,+0.965
1682973720,+3.15,+15.154, +2.712,+0.965
1682973840,+3.15,+15.146, +2.718,+0.965
1682973960,+3.15,+15.154, +2.719,+0.965
1682974080,+3.15,+15.171, +2.722,+0.965
1682974200,+3.15,+15.171, +2.717,+0.965
1682974320,+3.15,+15.171, +2.712,+0.965
1682974440,+3.15,+15.154, +2.711,+0.965
1682974560,+3.15,+15.180, +2.716,+0.965
1682974680,+3.15,+15.154, +2.732,+0.965
1682974800,+3.15,+15.137, +2.759,+0.965
1682974920,+3.15,+15.154, +2.774,+0.965
1682975040,+3.15,+15.154, +2.790,+0.965
1682975160,+3.15,+15.146, +2.795,+0.965
1682975280,+3.15,+15.154, +2.779,+0.965
1682975400,+3.15,+15.154, +2.773,+0.965
1682975520,+3.15,+15.146, +2.781,+0.965
1682975640,+3.15,+15.137, +2.797,+0.965
1682975760,+3.15,+15.146, +2.839,+0.965
1682975880,+3.15,+15.137, +2.961,+0.965
1682976000,+3.15,+15.146, +3.096,+0.964
1682976120,+3.15,+15.146, +3.188,+0.965
1682976240,+3.15,+15.154, +3.237,+0.964
1682976360,+3.15,+15.171, +3.269,+0.964
1682976480,+3.15,+15.129, +3.289,+0.965
1682976600,+3.15,+15.137, +3.314,+0.965
1682976720,+3.15,+15.137, +3.367,+0.965
1682976840,+3.15,+15.129, +3.424,+0.965
1682976960,+3.15,+15.146, +3.485,+0.965
1682977080,+3.15,+15.146, +3.545,+0.965
1682977200,+3.15,+15.137, +3.571,+0.965
1682977320,+3.15,+15.129, +3.605,+0.965
1682977440,+3.15,+15.137, +3.642,+0.965
1682977560,+3.15,+15.137, +3.649,+0.965
1682977680,+3.15,+15.137, +3.630,+0.965
1682977800,+3.15,+15.163, +3.672,+0.965
1682977920,+3.15,+15.120, +3.687,+0.965
1682978040,+3.15,+15.137, +3.656,+0.965
1682978160,+3.15,+15.120, +3.633,+0.965
1682978280,+3.15,+15.111, +3.613,+0.965
1682978400,+3.15,+15.111, +3.590,+0.965
1682978520,+3.15,+15.111, +3.580,+0.965
1682978640,+3.15,+15.120, +3.202,+0.965
1682978760,+3.15,+15.120, +3.253,+0.965
1682978880,+3.15,+15.103, +3.322,+0.965
1682979000,+3.15,+15.094, +3.364,+0.965
1682979120,+3.15,+15.103, +3.387,+0.965
1682979240,+3.15,+15.068, +3.413,+0.965
1682979360,+3.15,+15.077, +3.425,+0.965
1682979480,+3.15,+15.111, +3.400,+0.965
1682979600,+3.15,+15.103, +3.372,+0.965
1682979720,+3.15,+15.086, +3.379,+0.965
1682979840,+3.15,+15.077, +3.357,+0.965
1682979960,+3.15,+15.060, +3.327,+0.965
1682980080,+3.15,+15.077, +3.308,+0.965
1682980200,+3.15,+15.060, +3.258,+0.965
1682980320,+3.15,+15.068, +3.208,+0.965
1682980440,+3.15,+15.051, +3.184,+0.965
1682980560,+3.15,+15.051, +3.168,+0.965
1682980680,+3.15,+15.060, +3.155,+0.965
1682980800,+3.15,+15.043, +3.145,+0.965
1682980920,+3.15,+15.034, +3.132,+0.965
1682981040,+3.15,+15.034, +3.114,+0.965
1682981160,+3.15,+15.034, +3.096,+0.965
1682981280,+3.15,+15.017, +3.077,+0.965
1682981400,+3.15,+15.017, +3.056,+0.965
1682981520,+3.15,+15.000, +3.041,+0.965
1682981640,+3.15,+15.000, +3.037,+0.965
1682981760,+3.15,+15.000, +3.044,+0.965
1682981880,+3.15,+14.982, +3.054,+0.965
1682982000,+3.15,+15.000, +3.056,+0.965
1682982120,+3.15,+14.974, +3.057,+0.965
1682982240,+3.15,+14.991, +3.051,+0.965
1682982360,+3.15,+14.982, +3.053,+0.965
1682982480,+3.15,+14.974, +3.060,+0.965
1682982600,+3.15,+14.974, +3.061,+0.965
1682982720,+3.15,+14.956, +3.070,+0.965
1682982840,+3.15,+14.956, +3.075,+0.965
1682982960,+3.15,+14.956, +3.075,+0.965
1682983080,+3.15,+14.948, +3.054,+0.965
1682983200,+3.15,+14.931, +3.026,+0.965
1682983320,+3.15,+14.922, +2.995,+0.965
1682983440,+3.15,+14.922, +2.965,+0.965
1682983560,+3.15,+14.905, +2.941,+0.965
1682983680,+3.15,+14.879, +2.928,+0.965
1682983800,+3.15,+14.913, +2.908,+0.965
1682983920,+3.15,+14.888, +2.901,+0.965
1682984040,+3.15,+14.896, +2.894,+0.965
1682984160,+3.15,+14.870, +2.886,+0.965
1682984280,+3.15,+14.870, +2.878,+0.965
1682984400,+3.15,+14.862, +2.866,+0.965
1682984520,+3.15,+14.862, +2.860,+0.965
1682984640,+3.15,+14.853, +2.868,+0.965
1682984760,+3.15,+14.862, +2.869,+0.965
1682984880,+3.15,+14.853, +2.869,+0.965
1682985000,+3.15,+14.827, +2.861,+0.965
1682985120,+3.15,+14.819, +2.851,+0.965
1682985240,+3.15,+14.810, +2.844,+0.965
1682985360,+3.15,+14.801, +2.828,+0.965
1682985480,+3.15,+14.793, +2.811,+0.965
1682985600,+3.15,+14.784, +2.790,+0.965
1682985720,+3.15,+14.801, +2.769,+0.965
1682985840,+3.15,+14.758, +2.760,+0.965
1682985960,+3.15,+14.741, +2.749,+0.965
1682986080,+3.15,+14.741, +2.742,+0.965
1682986200,+3.15,+14.724, +2.748,+0.965
1682986320,+3.15,+14.732, +2.748,+0.965
1682986440,+3.15,+14.732, +2.749,+0.965
1682986560,+3.15,+14.724, +2.753,+0.965
1682986680,+3.15,+14.707, +2.752,+0.965
1682986800,+3.15,+14.707, +2.755,+0.965
1682986920,+3.15,+14.681, +2.766,+0.965
1682987040,+3.15,+14.681, +2.774,+0.965
1682987160,+3.15,+14.663, +2.781,+0.965
1682987280,+3.15,+14.663, +2.785,+0.965
1682987400,+3.15,+14.646, +2.791,+0.965
1682987520,+3.15,+14.655, +2.790,+0.965
1682987640,+3.15,+14.637, +2.792,+0.965
1682987760,+3.15,+14.629, +2.783,+0.965
1682987880,+3.15,+14.629, +2.755,+0.965
1682988000,+3.15,+14.586, +2.752,+0.965
1682988120,+3.15,+14.612, +2.742,+0.965
1682988240,+3.15,+14.603, +2.735,+0.965
1682988360,+3.14,+14.577, +2.738,+0.965
1682988480,+3.14,+14.551, +2.753,+0.965
1682988600,+3.14,+14.568, +2.763,+0.965
1682988720,+3.14,+14.534, +2.780,+0.965
1682988840,+3.14,+14.542, +2.791,+0.965
1682988960,+3.14,+14.525, +2.785,+0.965
1682989080,+3.14,+14.508, +2.781,+0.965
1682989200,+3.14,+14.508, +2.775,+0.965
1682989320,+3.14,+14.491, +2.795,+0.965
1682989440,+3.14,+14.491, +2.802,+0.965
1682989560,+3.14,+14.473, +2.838,+0.965
1682989680,+3.14,+14.473, +2.877,+0.965
1682989800,+3.14,+14.456, +2.905,+0.965
1682989920,+3.14,+14.456, +2.917,+0.965
1682990040,+3.14,+14.447, +2.907,+0.965
1682990160,+3.14,+14.421, +2.905,+0.965
1682990280,+3.14,+14.430, +2.910,+0.965
1682990400,+3.14,+14.439, +2.927,+0.965
1682990520,+3.14,+14.421, +3.014,+0.965
1682990640,+3.14,+14.421, +3.105,+0.966
1682990760,+3.14,+14.387, +3.149,+0.965
1682990880,+3.14,+14.404, +3.138,+0.965
1682991000,+3.14,+14.395, +3.108,+0.965
1682991120,+3.14,+14.395, +3.100,+0.965
1682991240,+3.14,+14.378, +3.090,+0.965
1682991360,+3.14,+14.378, +3.104,+0.965
1682991480,+3.14,+14.361, +3.153,+0.965
1682991600,+3.14,+14.361, +3.203,+0.965
1682991720,+3.14,+14.352, +3.250,+0.965
1682991840,+3.14,+14.335, +3.289,+0.966
1682991960,+3.14,+14.335, +3.325,+0.965
1682992080,+3.14,+14.318, +3.369,+0.965
1682992200,+3.14,+14.309, +3.409,+0.966
1682992320,+3.14,+14.326, +3.451,+0.965
1682992440,+3.14,+14.309, +3.486,+0.965
1682992560,+3.14,+14.309, +3.512,+0.966
1682992680,+3.14,+14.292, +3.527,+0.966
1682992800,+3.14,+14.283, +3.531,+0.966
1682992920,+3.14,+14.274, +3.514,+0.966
1682993040,+3.14,+14.283, +3.199,+0.966
1682993160,+3.14,+14.257, +3.310,+0.965
1682993280,+3.14,+14.266, +3.344,+0.966
1682993400,+3.14,+14.266, +3.361,+0.966
1682993520,+3.14,+14.257, +3.383,+0.965
1682993640,+3.15,+14.240, +3.402,+0.966
1682993760,+3.14,+14.240, +3.401,+0.965
1682993880,+3.14,+14.240, +3.336,+0.965
1682994000,+3.14,+14.240, +3.304,+0.965
1682994120,+3.14,+14.240, +3.333,+0.965
1682994240,+3.15,+14.222, +3.375,+0.965
1682994360,+3.14,+14.196, +3.391,+0.965
1682994480,+3.14,+14.222, +3.389,+0.965
1682994600,+3.15,+14.196, +3.378,+0.966
1682994720,+3.15,+14.188, +3.352,+0.965
1682994840,+3.15,+14.188, +3.328,+0.966
1682994960,+3.15,+14.188, +3.310,+0.966
1682995080,+3.15,+14.196, +3.301,+0.965
1682995200,+3.15,+14.179, +3.285,+0.965
1682995320,+3.15,+14.170, +3.255,+0.965
1682995440,+3.15,+14.162, +3.214,+0.965
1682995560,+3.15,+14.170, +3.176,+0.965
1682995680,+3.15,+14.162, +3.151,+0.965
1682995800,+3.15,+14.153, +3.132,+0.965
1682995920,+3.15,+14.153, +3.115,+0.965
1682996040,+3.15,+14.153, +3.102,+0.965
1682996160,+3.15,+14.144, +3.100,+0.965
1682996280,+3.15,+14.136, +3.087,+0.965
1682996400,+3.15,+14.118, +3.076,+0.965
1682996520,+3.15,+14.127, +3.062,+0.965
1682996640,+3.15,+14.118, +3.034,+0.965
1682996760,+3.15,+14.101, +3.040,+0.965
1682996880,+3.15,+14.118, +3.084,+0.965
1682997000,+3.15,+14.109, +3.133,+0.965
1682997120,+3.15,+14.101, +3.160,+0.965
1682997240,+3.15,+14.092, +3.179,+0.965
1682997360,+3.15,+14.092, +3.232,+0.966
1682997480,+3.15,+14.075, +3.266,+0.965
1682997600,+3.15,+14.066, +3.301,+0.966
1682997720,+3.15,+14.057, +3.321,+0.966
1682997840,+3.15,+14.049, +3.339,+0.965
1682997960,+3.15,+14.066, +3.324,+0.965
1682998080,+3.15,+14.057, +3.309,+0.966
1682998200,+3.15,+14.049, +3.301,+0.965
1682998320,+3.15,+14.049, +3.301,+0.966
1682998440,+3.15,+14.040, +3.322,+0.966
1682998560,+3.15,+14.031, +3.340,+0.966
1682998680,+3.15,+14.031, +3.357,+0.966
1682998800,+3.15,+14.014, +3.361,+0.965
1682998920,+3.15,+14.014, +3.357,+0.966
1682999040,+3.15,+14.031, +3.348,+0.965
1682999160,+3.15,+13.988, +3.354,+0.966
1682999280,+3.15,+13.979, +3.346,+0.965
1682999400,+3.15,+13.997, +3.335,+0.966
1682999520,+3.15,+13.988, +3.333,+0.965
1682999640,+3.15,+14.005, +3.330,+0.965
1682999760,+3.15,+13.962, +3.314,+0.965
1682999880,+3.15,+13.979, +3.311,+0.965
1683000000,+3.15,+13.944, +3.319,+0.965
1683000120,+3.15,+13.962, +3.313,+0.965
1683000240,+3.15,+13.944, +3.310,+0.965
1683000360,+3.15,+13.944, +3.292,+0.966
1683000480,+3.15,+13.944, +3.265,+0.966
1683000600,+3.15,+13.927, +3.224,+0.965
1683000720,+3.15,+13.936, +3.187,+0.965
1683000840,+3.15,+13.918, +3.154,+0.965
1683000960,+3.15,+13.918, +3.098,+0.965
1683001080,+3.15,+13.918, +3.033,+0.965
1683001200,+3.15,+13.901, +2.960,+0.965
1683001320,+3.15,+13.901, +2.889,+0.965
1683001440,+3.15,+13.892, +2.852,+0.965
1683001560,+3.15,+13.892, +2.880,+0.965
1683001680,+3.15,+13.875, +2.845,+0.965
1683001800,+3.15,+13.884, +2.833,+0.965
1683001920,+3.15,+13.884, +2.868,+0.965
1683002040,+3.15,+13.866, +2.924,+0.965
1683002160,+3.15,+13.849, +2.971,+0.965
1683002280,+3.15,+13.849, +3.021,+0.965
1683002400,+3.15,+13.849, +3.064,+0.965
1683002520,+3.15,+13.831, +3.085,+0.965
1683002640,+3.15,+13.831, +3.063,+0.965
1683002760,+3.15,+13.831, +3.019,+0.965
1683002880,+3.15,+13.831, +2.975,+0.965
1683003000,+3.15,+13.814, +2.945,+0.965
1683003120,+3.15,+13.814, +2.960,+0.965
1683003240,+3.15,+13.805, +2.995,+0.965
1683003360,+3.15,+13.797, +3.013,+0.965
1683003480,+3.15,+13.814, +3.027,+0.966
1683003600,+3.15,+13.779, +3.050,+0.965
1683003720,+3.15,+13.788, +3.069,+0.965
1683003840,+3.15,+13.779, +3.084,+0.966
1683003960,+3.15,+13.770, +3.094,+0.965
1683004080,+3.15,+13.779, +3.088,+0.966
1683004200,+3.15,+13.762, +3.111,+0.965
1683004320,+3.15,+13.736, +3.138,+0.965
1683004440,+3.15,+13.753, +3.157,+0.966
1683004560,+3.15,+13.753, +3.168,+0.965
1683004680,+3.15,+13.744, +3.168,+0.965
1683004800,+3.15,+13.718, +3.157,+0.965
1683004920,+3.15,+13.736, +3.114,+0.965
1683005040,+3.15,+13.701, +3.078,+0.966
1683005160,+3.15,+13.701, +3.046,+0.965
1683005280,+3.15,+13.683, +3.050,+0.965
1683005400,+3.15,+13.709, +3.051,+0.965
1683005520,+3.15,+13.701, +3.060,+0.965
1683005640,+3.15,+13.683, +3.080,+0.965
1683005760,+3.15,+13.675, +3.086,+0.965
1683005880,+3.15,+13.675, +3.084,+0.965
1683006000,+3.15,+13.675, +3.071,+0.965
1683006120,+3.15,+13.657, +3.037,+0.966
1683006240,+3.15,+13.631, +3.005,+0.966
1683006360,+3.15,+13.657, +2.989,+0.965
1683006480,+3.15,+13.631, +3.001,+0.965
1683006600,+3.15,+13.631, +2.986,+0.965
1683006720,+3.15,+13.622, +2.973,+0.965
1683006840,+3.15,+13.605, +2.967,+0.965
1683006960,+3.15,+13.605, +2.963,+0.965
1683007080,+3.15,+13.596, +2.965,+0.965
1683007200,+3.15,+13.596, +2.943,+0.965
1683007320,+3.15,+13.587, +2.924,+0.965
1683007440,+3.15,+13.579, +2.767,+0.965
1683007560,+3.15,+13.552, +2.781,+0.965
1683007680,+3.15,+13.570, +2.793,+0.965
1683007800,+3.15,+13.552, +2.817,+0.965
1683007920,+3.15,+13.535, +2.847,+0.965
1683008040,+3.15,+13.552, +2.883,+0.965
1683008160,+3.15,+13.544, +2.910,+0.965
1683008280,+3.15,+13.535, +2.927,+0.965
1683008400,+3.15,+13.544, +2.921,+0.966
1683008520,+3.15,+13.535, +2.879,+0.965
1683008640,+3.15,+13.544, +2.818,+0.965
1683008760,+3.15,+13.535, +2.773,+0.965
1683008880,+3.15,+13.518, +2.756,+0.965
1683009000,+3.15,+13.535, +2.757,+0.965
1683009120,+3.15,+13.500, +2.751,+0.965
1683009240,+3.15,+13.500, +2.768,+0.965
1683009360,+3.15,+13.500, +2.775,+0.965
1683009480,+3.15,+13.500, +2.795,+0.965
1683009600,+3.15,+13.509, +2.828,+0.965
1683009720,+3.15,+13.491, +2.841,+0.965
1683009840,+3.15,+13.483, +2.832,+0.965
1683009960,+3.15,+13.500, +2.808,+0.965
1683010080,+3.15,+13.474, +2.796,+0.965
1683010200,+3.15,+13.465, +2.777,+0.965
1683010320,+3.15,+13.474, +2.748,+0.965
1683010440,+3.15,+13.474, +2.719,+0.965
1683010560,+3.14,+13.456, +2.696,+0.965
1683010680,+3.15,+13.465, +2.665,+0.965
1683010800,+3.14,+13.448, +2.650,+0.965
1683010920,+3.14,+13.439, +2.625,+0.965
1683011040,+3.14,+13.439, +2.637,+0.965
1683011160,+3.14,+13.430, +2.683,+0.965
1683011280,+3.14,+13.430, +2.699,+0.965
1683011400,+3.14,+13.413, +2.742,+0.965
1683011520,+3.14,+13.413, +2.763,+0.965
1683011640,+3.14,+13.404, +2.785,+0.965
1683011760,+3.14,+13.404, +2.779,+0.965
1683011880,+3.14,+13.395, +2.757,+0.965
1683012000,+3.14,+13.378, +2.789,+0.965
1683012120,+3.14,+13.378, +2.832,+0.965
1683012240,+3.14,+13.360, +2.856,+0.965
1683012360,+3.14,+13.369, +2.864,+0.965
1683012480,+3.14,+13.378, +2.851,+0.965
1683012600,+3.14,+13.351, +2.822,+0.965
1683012720,+3.14,+13.360, +2.797,+0.965
1683012840,+3.14,+13.343, +2.788,+0.965
1683012960,+3.14,+13.325, +2.783,+0.965
1683013080,+3.14,+13.308, +2.779,+0.965
1683013200,+3.14,+13.334, +2.765,+0.965
1683013320,+3.14,+13.343, +2.774,+0.965
1683013440,+3.14,+13.325, +2.789,+0.965
1683013560,+3.14,+13.316, +2.819,+0.965
1683013680,+3.14,+13.325, +2.834,+0.965
1683013800,+3.14,+13.316, +2.840,+0.965
1683013920,+3.14,+13.299, +2.841,+0.965
1683014040,+3.14,+13.299, +2.812,+0.965
1683014160,+3.14,+13.281, +2.846,+0.965
1683014280,+3.14,+13.299, +2.887,+0.965
1683014400,+3.14,+13.290, +2.891,+0.966
1683014520,+3.14,+13.299, +2.871,+0.965
1683014640,+3.14,+13.308, +2.854,+0.965
1683014760,+3.14,+13.316, +2.810,+0.965
1683014880,+3.15,+13.290, +2.760,+0.965
1683015000,+3.14,+13.299, +2.740,+0.965
1683015120,+3.14,+13.273, +2.723,+0.965
1683015240,+3.14,+13.281, +2.708,+0.965
1683015360,+3.14,+13.281, +2.703,+0.965
1683015480,+3.14,+13.255, +2.707,+0.965
1683015600,+3.15,+13.246, +2.709,+0.965
1683015720,+3.14,+13.255, +2.712,+0.965
1683015840,+3.15,+13.246, +2.723,+0.965
1683015960,+3.15,+13.229, +2.751,+0.965
1683016080,+3.14,+13.238, +2.774,+0.965
1683016200,+3.15,+13.229, +2.797,+0.965
1683016320,+3.14,+13.255, +2.806,+0.965
1683016440,+3.15,+13.238, +2.816,+0.965
1683016560,+3.15,+13.246, +2.813,+0.965
1683016680,+3.15,+13.229, +2.804,+0.965
1683016800,+3.14,+13.229, +2.787,+0.965
1683016920,+3.15,+13.238, +2.778,+0.965
1683017040,+3.15,+13.229, +2.783,+0.965
1683017160,+3.14,+13.220, +2.788,+0.965
1683017280,+3.15,+13.220, +2.781,+0.965
1683017400,+3.15,+13.211, +2.768,+0.965
1683017520,+3.15,+13.220, +2.740,+0.965
1683017640,+3.14,+13.203, +2.721,+0.965
1683017760,+3.15,+13.176, +2.727,+0.965
1683017880,+3.15,+13.203, +2.738,+0.965
1683018000,+3.15,+13.220, +2.746,+0.965
1683018120,+3.15,+13.203, +2.757,+0.965
1683018240,+3.15,+13.194, +2.766,+0.965
1683018360,+3.15,+13.185, +2.766,+0.965
1683018480,+3.15,+13.185, +2.768,+0.965
1683018600,+3.15,+13.168, +2.810,+0.965
1683018720,+3.15,+13.168, +2.843,+0.965
1683018840,+3.15,+13.185, +2.854,+0.965
1683018960,+3.15,+13.185, +2.856,+0.965
1683019080,+3.15,+13.141, +2.854,+0.965
1683019200,+3.15,+13.159, +2.842,+0.965
1683019320,+3.15,+13.176, +2.827,+0.965
1683019440,+3.15,+13.150, +2.816,+0.965
1683019560,+3.15,+13.150, +2.825,+0.965
1683019680,+3.15,+13.150, +2.873,+0.965
1683019800,+3.15,+13.141, +2.926,+0.965
1683019920,+3.15,+13.124, +2.961,+0.965
1683020040,+3.15,+13.124, +2.979,+0.965
1683020160,+3.15,+13.115, +2.981,+0.965
1683020280,+3.15,+13.124, +2.970,+0.965
1683020400,+3.15,+13.124, +2.967,+0.965
1683020520,+3.15,+13.132, +2.968,+0.966
1683020640,+3.15,+13.124, +2.958,+0.965
1683020760,+3.15,+13.132, +2.929,+0.965
1683020880,+3.15,+13.097, +2.904,+0.965
1683021000,+3.15,+13.115, +2.893,+0.965
1683021120,+3.15,+13.089, +2.884,+0.965
1683021240,+3.15,+13.132, +2.878,+0.965
1683021360,+3.15,+13.115, +2.871,+0.965
1683021480,+3.15,+13.124, +2.861,+0.965
1683021600,+3.15,+13.124, +2.858,+0.966
1683021720,+3.15,+13.124, +2.848,+0.965
1683021840,+3.15,+13.080, +2.688,+0.965
1683021960,+3.15,+13.097, +2.744,+0.965
1683022080,+3.15,+13.097, +2.774,+0.965
1683022200,+3.15,+13.089, +2.784,+0.965
1683022320,+3.15,+13.071, +2.788,+0.965
1683022440,+3.15,+13.097, +2.795,+0.965
1683022560,+3.15,+13.071, +2.811,+0.965
1683022680,+3.15,+13.062, +2.830,+0.965
1683022800,+3.15,+13.062, +2.861,+0.965
1683022920,+3.15,+13.080, +2.880,+0.965
1683023040,+3.15,+13.071, +2.881,+0.965
1683023160,+3.15,+13.071, +2.888,+0.965
1683023280,+3.15,+13.080, +2.883,+0.965
1683023400,+3.15,+13.045, +2.866,+0.965
1683023520,+3.15,+13.053, +2.881,+0.966
1683023640,+3.15,+13.045, +2.924,+0.966
1683023760,+3.15,+13.053, +2.940,+0.965
1683023880,+3.15,+13.045, +2.951,+0.966
1683024000,+3.15,+13.027, +2.943,+0.965
1683024120,+3.15,+13.036, +2.937,+0.965
1683024240,+3.15,+13.036, +2.935,+0.966
1683024360,+3.15,+13.036, +2.916,+0.965
1683024480,+3.15,+13.036, +2.899,+0.965
1683024600,+3.15,+13.010, +2.878,+0.965
1683024720,+3.15,+12.992, +2.863,+0.965
1683024840,+3.15,+13.018, +2.864,+0.965
1683024960,+3.15,+13.010, +2.874,+0.965
1683025080,+3.15,+13.010, +2.876,+0.965
1683025200,+3.15,+13.001, +2.878,+0.965
1683025320,+3.15,+13.001, +2.862,+0.965
1683025440,+3.15,+13.001, +2.863,+0.965
1683025560,+3.15,+13.001, +2.847,+0.965
1683025680,+3.15,+12.983, +2.834,+0.965
1683025800,+3.15,+12.983, +2.817,+0.965
1683025920,+3.15,+12.966, +2.813,+0.965
1683026040,+3.15,+12.983, +2.803,+0.965
1683026160,+3.15,+12.966, +2.822,+0.965
1683026280,+3.15,+12.974, +2.822,+0.965
1683026400,+3.15,+12.948, +2.827,+0.965
1683026520,+3.15,+12.966, +2.840,+0.965
1683026640,+3.15,+12.948, +2.855,+0.965
1683026760,+3.15,+12.948, +2.862,+0.966
1683026880,+3.15,+12.939, +2.880,+0.965
1683027000,+3.15,+12.948, +2.883,+0.965
1683027120,+3.15,+12.957, +2.875,+0.965
1683027240,+3.15,+12.948, +2.875,+0.966
1683027360,+3.15,+12.948, +2.872,+0.965
1683027480,+3.15,+12.957, +2.862,+0.965
1683027600,+3.15,+12.930, +2.852,+0.965
1683027720,+3.15,+12.948, +2.833,+0.966
1683027840,+3.15,+12.948, +2.802,+0.965
1683027960,+3.15,+12.939, +2.760,+0.965
1683028080,+3.15,+12.930, +2.735,+0.965
1683028200,+3.15,+12.913, +2.722,+0.965
1683028320,+3.15,+12.930, +2.724,+0.965
1683028440,+3.15,+12.948, +2.743,+0.965
1683028560,+3.15,+12.930, +2.763,+0.965
1683028680,+3.15,+12.930, +2.772,+0.965
1683028800,+3.15,+12.930, +2.776,+0.965
1683028920,+3.15,+12.930, +2.772,+0.965
1683029040,+3.15,+12.922, +2.763,+0.965
1683029160,+3.15,+12.922, +2.753,+0.965
1683029280,+3.15,+12.922, +2.750,+0.965
1683029400,+3.15,+12.922, +2.743,+0.965
1683029520,+3.15,+12.913, +2.737,+0.965
1683029640,+3.15,+12.913, +2.713,+0.965
1683029760,+3.15,+12.930, +2.673,+0.965
1683029880,+3.15,+12.922, +2.652,+0.965
1683030000,+3.15,+12.913, +2.598,+0.965
1683030120,+3.15,+12.913, +2.579,+0.965
1683030240,+3.15,+12.895, +2.555,+0.965
1683030360,+3.15,+12.895, +2.534,+0.965
1683030480,+3.15,+12.904, +2.527,+0.965
1683030600,+3.15,+12.904, +2.520,+0.965
1683030720,+3.15,+12.922, +2.522,+0.965
1683030840,+3.15,+12.895, +2.531,+0.965
1683030960,+3.15,+12.878, +2.529,+0.965
1683031080,+3.15,+12.895, +2.532,+0.965
1683031200,+3.15,+12.895, +2.539,+0.965
1683031320,+3.15,+12.887, +2.536,+0.965
1683031440,+3.15,+12.869, +2.541,+0.965
1683031560,+3.15,+12.887, +2.545,+0.965
1683031680,+3.15,+12.878, +2.551,+0.965
1683031800,+3.15,+12.887, +2.549,+0.965
1683031920,+3.15,+12.860, +2.549,+0.965
1683032040,+3.15,+12.869, +2.525,+0.965
1683032160,+3.15,+12.860, +2.505,+0.965
1683032280,+3.15,+12.860, +2.510,+0.965
1683032400,+3.15,+12.851, +2.506,+0.965
1683032520,+3.15,+12.869, +2.476,+0.965
1683032640,+3.15,+12.851, +2.504,+0.965
1683032760,+3.15,+12.860, +2.512,+0.965
1683032880,+3.15,+12.860, +2.498,+0.965
1683033000,+3.15,+12.869, +2.472,+0.965
1683033120,+3.15,+12.860, +2.448,+0.965
1683033240,+3.15,+12.851, +2.409,+0.965
1683033360,+3.15,+12.843, +2.386,+0.965
1683033480,+3.15,+12.834, +2.368,+0.965
1683033600,+3.15,+12.843, +2.369,+0.965
1683033720,+3.15,+12.843, +2.376,+0.965
1683033840,+3.15,+12.834, +2.378,+0.965
1683033960,+3.15,+12.851, +2.365,+0.965
1683034080,+3.15,+12.843, +2.347,+0.965
1683034200,+3.15,+12.825, +2.332,+0.965
1683034320,+3.15,+12.834, +2.307,+0.964
1683034440,+3.15,+12.825, +2.313,+0.965
1683034560,+3.15,+12.834, +2.320,+0.965
1683034680,+3.15,+12.825, +2.328,+0.965
1683034800,+3.15,+12.825, +2.349,+0.965
1683034920,+3.15,+12.825, +2.365,+0.965
1683035040,+3.15,+12.825, +2.367,+0.965
1683035160,+3.15,+12.816, +2.351,+0.965
1683035280,+3.15,+12.825, +2.310,+0.964
1683035400,+3.15,+12.825, +2.286,+0.965
1683035520,+3.15,+12.825, +2.272,+0.965
1683035640,+3.15,+12.816, +2.254,+0.965
1683035760,+3.15,+12.816, +2.244,+0.964
1683035880,+3.15,+12.807, +2.233,+0.964
1683036000,+3.15,+12.807, +2.214,+0.964
1683036120,+3.15,+12.799, +2.204,+0.964
1683036240,+3.15,+12.807, +2.145,+0.964
1683036360,+3.15,+12.816, +2.177,+0.964
1683036480,+3.15,+12.816, +2.196,+0.964
1683036600,+3.15,+12.807, +2.207,+0.964
1683036720,+3.15,+12.790, +2.215,+0.965
1683036840,+3.15,+12.781, +2.212,+0.964
1683036960,+3.15,+12.799, +2.220,+0.964
1683037080,+3.15,+12.790, +2.233,+0.964
1683037200,+3.15,+12.790, +2.237,+0.964
1683037320,+3.15,+12.799, +2.228,+0.965
1683037440,+3.15,+12.799, +2.219,+0.965
1683037560,+3.15,+12.790, +2.214,+0.964
1683037680,+3.15,+12.790, +2.211,+0.965
1683037800,+3.15,+12.781, +2.211,+0.964
1683037920,+3.15,+12.799, +2.183,+0.964
1683038040,+3.15,+12.790, +2.173,+0.964
1683038160,+3.15,+12.799, +2.179,+0.964
1683038280,+3.15,+12.772, +2.191,+0.964
1683038400,+3.15,+12.790, +2.196,+0.964
1683038520,+3.15,+12.790, +2.212,+0.965
1683038640,+3.15,+12.807, +2.224,+0.964
1683038760,+3.15,+12.781, +2.225,+0.965
1683038880,+3.15,+12.790, +2.212,+0.964
1683039000,+3.15,+12.790, +2.209,+0.964
1683039120,+3.15,+12.799, +2.204,+0.964
1683039240,+3.15,+12.807, +2.189,+0.964
1683039360,+3.15,+12.790, +2.188,+0.965
1683039480,+3.15,+12.772, +2.169,+0.965
1683039600,+3.15,+12.807, +2.136,+0.964
1683039720,+3.15,+12.781, +2.116,+0.964
1683039840,+3.15,+12.816, +2.108,+0.964
1683039960,+3.15,+12.799, +2.103,+0.964
1683040080,+3.15,+12.816, +2.108,+0.964
1683040200,+3.15,+12.799, +2.121,+0.964
1683040320,+3.15,+12.807, +2.133,+0.964
1683040440,+3.15,+12.799, +2.147,+0.964
1683040560,+3.15,+12.807, +2.145,+0.964
1683040680,+3.15,+12.816, +2.142,+0.964
1683040800,+3.15,+12.807, +2.146,+0.964
1683040920,+3.15,+12.807, +2.152,+0.964
1683041040,+3.15,+12.799, +2.156,+0.964
1683041160,+3.15,+12.816, +2.165,+0.964
1683041280,+3.15,+12.799, +2.181,+0.964
1683041400,+3.15,+12.825, +2.195,+0.964
1683041520,+3.15,+12.790, +2.211,+0.965
1683041640,+3.15,+12.807, +2.210,+0.964
1683041760,+3.15,+12.799, +2.209,+0.964
1683041880,+3.15,+12.816, +2.209,+0.965
1683042000,+3.15,+12.816, +2.207,+0.964
1683042120,+3.15,+12.825, +2.212,+0.964
1683042240,+3.15,+12.807, +2.220,+0.964
1683042360,+3.15,+12.816, +2.224,+0.965
1683042480,+3.15,+12.825, +2.224,+0.964
1683042600,+3.15,+12.825, +2.230,+0.965
1683042720,+3.15,+12.807, +2.245,+0.964
1683042840,+3.15,+12.816, +2.254,+0.965
1683042960,+3.15,+12.825, +2.254,+0.965
1683043080,+3.15,+12.807, +2.255,+0.965
1683043200,+3.15,+12.816, +2.266,+0.965
1683043320,+3.15,+12.816, +2.277,+0.965
1683043440,+3.15,+12.816, +2.289,+0.965
1683043560,+3.15,+12.807, +2.296,+0.965
1683043680,+3.15,+12.825, +2.296,+0.965
1683043800,+3.15,+12.816, +2.300,+0.965
1683043920,+3.15,+12.816, +2.305,+0.965
1683044040,+3.15,+12.799, +2.308,+0.965
1683044160,+3.15,+12.799, +2.302,+0.965
1683044280,+3.15,+12.807, +2.292,+0.965
1683044400,+3.15,+12.807, +2.283,+0.965
1683044520,+3.15,+12.807, +2.283,+0.965
1683044640,+3.15,+12.790, +2.307,+0.965
1683044760,+3.15,+12.816, +2.336,+0.965
1683044880,+3.15,+12.807, +2.370,+0.965
1683045000,+3.15,+12.807, +2.396,+0.965
1683045120,+3.15,+12.825, +2.413,+0.965
1683045240,+3.15,+12.825, +2.417,+0.965
1683045360,+3.15,+12.807, +2.409,+0.965
1683045480,+3.15,+12.790, +2.372,+0.965
1683045600,+3.15,+12.807, +2.321,+0.965
1683045720,+3.15,+12.816, +2.288,+0.964
1683045840,+3.15,+12.816, +2.277,+0.964
1683045960,+3.15,+12.825, +2.307,+0.965
1683046080,+3.15,+12.825, +2.339,+0.965
1683046200,+3.15,+12.807, +2.380,+0.965
1683046320,+3.15,+12.816, +2.418,+0.965
1683046440,+3.15,+12.825, +2.462,+0.965
1683046560,+3.15,+12.825, +2.517,+0.965
1683046680,+3.15,+12.816, +2.565,+0.965
1683046800,+3.15,+12.825, +2.594,+0.965
1683046920,+3.15,+12.843, +2.618,+0.965
1683047040,+3.15,+12.843, +2.638,+0.965
1683047160,+3.15,+12.851, +2.650,+0.965
1683047280,+3.15,+12.869, +2.662,+0.965
1683047400,+3.15,+12.869, +2.617,+0.965
1683047520,+3.15,+12.887, +2.573,+0.965
1683047640,+3.15,+12.860, +2.551,+0.965
1683047760,+3.15,+12.878, +2.574,+0.965
1683047880,+3.15,+12.895, +2.599,+0.965
1683048000,+3.15,+12.878, +2.622,+0.965
1683048120,+3.15,+12.887, +2.610,+0.965
1683048240,+3.15,+12.887, +2.600,+0.965
1683048360,+3.15,+12.887, +2.608,+0.965
1683048480,+3.15,+12.887, +2.616,+0.965
1683048600,+3.15,+12.922, +2.622,+0.965
1683048720,+3.15,+12.904, +2.639,+0.965
1683048840,+3.15,+12.895, +2.652,+0.965
1683048960,+3.15,+12.904, +2.652,+0.965
1683049080,+3.15,+12.895, +2.652,+0.965
1683049200,+3.15,+12.904, +2.646,+0.965
1683049320,+3.15,+12.922, +2.651,+0.965
1683049440,+3.15,+12.939, +2.661,+0.965
1683049560,+3.15,+12.939, +2.690,+0.965
1683049680,+3.15,+12.930, +2.713,+0.965
1683049800,+3.15,+12.939, +2.729,+0.965
1683049920,+3.15,+12.948, +2.740,+0.965
1683050040,+3.15,+12.966, +2.767,+0.965
1683050160,+3.15,+12.974, +2.808,+0.965
1683050280,+3.15,+12.948, +2.845,+0.965
1683050400,+3.15,+12.966, +2.869,+0.965
1683050520,+3.15,+12.957, +2.864,+0.965
1683050640,+3.15,+12.966, +2.518,+0.965
1683050760,+3.15,+12.966, +2.558,+0.965
1683050880,+3.15,+12.966, +2.609,+0.965
1683051000,+3.15,+12.966, +2.657,+0.965
1683051120,+3.15,+12.966, +2.691,+0.965
1683051240,+3.15,+12.983, +2.713,+0.965
1683051360,+3.15,+12.992, +2.733,+0.965
1683051480,+3.15,+12.983, +2.747,+0.965
1683051600,+3.15,+12.992, +2.754,+0.965
1683051720,+3.15,+12.992, +2.759,+0.965
1683051840,+3.15,+12.992, +2.761,+0.965
1683051960,+3.15,+13.010, +2.768,+0.965
1683052080,+3.15,+12.992, +2.765,+0.965
1683052200,+3.15,+13.018, +2.751,+0.965
1683052320,+3.15,+13.001, +2.733,+0.965
1683052440,+3.15,+12.983, +2.716,+0.965
