7450-401396
OS REV: 1.05 Sensor Cal: 1618512290
Time (sec),  BV (Volts),  T (deg C),  DO (mg/l),  Q ()
1693175400,+3.02,+26.048, +8.035,+0.955
1693175520,+3.02,+25.955, +8.046,+0.955
1693175640,+3.02,+25.913, +8.061,+0.955
1693175760,+3.02,+25.854, +8.056,+0.954
1693175880,+3.02,+25.795, +8.085,+0.955
1693176000,+3.02,+25.744, +8.080,+0.955
1693176120,+3.02,+25.702, +8.078,+0.954
1693176240,+3.02,+25.676, +8.089,+0.955
1693176360,+3.02,+25.634, +8.094,+0.955
1693176480,+3.02,+25.584, +8.108,+0.956
1693176600,+3.02,+25.567, +8.106,+0.955
1693176720,+3.02,+25.516, +8.114,+0.955
1693176840,+3.02,+25.474, +8.105,+0.954
1693176960,+3.02,+25.457, +8.111,+0.955
1693177080,+3.02,+25.407, +8.117,+0.955
1693177200,+3.02,+25.356, +8.136,+0.954
1693177320,+3.02,+25.322, +8.130,+0.954
1693177440,+3.02,+25.314, +8.135,+0.954
1693177560,+3.02,+25.272, +8.141,+0.955
1693177680,+3.02,+25.238, +8.136,+0.954
1693177800,+3.02,+25.205, +8.148,+0.954
1693177920,+3.02,+25.162, +8.171,+0.954
1693178040,+3.02,+25.112, +8.170,+0.955
1693178160,+3.02,+25.120, +8.161,+0.955
1693178280,+3.02,+25.070, +8.167,+0.954
1693178400,+3.02,+25.028, +8.178,+0.954
1693178520,+3.02,+24.977, +8.168,+0.954
1693178640,+3.02,+24.927, +8.178,+0.954
1693178760,+3.02,+24.885, +8.192,+0.954
1693178880,+3.02,+24.834, +8.202,+0.954
1693179000,+3.02,+24.801, +8.234,+0.954
1693179120,+3.02,+24.733, +8.211,+0.954
1693179240,+3.02,+24.691, +8.218,+0.954
1693179360,+3.02,+24.632, +8.234,+0.953
1693179480,+3.02,+24.582, +8.244,+0.954
1693179600,+3.03,+24.523, +8.244,+0.954
1693179720,+3.03,+24.506, +8.260,+0.954
1693179840,+3.03,+24.422, +8.247,+0.953
1693179960,+3.03,+24.380, +8.275,+0.954
1693180080,+3.02,+24.322, +8.270,+0.953
1693180200,+3.02,+24.280, +8.279,+0.954
1693180320,+3.02,+24.196, +8.300,+0.954
1693180440,+3.02,+24.154, +8.292,+0.953
1693180560,+3.02,+24.120, +8.286,+0.953
1693180680,+3.02,+24.087, +8.300,+0.953
1693180800,+3.02,+24.011, +8.297,+0.952
1693180920,+3.02,+23.978, +8.315,+0.953
1693181040,+3.02,+23.936, +8.317,+0.953
1693181160,+3.02,+23.877, +8.340,+0.953
1693181280,+3.02,+23.852, +8.328,+0.953
1693181400,+3.02,+23.818, +8.335,+0.953
1693181520,+3.02,+23.776, +8.341,+0.953
1693181640,+3.02,+23.751, +8.356,+0.953
1693181760,+3.03,+23.701, +8.360,+0.952
1693181880,+3.03,+23.659, +8.354,+0.952
1693182000,+3.03,+23.617, +8.380,+0.952
1693182120,+3.03,+23.609, +8.370,+0.952
1693182240,+3.03,+23.558, +8.393,+0.953
1693182360,+3.03,+23.542, +8.369,+0.952
1693182480,+3.03,+23.508, +8.375,+0.952
1693182600,+3.03,+23.491, +8.382,+0.952
1693182720,+3.03,+23.449, +8.401,+0.952
1693182840,+3.03,+23.408, +8.403,+0.952
1693182960,+3.03,+23.366, +8.411,+0.953
1693183080,+3.03,+23.357, +8.400,+0.952
1693183200,+3.03,+23.307, +8.438,+0.952
1693183320,+3.03,+23.274, +8.416,+0.952
1693183440,+3.02,+23.223, +8.437,+0.952
1693183560,+3.02,+23.215, +8.440,+0.952
1693183680,+3.02,+23.165, +8.429,+0.952
1693183800,+3.02,+23.140, +8.435,+0.952
1693183920,+3.02,+23.098, +8.438,+0.952
1693184040,+3.02,+23.039, +8.445,+0.951
1693184160,+3.02,+23.022, +8.456,+0.952
1693184280,+3.02,+22.972, +8.465,+0.952
1693184400,+3.02,+22.922, +8.466,+0.952
1693184520,+3.02,+22.880, +8.479,+0.952
1693184640,+3.02,+22.847, +8.482,+0.952
1693184760,+3.03,+22.805, +8.473,+0.951
1693184880,+3.03,+22.788, +8.466,+0.951
1693185000,+3.03,+22.746, +8.493,+0.952
1693185120,+3.03,+22.738, +8.502,+0.953
1693185240,+3.03,+22.696, +8.483,+0.951
1693185360,+3.03,+22.704, +8.492,+0.952
1693185480,+3.03,+22.679, +8.491,+0.952
1693185600,+3.03,+22.654, +8.498,+0.952
1693185720,+3.03,+22.646, +8.500,+0.951
1693185840,+3.03,+22.637, +8.508,+0.952
1693185960,+3.03,+22.637, +8.488,+0.951
1693186080,+3.03,+22.604, +8.497,+0.951
1693186200,+3.03,+22.604, +8.503,+0.952
1693186320,+3.03,+22.579, +8.511,+0.951
1693186440,+3.03,+22.570, +8.510,+0.952
1693186560,+3.03,+22.545, +8.510,+0.951
1693186680,+3.03,+22.520, +8.511,+0.951
1693186800,+3.03,+22.512, +8.515,+0.951
1693186920,+3.03,+22.504, +8.515,+0.951
1693187040,+3.03,+22.462, +8.539,+0.952
1693187160,+3.03,+22.453, +8.539,+0.951
1693187280,+3.03,+22.437, +8.526,+0.951
1693187400,+3.03,+22.428, +8.539,+0.952
1693187520,+3.03,+22.403, +8.530,+0.951
1693187640,+3.03,+22.395, +8.524,+0.951
1693187760,+3.03,+22.353, +8.540,+0.951
1693187880,+3.03,+22.328, +8.547,+0.952
1693188000,+3.03,+22.294, +8.550,+0.951
1693188120,+3.03,+22.294, +8.544,+0.951
1693188240,+3.03,+22.261, +8.548,+0.951
1693188360,+3.03,+22.253, +8.545,+0.951
1693188480,+3.03,+22.244, +8.555,+0.951
1693188600,+3.03,+22.227, +8.555,+0.951
1693188720,+3.03,+22.211, +8.556,+0.951
1693188840,+3.03,+22.194, +8.551,+0.951
1693188960,+3.03,+22.186, +8.549,+0.951
1693189080,+3.03,+22.177, +8.555,+0.951
1693189200,+3.03,+22.177, +8.568,+0.951
1693189320,+3.03,+22.152, +8.568,+0.951
1693189440,+3.02,+22.110, +8.578,+0.951
1693189560,+3.02,+22.094, +8.583,+0.951
1693189680,+3.02,+22.052, +8.588,+0.951
1693189800,+3.02,+22.027, +8.585,+0.951
1693189920,+3.02,+22.018, +8.571,+0.950
1693190040,+3.02,+21.993, +8.569,+0.950
1693190160,+3.02,+21.993, +8.583,+0.951
1693190280,+3.02,+21.985, +8.588,+0.952
1693190400,+3.02,+21.952, +8.583,+0.951
1693190520,+3.02,+21.952, +8.589,+0.951
1693190640,+3.02,+21.943, +8.582,+0.951
1693190760,+3.02,+21.918, +8.591,+0.951
1693190880,+3.02,+21.885, +8.587,+0.950
1693191000,+3.02,+21.901, +8.583,+0.951
1693191120,+3.02,+21.860, +8.609,+0.952
1693191240,+3.02,+21.876, +8.586,+0.951
1693191360,+3.02,+21.868, +8.591,+0.951
1693191480,+3.03,+21.818, +8.598,+0.951
1693191600,+3.03,+21.809, +8.608,+0.951
1693191720,+3.03,+21.818, +8.607,+0.951
1693191840,+3.03,+21.818, +8.604,+0.951
1693191960,+3.03,+21.776, +8.605,+0.951
1693192080,+3.03,+21.768, +8.614,+0.951
1693192200,+3.03,+21.759, +8.618,+0.951
1693192320,+3.03,+21.759, +8.608,+0.951
1693192440,+3.03,+21.726, +8.617,+0.951
1693192560,+3.03,+21.734, +8.624,+0.951
1693192680,+3.03,+21.709, +8.626,+0.951
1693192800,+3.03,+21.701, +8.618,+0.950
1693192920,+3.03,+21.692, +8.612,+0.950
1693193040,+3.03,+21.692, +8.616,+0.950
1693193160,+3.03,+21.701, +8.610,+0.950
1693193280,+3.03,+21.684, +8.614,+0.950
1693193400,+3.03,+21.676, +8.616,+0.951
1693193520,+3.03,+21.676, +8.614,+0.951
1693193640,+3.03,+21.650, +8.621,+0.951
1693193760,+3.03,+21.650, +8.624,+0.951
1693193880,+3.03,+21.642, +8.621,+0.951
1693194000,+3.03,+21.634, +8.618,+0.950
1693194120,+3.03,+21.642, +8.616,+0.950
1693194240,+3.03,+21.617, +8.623,+0.950
1693194360,+3.03,+21.609, +8.624,+0.951
1693194480,+3.03,+21.609, +8.629,+0.951
1693194600,+3.03,+21.600, +8.636,+0.951
1693194720,+3.03,+21.592, +8.624,+0.951
1693194840,+3.03,+21.584, +8.630,+0.951
1693194960,+3.03,+21.567, +8.637,+0.951
1693195080,+3.03,+21.575, +8.624,+0.951
1693195200,+3.03,+21.558, +8.623,+0.950
1693195320,+3.03,+21.567, +8.633,+0.951
1693195440,+3.03,+21.542, +8.630,+0.950
1693195560,+3.03,+21.533, +8.637,+0.951
1693195680,+3.03,+21.550, +8.637,+0.951
1693195800,+3.03,+21.508, +8.638,+0.950
1693195920,+3.03,+21.542, +8.622,+0.950
1693196040,+3.03,+21.508, +8.628,+0.950
1693196160,+3.03,+21.508, +8.641,+0.951
1693196280,+3.03,+21.492, +8.635,+0.950
1693196400,+3.03,+21.492, +8.643,+0.951
1693196520,+3.03,+21.475, +8.640,+0.950
1693196640,+3.03,+21.475, +8.643,+0.951
1693196760,+3.03,+21.483, +8.636,+0.950
1693196880,+3.03,+21.475, +8.641,+0.951
1693197000,+3.03,+21.483, +8.628,+0.950
1693197120,+3.03,+21.458, +8.649,+0.951
1693197240,+3.03,+21.458, +8.641,+0.950
1693197360,+3.03,+21.450, +8.646,+0.951
1693197480,+3.03,+21.450, +8.640,+0.950
1693197600,+3.03,+21.433, +8.643,+0.950
1693197720,+3.03,+21.416, +8.644,+0.950
1693197840,+3.03,+21.416, +8.650,+0.950
1693197960,+3.03,+21.408, +8.649,+0.951
1693198080,+3.03,+21.383, +8.658,+0.951
1693198200,+3.03,+21.349, +8.663,+0.951
1693198320,+3.03,+21.366, +8.653,+0.950
1693198440,+3.03,+21.324, +8.661,+0.950
1693198560,+3.03,+21.308, +8.662,+0.950
1693198680,+3.03,+21.291, +8.669,+0.951
1693198800,+3.03,+21.283, +8.663,+0.950
1693198920,+3.03,+21.266, +8.659,+0.950
1693199040,+3.03,+21.216, +8.672,+0.950
1693199160,+3.03,+21.224, +8.682,+0.951
1693199280,+3.03,+21.199, +8.671,+0.950
1693199400,+3.03,+21.191, +8.669,+0.950
1693199520,+3.03,+21.182, +8.674,+0.950
1693199640,+3.03,+21.174, +8.674,+0.950
1693199760,+3.03,+21.149, +8.677,+0.950
1693199880,+3.03,+21.132, +8.683,+0.950
1693200000,+3.03,+21.115, +8.690,+0.950
1693200120,+3.03,+21.107, +8.683,+0.950
1693200240,+3.03,+21.065, +8.695,+0.950
1693200360,+3.03,+21.048, +8.698,+0.950
1693200480,+3.03,+21.023, +8.695,+0.950
1693200600,+3.03,+21.015, +8.705,+0.950
1693200720,+3.03,+20.981, +8.700,+0.950
1693200840,+3.03,+20.965, +8.704,+0.950
1693200960,+3.03,+20.948, +8.710,+0.950
1693201080,+3.03,+20.915, +8.727,+0.951
1693201200,+3.03,+20.889, +8.727,+0.950
1693201320,+3.03,+20.898, +8.715,+0.950
1693201440,+3.03,+20.873, +8.720,+0.950
1693201560,+3.03,+20.839, +8.738,+0.951
1693201680,+3.03,+20.814, +8.725,+0.950
1693201800,+3.03,+20.789, +8.733,+0.950
1693201920,+3.03,+20.781, +8.738,+0.950
1693202040,+3.03,+20.764, +8.745,+0.950
1693202160,+3.03,+20.739, +8.750,+0.950
1693202280,+3.03,+20.714, +8.746,+0.950
1693202400,+3.03,+20.689, +8.756,+0.950
1693202520,+3.03,+20.655, +8.759,+0.950
1693202640,+3.03,+20.647, +8.750,+0.950
1693202760,+3.03,+20.655, +8.753,+0.950
1693202880,+3.03,+20.630, +8.752,+0.950
1693203000,+3.03,+20.597, +8.759,+0.950
1693203120,+3.03,+20.605, +8.754,+0.950
1693203240,+3.03,+20.572, +8.763,+0.950
1693203360,+3.03,+20.546, +8.765,+0.950
1693203480,+3.03,+20.546, +8.771,+0.950
1693203600,+3.03,+20.521, +8.768,+0.950
1693203720,+3.03,+20.488, +8.782,+0.950
1693203840,+3.03,+20.496, +8.772,+0.950
1693203960,+3.03,+20.463, +8.784,+0.950
1693204080,+3.03,+20.454, +8.790,+0.950
1693204200,+3.03,+20.446, +8.798,+0.951
1693204320,+3.03,+20.421, +8.789,+0.950
1693204440,+3.03,+20.396, +8.792,+0.950
1693204560,+3.03,+20.404, +8.795,+0.950
1693204680,+3.03,+20.371, +8.807,+0.950
1693204800,+3.03,+20.379, +8.795,+0.950
1693204920,+3.03,+20.346, +8.806,+0.950
1693205040,+3.03,+20.337, +8.800,+0.950
1693205160,+3.03,+20.329, +8.795,+0.949
1693205280,+3.03,+20.287, +8.820,+0.950
1693205400,+3.03,+20.279, +8.814,+0.950
1693205520,+3.03,+20.279, +8.817,+0.950
1693205640,+3.03,+20.262, +8.813,+0.950
1693205760,+3.03,+20.253, +8.818,+0.950
1693205880,+3.03,+20.262, +8.807,+0.950
1693206000,+3.03,+20.220, +8.824,+0.950
1693206120,+3.03,+20.220, +8.822,+0.950
1693206240,+3.03,+20.228, +8.815,+0.950
1693206360,+3.03,+20.228, +8.819,+0.950
1693206480,+3.03,+20.220, +8.808,+0.950
1693206600,+3.03,+20.212, +8.817,+0.950
1693206720,+3.03,+20.203, +8.803,+0.949
1693206840,+3.03,+20.178, +8.815,+0.950
1693206960,+3.03,+20.161, +8.832,+0.950
1693207080,+3.03,+20.161, +8.821,+0.950
1693207200,+3.03,+20.145, +8.816,+0.949
1693207320,+3.03,+20.128, +8.829,+0.950
1693207440,+3.03,+20.103, +8.835,+0.950
1693207560,+3.03,+20.069, +8.839,+0.950
1693207680,+3.03,+20.061, +8.838,+0.949
1693207800,+3.03,+20.061, +8.849,+0.950
1693207920,+3.03,+20.019, +8.846,+0.949
1693208040,+3.03,+20.002, +8.860,+0.950
1693208160,+3.03,+19.986, +8.844,+0.949
1693208280,+3.03,+19.977, +8.864,+0.950
1693208400,+3.03,+19.977, +8.847,+0.949
1693208520,+3.03,+19.986, +8.857,+0.950
1693208640,+3.03,+19.960, +8.860,+0.950
1693208760,+3.03,+19.960, +8.858,+0.950
1693208880,+3.03,+19.952, +8.858,+0.950
1693209000,+3.03,+19.952, +8.853,+0.950
1693209120,+3.03,+19.944, +8.861,+0.950
1693209240,+3.03,+19.952, +8.852,+0.950
1693209360,+3.03,+19.952, +8.852,+0.950
1693209480,+3.03,+19.919, +8.865,+0.950
1693209600,+3.03,+19.919, +8.869,+0.950
1693209720,+3.03,+19.910, +8.870,+0.950
1693209840,+3.03,+19.902, +8.865,+0.950
1693209960,+3.03,+19.927, +8.855,+0.949
1693210080,+3.03,+19.910, +8.867,+0.950
1693210200,+3.03,+19.910, +8.870,+0.950
1693210320,+3.03,+19.919, +8.865,+0.950
1693210440,+3.03,+19.919, +8.857,+0.950
1693210560,+3.03,+19.944, +8.850,+0.950
1693210680,+3.03,+19.935, +8.857,+0.950
1693210800,+3.03,+19.952, +8.852,+0.950
1693210920,+3.03,+19.935, +8.872,+0.951
1693211040,+3.03,+19.952, +8.858,+0.950
1693211160,+3.03,+19.969, +8.858,+0.950
1693211280,+3.03,+19.952, +8.863,+0.950
1693211400,+3.03,+19.952, +8.850,+0.949
1693211520,+3.03,+19.935, +8.872,+0.950
1693211640,+3.03,+19.944, +8.871,+0.950
1693211760,+3.03,+19.944, +8.858,+0.950
1693211880,+3.03,+19.927, +8.868,+0.950
1693212000,+3.03,+19.944, +8.865,+0.950
1693212120,+3.03,+19.952, +8.858,+0.950
1693212240,+3.03,+19.969, +8.852,+0.950
1693212360,+3.03,+19.952, +8.857,+0.950
1693212480,+3.03,+19.969, +8.853,+0.950
1693212600,+3.03,+19.977, +8.857,+0.950
1693212720,+3.03,+19.986, +8.852,+0.950
1693212840,+3.03,+20.002, +8.849,+0.950
1693212960,+3.03,+20.053, +8.842,+0.951
1693213080,+3.03,+20.053, +8.846,+0.951
1693213200,+3.03,+20.053, +8.831,+0.950
1693213320,+3.03,+20.061, +8.844,+0.950
1693213440,+3.03,+20.094, +8.828,+0.950
1693213560,+3.03,+20.103, +8.829,+0.950
1693213680,+3.03,+20.103, +8.824,+0.950
1693213800,+3.03,+20.094, +8.829,+0.950
1693213920,+3.03,+20.094, +8.835,+0.950
1693214040,+3.03,+20.103, +8.832,+0.950
1693214160,+3.03,+20.103, +8.835,+0.950
1693214280,+3.03,+20.120, +8.824,+0.950
1693214400,+3.03,+20.111, +8.831,+0.950
1693214520,+3.03,+20.111, +8.841,+0.951
1693214640,+3.03,+20.103, +8.827,+0.950
1693214760,+3.03,+20.120, +8.823,+0.950
1693214880,+3.03,+20.111, +8.818,+0.949
1693215000,+3.03,+20.103, +8.822,+0.950
1693215120,+3.03,+20.128, +8.832,+0.951
1693215240,+3.03,+20.128, +8.819,+0.950
1693215360,+3.03,+20.111, +8.824,+0.950
1693215480,+3.03,+20.111, +8.826,+0.950
1693215600,+3.03,+20.136, +8.819,+0.950
1693215720,+3.03,+20.145, +8.832,+0.951
1693215840,+3.03,+20.136, +8.825,+0.950
1693215960,+3.03,+20.128, +8.827,+0.950
1693216080,+3.03,+20.136, +8.819,+0.950
1693216200,+3.03,+20.128, +8.824,+0.950
1693216320,+3.03,+20.128, +8.833,+0.951
1693216440,+3.03,+20.111, +8.829,+0.950
1693216560,+3.03,+20.094, +8.835,+0.950
1693216680,+3.03,+20.136, +8.824,+0.950
1693216800,+3.03,+20.120, +8.823,+0.949
1693216920,+3.03,+20.145, +8.821,+0.950
1693217040,+3.03,+20.136, +8.823,+0.950
1693217160,+3.03,+20.153, +8.827,+0.950
1693217280,+3.03,+20.145, +8.827,+0.950
1693217400,+3.03,+20.145, +8.826,+0.950
1693217520,+3.03,+20.111, +8.839,+0.951
1693217640,+3.03,+20.145, +8.832,+0.951
1693217760,+3.03,+20.170, +8.836,+0.951
1693217880,+3.03,+20.170, +8.829,+0.951
1693218000,+3.03,+20.170, +8.827,+0.950
1693218120,+3.03,+20.161, +8.828,+0.950
1693218240,+3.03,+20.195, +8.814,+0.950
1693218360,+3.03,+20.203, +8.816,+0.950
1693218480,+3.03,+20.220, +8.812,+0.950
1693218600,+3.03,+20.220, +8.802,+0.950
1693218720,+3.03,+20.228, +8.816,+0.951
1693218840,+3.03,+20.237, +8.813,+0.950
1693218960,+3.03,+20.220, +8.823,+0.951
1693219080,+3.03,+20.262, +8.805,+0.950
1693219200,+3.03,+20.262, +8.804,+0.950
1693219320,+3.03,+20.279, +8.811,+0.951
1693219440,+3.03,+20.287, +8.800,+0.950
1693219560,+3.03,+20.304, +8.802,+0.950
1693219680,+3.03,+20.329, +8.802,+0.950
1693219800,+3.03,+20.362, +8.790,+0.950
1693219920,+3.03,+20.379, +8.788,+0.950
1693220040,+3.03,+20.362, +8.799,+0.951
1693220160,+3.03,+20.362, +8.790,+0.950
1693220280,+3.03,+20.396, +8.780,+0.950
1693220400,+3.03,+20.396, +8.794,+0.951
1693220520,+3.03,+20.413, +8.792,+0.951
1693220640,+3.03,+20.446, +8.774,+0.950
1693220760,+3.03,+20.438, +8.792,+0.951
1693220880,+3.03,+20.471, +8.781,+0.951
1693221000,+3.03,+20.488, +8.778,+0.951
1693221120,+3.03,+20.538, +8.762,+0.950
1693221240,+3.03,+20.563, +8.767,+0.951
1693221360,+3.03,+20.588, +8.760,+0.951
1693221480,+3.03,+20.613, +8.752,+0.950
1693221600,+3.03,+20.622, +8.759,+0.951
1693221720,+3.03,+20.680, +8.731,+0.950
1693221840,+3.03,+20.705, +8.743,+0.951
1693221960,+3.03,+20.747, +8.726,+0.950
1693222080,+3.03,+20.781, +8.717,+0.950
1693222200,+3.03,+20.831, +8.724,+0.951
1693222320,+3.03,+20.831, +8.724,+0.951
1693222440,+3.03,+20.864, +8.717,+0.951
1693222560,+3.03,+20.906, +8.704,+0.950
1693222680,+3.03,+20.898, +8.712,+0.951
1693222800,+3.03,+20.923, +8.698,+0.950
1693222920,+3.03,+20.956, +8.697,+0.950
1693223040,+3.02,+20.990, +8.682,+0.950
1693223160,+3.03,+21.007, +8.681,+0.950
1693223280,+3.03,+21.073, +8.677,+0.950
1693223400,+3.03,+21.124, +8.680,+0.951
1693223520,+3.03,+21.191, +8.666,+0.951
1693223640,+3.03,+21.283, +8.658,+0.951
1693223760,+3.03,+21.349, +8.645,+0.951
1693223880,+3.03,+21.450, +8.624,+0.951
1693224000,+3.03,+21.525, +8.625,+0.951
1693224120,+3.03,+21.600, +8.596,+0.951
1693224240,+3.03,+21.617, +8.596,+0.951
1693224360,+3.03,+21.642, +8.583,+0.950
1693224480,+3.03,+21.684, +8.585,+0.951
1693224600,+3.03,+21.709, +8.579,+0.951
1693224720,+3.03,+21.759, +8.566,+0.951
1693224840,+3.03,+21.793, +8.560,+0.950
1693224960,+3.02,+21.851, +8.569,+0.951
1693225080,+3.02,+21.868, +8.562,+0.950
1693225200,+3.02,+21.926, +8.544,+0.950
1693225320,+3.02,+21.952, +8.543,+0.950
1693225440,+3.02,+22.002, +8.545,+0.951
1693225560,+3.02,+22.018, +8.543,+0.950
1693225680,+3.02,+22.052, +8.536,+0.950
1693225800,+3.02,+22.094, +8.532,+0.950
1693225920,+3.02,+22.127, +8.525,+0.950
1693226040,+3.03,+22.161, +8.528,+0.951
1693226160,+3.03,+22.186, +8.518,+0.950
1693226280,+3.03,+22.227, +8.516,+0.951
1693226400,+3.03,+22.286, +8.499,+0.950
1693226520,+3.03,+22.328, +8.494,+0.950
1693226640,+3.03,+22.395, +8.490,+0.950
1693226760,+3.03,+22.462, +8.479,+0.950
1693226880,+3.03,+22.545, +8.469,+0.950
1693227000,+3.03,+22.629, +8.459,+0.950
1693227120,+3.03,+22.696, +8.469,+0.951
1693227240,+3.03,+22.763, +8.451,+0.951
1693227360,+3.02,+22.813, +8.431,+0.950
1693227480,+3.02,+22.897, +8.430,+0.951
1693227600,+3.02,+22.947, +8.425,+0.951
1693227720,+3.02,+23.014, +8.403,+0.950
1693227840,+3.02,+23.098, +8.394,+0.951
1693227960,+3.02,+23.181, +8.390,+0.951
1693228080,+3.03,+23.290, +8.369,+0.951
1693228200,+3.03,+23.366, +8.361,+0.951
1693228320,+3.03,+23.458, +8.352,+0.951
1693228440,+3.03,+23.525, +8.333,+0.950
1693228560,+3.03,+23.575, +8.338,+0.951
1693228680,+3.03,+23.625, +8.320,+0.951
1693228800,+3.03,+23.667, +8.315,+0.951
1693228920,+3.02,+23.701, +8.319,+0.951
1693229040,+3.02,+23.776, +8.299,+0.951
1693229160,+3.02,+23.852, +8.293,+0.951
1693229280,+3.02,+23.944, +8.293,+0.952
1693229400,+3.02,+24.028, +8.281,+0.952
1693229520,+3.02,+24.112, +8.291,+0.952
1693229640,+3.02,+24.297, +8.244,+0.952
1693229760,+3.03,+24.448, +8.222,+0.952
1693229880,+3.03,+24.515, +8.219,+0.952
1693230000,+3.02,+24.624, +8.201,+0.952
1693230120,+3.02,+24.683, +8.195,+0.952
1693230240,+3.02,+24.725, +8.201,+0.952
1693230360,+3.02,+24.725, +8.198,+0.952
1693230480,+3.02,+24.759, +8.195,+0.952
1693230600,+3.02,+24.742, +8.229,+0.953
1693230720,+3.02,+24.767, +8.200,+0.952
1693230840,+3.02,+24.750, +8.199,+0.952
1693230960,+3.02,+24.809, +8.191,+0.952
1693231080,+3.02,+24.868, +8.197,+0.952
1693231200,+3.02,+24.927, +8.190,+0.952
1693231320,+3.02,+25.045, +8.169,+0.952
1693231440,+3.02,+25.137, +8.156,+0.952
1693231560,+3.02,+25.247, +8.169,+0.953
1693231680,+3.02,+25.365, +8.143,+0.953
1693231800,+3.02,+25.466, +8.124,+0.953
1693231920,+3.02,+25.558, +8.104,+0.953
1693232040,+3.02,+25.643, +8.096,+0.953
1693232160,+3.02,+25.752, +8.096,+0.953
1693232280,+3.02,+25.837, +8.082,+0.953
1693232400,+3.02,+25.913, +8.067,+0.953
1693232520,+3.02,+25.963, +8.065,+0.953
1693232640,+3.02,+26.065, +8.070,+0.954
1693232760,+3.02,+26.166, +8.047,+0.954
1693232880,+3.02,+26.293, +8.049,+0.954
1693233000,+3.02,+26.445, +8.034,+0.953
1693233120,+3.02,+26.615, +8.007,+0.954
1693233240,+3.02,+26.759, +7.986,+0.954
1693233360,+3.02,+26.844, +7.971,+0.954
1693233480,+3.02,+26.929, +7.965,+0.954
1693233600,+3.02,+26.996, +7.944,+0.954
1693233720,+3.02,+27.005, +7.958,+0.954
1693233840,+3.02,+27.047, +7.947,+0.954
1693233960,+3.02,+27.030, +7.960,+0.954
1693234080,+3.02,+27.047, +7.961,+0.955
1693234200,+3.02,+27.115, +7.944,+0.954
1693234320,+3.02,+27.124, +7.954,+0.954
1693234440,+3.02,+27.226, +7.931,+0.954
1693234560,+3.02,+27.345, +7.931,+0.955
1693234680,+3.01,+27.379, +7.921,+0.954
1693234800,+3.01,+27.413, +7.918,+0.954
1693234920,+3.01,+27.464, +7.920,+0.955
1693235040,+3.01,+27.455, +7.900,+0.954
1693235160,+3.01,+27.464, +7.913,+0.955
1693235280,+3.01,+27.489, +7.915,+0.955
1693235400,+3.02,+27.574, +7.902,+0.954
1693235520,+3.02,+27.608, +7.896,+0.955
1693235640,+3.02,+27.626, +7.893,+0.955
1693235760,+3.02,+27.591, +7.893,+0.954
1693235880,+3.02,+27.549, +7.886,+0.953
1693236000,+3.01,+27.523, +7.897,+0.954
1693236120,+3.01,+27.472, +7.908,+0.954
1693236240,+3.01,+27.438, +7.917,+0.954
1693236360,+3.02,+27.387, +7.906,+0.953
1693236480,+3.02,+27.336, +7.930,+0.955
1693236600,+3.02,+27.285, +7.921,+0.954
1693236720,+3.02,+27.285, +7.922,+0.954
1693236840,+3.02,+27.277, +7.926,+0.954
1693236960,+3.02,+27.268, +7.929,+0.954
1693237080,+3.02,+27.294, +7.933,+0.954
1693237200,+3.02,+27.311, +7.939,+0.954
1693237320,+3.02,+27.302, +7.935,+0.954
1693237440,+3.01,+27.370, +7.925,+0.954
1693237560,+3.01,+27.438, +7.914,+0.954
1693237680,+3.02,+27.540, +7.909,+0.955
1693237800,+3.02,+27.600, +7.897,+0.954
1693237920,+3.02,+27.694, +7.900,+0.955
1693238040,+3.02,+27.821, +7.879,+0.955
1693238160,+3.02,+27.890, +7.858,+0.955
1693238280,+3.02,+27.890, +7.855,+0.954
1693238400,+3.02,+27.907, +7.852,+0.955
1693238520,+3.02,+27.941, +7.846,+0.954
1693238640,+3.02,+27.941, +7.848,+0.955
1693238760,+3.02,+27.924, +7.847,+0.954
1693238880,+3.02,+27.898, +7.846,+0.955
1693239000,+3.02,+27.873, +7.854,+0.955
1693239120,+3.02,+27.847, +7.855,+0.954
1693239240,+3.02,+27.821, +7.862,+0.955
1693239360,+3.02,+27.770, +7.877,+0.955
1693239480,+3.02,+27.677, +7.893,+0.955
1693239600,+3.02,+27.600, +7.897,+0.954
1693239720,+3.02,+27.523, +7.897,+0.954
1693239840,+3.01,+27.447, +7.903,+0.954
1693239960,+3.01,+27.362, +7.916,+0.954
1693240080,+3.02,+27.234, +7.932,+0.954
1693240200,+3.02,+27.132, +7.933,+0.953
1693240320,+3.02,+27.030, +7.954,+0.954
1693240440,+3.02,+26.920, +7.968,+0.954
1693240560,+3.02,+26.852, +7.973,+0.954
1693240680,+3.02,+26.818, +7.973,+0.953
1693240800,+3.02,+26.759, +7.984,+0.953
1693240920,+3.02,+26.674, +7.993,+0.953
1693241040,+3.02,+26.640, +8.000,+0.954
1693241160,+3.02,+26.556, +8.013,+0.953
1693241280,+3.02,+26.539, +8.010,+0.953
1693241400,+3.02,+26.488, +8.020,+0.954
1693241520,+3.02,+26.471, +8.022,+0.954
1693241640,+3.02,+26.454, +8.024,+0.953
1693241760,+3.02,+26.445, +8.028,+0.953
1693241880,+3.02,+26.445, +8.021,+0.953
1693242000,+3.02,+26.437, +8.030,+0.954
1693242120,+3.02,+26.420, +8.030,+0.954
1693242240,+3.02,+26.412, +8.037,+0.954
1693242360,+3.02,+26.403, +8.037,+0.954
1693242480,+3.02,+26.412, +8.026,+0.953
1693242600,+3.02,+26.429, +8.043,+0.954
1693242720,+3.02,+26.488, +8.037,+0.954
1693242840,+3.02,+26.513, +8.034,+0.954
1693242960,+3.02,+26.556, +8.023,+0.954
1693243080,+3.02,+26.598, +8.009,+0.953
1693243200,+3.02,+26.649, +8.003,+0.953
1693243320,+3.02,+26.717, +8.005,+0.953
1693243440,+3.02,+26.750, +8.020,+0.955
1693243560,+3.02,+26.776, +7.997,+0.954
1693243680,+3.02,+26.784, +7.984,+0.953
1693243800,+3.02,+26.793, +7.986,+0.954
1693243920,+3.02,+26.742, +7.999,+0.954
1693244040,+3.02,+26.691, +7.993,+0.954
1693244160,+3.02,+26.640, +8.011,+0.954
1693244280,+3.02,+26.615, +7.999,+0.953
1693244400,+3.02,+26.564, +8.020,+0.954
1693244520,+3.02,+26.539, +8.023,+0.955
1693244640,+3.02,+26.505, +8.018,+0.954
1693244760,+3.02,+26.454, +8.025,+0.954
1693244880,+3.02,+26.403, +8.013,+0.953
1693245000,+3.02,+26.386, +7.998,+0.953
1693245120,+3.02,+26.352, +8.010,+0.953
1693245240,+3.02,+26.099, +8.022,+0.954
1693245360,+3.02,+25.879, +8.035,+0.953
1693245480,+3.02,+25.727, +8.072,+0.953
1693245600,+3.02,+25.584, +8.062,+0.953
1693245720,+3.02,+25.432, +8.090,+0.953
1693245840,+3.02,+25.255, +8.116,+0.953
1693245960,+3.02,+25.146, +8.102,+0.952
1693246080,+3.02,+25.045, +8.100,+0.952
1693246200,+3.02,+24.952, +8.126,+0.952
1693246320,+3.02,+24.817, +8.157,+0.953
1693246440,+3.02,+24.742, +8.164,+0.952
1693246560,+3.02,+24.632, +8.168,+0.952
1693246680,+3.02,+24.590, +8.165,+0.952
1693246800,+3.02,+24.540, +8.188,+0.952
1693246920,+3.02,+24.515, +8.193,+0.952
1693247040,+3.02,+24.506, +8.204,+0.952
1693247160,+3.03,+24.481, +8.191,+0.952
1693247280,+3.02,+24.490, +8.209,+0.953
1693247400,+3.02,+24.565, +8.185,+0.953
1693247520,+3.02,+24.582, +8.218,+0.953
1693247640,+3.02,+24.548, +8.204,+0.953
1693247760,+3.02,+24.565, +8.204,+0.952
1693247880,+3.03,+24.515, +8.200,+0.952
1693248000,+3.02,+24.481, +8.205,+0.952
1693248120,+3.02,+24.422, +8.230,+0.953
1693248240,+3.02,+24.355, +8.219,+0.952
1693248360,+3.02,+24.313, +8.226,+0.952
1693248480,+3.02,+24.213, +8.240,+0.951
1693248600,+3.02,+24.145, +8.263,+0.952
1693248720,+3.02,+24.103, +8.238,+0.952
1693248840,+3.02,+24.062, +8.259,+0.952
1693248960,+3.02,+24.028, +8.260,+0.952
1693249080,+3.02,+23.994, +8.270,+0.952
1693249200,+3.02,+24.011, +8.258,+0.952
1693249320,+3.02,+23.994, +8.266,+0.953
1693249440,+3.02,+23.944, +8.286,+0.952
1693249560,+3.02,+23.919, +8.301,+0.952
1693249680,+3.02,+23.927, +8.298,+0.952
1693249800,+3.02,+23.902, +8.276,+0.952
1693249920,+3.02,+23.902, +8.276,+0.951
1693250040,+3.02,+23.902, +8.290,+0.952
1693250160,+3.02,+23.894, +8.276,+0.952
1693250280,+3.02,+23.852, +8.274,+0.951
1693250400,+3.02,+23.827, +8.278,+0.952
1693250520,+3.02,+23.810, +8.286,+0.951
1693250640,+3.02,+23.776, +8.308,+0.953
1693250760,+3.02,+23.810, +8.297,+0.951
1693250880,+3.02,+23.835, +8.275,+0.952
1693251000,+3.02,+23.877, +8.275,+0.952
1693251120,+3.02,+23.877, +8.280,+0.952
1693251240,+3.02,+23.919, +8.277,+0.952
1693251360,+3.02,+23.927, +8.271,+0.952
1693251480,+3.02,+23.961, +8.271,+0.952
1693251600,+3.02,+23.994, +8.280,+0.953
1693251720,+3.02,+24.011, +8.255,+0.952
1693251840,+3.02,+23.994, +8.266,+0.952
1693251960,+3.02,+23.986, +8.269,+0.952
1693252080,+3.02,+23.978, +8.276,+0.952
1693252200,+3.02,+23.961, +8.274,+0.952
1693252320,+3.02,+23.978, +8.284,+0.952
1693252440,+3.02,+23.986, +8.266,+0.952
1693252560,+3.02,+24.020, +8.267,+0.953
1693252680,+3.02,+24.062, +8.267,+0.952
1693252800,+3.02,+24.078, +8.265,+0.952
1693252920,+3.02,+24.087, +8.263,+0.952
1693253040,+3.02,+24.129, +8.255,+0.952
1693253160,+3.02,+24.137, +8.251,+0.952
1693253280,+3.02,+24.154, +8.260,+0.952
1693253400,+3.02,+24.162, +8.247,+0.952
1693253520,+3.02,+24.137, +8.258,+0.952
1693253640,+3.02,+24.137, +8.272,+0.952
1693253760,+3.02,+24.120, +8.262,+0.952
1693253880,+3.02,+24.137, +8.275,+0.952
1693254000,+3.02,+24.112, +8.262,+0.951
1693254120,+3.02,+24.103, +8.272,+0.952
1693254240,+3.02,+24.070, +8.282,+0.952
1693254360,+3.02,+24.087, +8.274,+0.952
1693254480,+3.02,+24.062, +8.273,+0.952
1693254600,+3.02,+24.028, +8.287,+0.952
1693254720,+3.02,+24.020, +8.285,+0.952
1693254840,+3.02,+23.994, +8.279,+0.952
1693254960,+3.02,+23.978, +8.285,+0.951
1693255080,+3.02,+23.961, +8.292,+0.952
1693255200,+3.02,+23.911, +8.311,+0.952
1693255320,+3.02,+23.894, +8.297,+0.951
1693255440,+3.02,+23.860, +8.293,+0.951
1693255560,+3.02,+23.802, +8.292,+0.951
1693255680,+3.02,+23.768, +8.299,+0.952
1693255800,+3.02,+23.734, +8.301,+0.951
1693255920,+3.02,+23.701, +8.300,+0.952
1693256040,+3.02,+23.659, +8.312,+0.952
1693256160,+3.02,+23.642, +8.314,+0.951
1693256280,+3.03,+23.592, +8.326,+0.952
1693256400,+3.03,+23.542, +8.308,+0.951
1693256520,+3.03,+23.483, +8.333,+0.952
1693256640,+3.03,+23.416, +8.347,+0.952
1693256760,+3.03,+23.391, +8.346,+0.951
1693256880,+3.03,+23.315, +8.349,+0.952
1693257000,+3.03,+23.290, +8.349,+0.951
1693257120,+3.03,+23.274, +8.352,+0.951
1693257240,+3.02,+23.248, +8.354,+0.951
1693257360,+3.02,+23.207, +8.367,+0.952
1693257480,+3.02,+23.190, +8.366,+0.952
1693257600,+3.02,+23.181, +8.359,+0.951
1693257720,+3.02,+23.148, +8.368,+0.951
1693257840,+3.02,+23.131, +8.375,+0.952
1693257960,+3.02,+23.106, +8.364,+0.951
1693258080,+3.02,+23.098, +8.364,+0.951
1693258200,+3.02,+23.014, +8.388,+0.951
1693258320,+3.02,+23.031, +8.387,+0.952
1693258440,+3.02,+23.014, +8.388,+0.952
1693258560,+3.02,+23.006, +8.389,+0.952
1693258680,+3.02,+23.006, +8.386,+0.951
1693258800,+3.02,+22.981, +8.387,+0.951
1693258920,+3.02,+22.989, +8.388,+0.952
1693259040,+3.02,+22.972, +8.392,+0.951
1693259160,+3.02,+22.955, +8.395,+0.951
1693259280,+3.02,+22.955, +8.396,+0.952
1693259400,+3.02,+22.939, +8.397,+0.952
1693259520,+3.02,+22.930, +8.389,+0.951
1693259640,+3.02,+22.905, +8.392,+0.951
1693259760,+3.02,+22.897, +8.407,+0.952
1693259880,+3.02,+22.888, +8.395,+0.951
1693260000,+3.02,+22.888, +8.403,+0.952
1693260120,+3.02,+22.863, +8.411,+0.952
1693260240,+3.02,+22.855, +8.403,+0.951
1693260360,+3.02,+22.838, +8.401,+0.951
1693260480,+3.02,+22.805, +8.417,+0.951
1693260600,+3.02,+22.805, +8.414,+0.952
1693260720,+3.02,+22.771, +8.418,+0.951
1693260840,+3.02,+22.746, +8.424,+0.951
1693260960,+3.02,+22.755, +8.415,+0.951
1693261080,+3.02,+22.729, +8.421,+0.951
1693261200,+3.03,+22.696, +8.429,+0.951
1693261320,+3.03,+22.679, +8.433,+0.951
1693261440,+3.03,+22.654, +8.436,+0.951
1693261560,+3.03,+22.654, +8.435,+0.951
1693261680,+3.03,+22.646, +8.433,+0.951
1693261800,+3.03,+22.637, +8.437,+0.951
