7450-401396
OS REV: 1.05 Sensor Cal: 1618512290
Time (sec),  BV (Volts),  T (deg C),  DO (mg/l),  Q ()
1694905800,+3.01,+18.870, +9.107,+0.948
1694905920,+3.01,+18.828, +9.112,+0.948
1694906040,+3.01,+18.761, +9.130,+0.948
1694906160,+3.02,+18.702, +9.126,+0.947
1694906280,+3.02,+18.651, +9.143,+0.948
1694906400,+3.02,+18.609, +9.140,+0.947
1694906520,+3.02,+18.542, +9.149,+0.947
1694906640,+3.02,+18.483, +9.165,+0.948
1694906760,+3.02,+18.433, +9.176,+0.948
1694906880,+3.02,+18.399, +9.183,+0.948
1694907000,+3.02,+18.315, +9.205,+0.948
1694907120,+3.02,+18.264, +9.223,+0.948
1694907240,+3.02,+18.214, +9.214,+0.947
1694907360,+3.02,+18.163, +9.233,+0.948
1694907480,+3.02,+18.071, +9.228,+0.947
1694907600,+3.02,+18.020, +9.236,+0.947
1694907720,+3.02,+17.953, +9.265,+0.947
1694907840,+3.02,+17.894, +9.278,+0.947
1694907960,+3.02,+17.818, +9.284,+0.947
1694908080,+3.02,+17.750, +9.303,+0.947
1694908200,+3.02,+17.683, +9.308,+0.947
1694908320,+3.02,+17.640, +9.326,+0.948
1694908440,+3.02,+17.564, +9.338,+0.948
1694908560,+3.02,+17.505, +9.349,+0.948
1694908680,+3.02,+17.446, +9.364,+0.947
1694908800,+3.02,+17.378, +9.373,+0.947
1694908920,+3.02,+17.311, +9.388,+0.947
1694909040,+3.02,+17.251, +9.380,+0.946
1694909160,+3.02,+17.175, +9.401,+0.947
1694909280,+3.02,+17.107, +9.417,+0.947
1694909400,+3.02,+17.065, +9.418,+0.947
1694909520,+3.02,+16.989, +9.438,+0.947
1694909640,+3.02,+16.929, +9.444,+0.947
1694909760,+3.02,+16.862, +9.461,+0.947
1694909880,+3.02,+16.819, +9.460,+0.947
1694910000,+3.02,+16.760, +9.467,+0.947
1694910120,+3.02,+16.683, +9.484,+0.947
1694910240,+3.02,+16.615, +9.504,+0.947
1694910360,+3.02,+16.539, +9.511,+0.947
1694910480,+3.02,+16.471, +9.530,+0.947
1694910600,+3.02,+16.386, +9.544,+0.947
1694910720,+3.02,+16.343, +9.558,+0.947
1694910840,+3.02,+16.275, +9.564,+0.947
1694910960,+3.02,+16.241, +9.568,+0.947
1694911080,+3.02,+16.181, +9.587,+0.947
1694911200,+3.02,+16.139, +9.588,+0.947
1694911320,+3.02,+16.053, +9.613,+0.947
1694911440,+3.02,+16.036, +9.603,+0.947
1694911560,+3.02,+15.959, +9.620,+0.947
1694911680,+3.02,+15.917, +9.625,+0.947
1694911800,+3.02,+15.891, +9.635,+0.947
1694911920,+3.02,+15.840, +9.642,+0.947
1694912040,+3.03,+15.814, +9.648,+0.947
1694912160,+3.03,+15.763, +9.656,+0.947
1694912280,+3.02,+15.720, +9.671,+0.947
1694912400,+3.02,+15.694, +9.665,+0.947
1694912520,+3.02,+15.626, +9.680,+0.946
1694912640,+3.02,+15.566, +9.715,+0.948
1694912760,+3.02,+15.523, +9.707,+0.947
1694912880,+3.02,+15.455, +9.720,+0.947
1694913000,+3.02,+15.403, +9.741,+0.947
1694913120,+3.02,+15.343, +9.755,+0.948
1694913240,+3.02,+15.283, +9.755,+0.947
1694913360,+3.02,+15.214, +9.782,+0.948
1694913480,+3.02,+15.137, +9.794,+0.947
1694913600,+3.02,+15.111, +9.799,+0.948
1694913720,+3.02,+15.068, +9.795,+0.947
1694913840,+3.02,+15.025, +9.798,+0.947
1694913960,+3.02,+14.982, +9.822,+0.947
1694914080,+3.03,+14.922, +9.828,+0.947
1694914200,+3.03,+14.862, +9.833,+0.947
1694914320,+3.03,+14.819, +9.850,+0.947
1694914440,+3.03,+14.793, +9.856,+0.947
1694914560,+3.03,+14.741, +9.869,+0.947
1694914680,+3.03,+14.707, +9.873,+0.947
1694914800,+3.03,+14.663, +9.883,+0.947
1694914920,+3.03,+14.655, +9.861,+0.946
1694915040,+3.02,+14.620, +9.901,+0.948
1694915160,+3.02,+14.577, +9.899,+0.947
1694915280,+3.02,+14.551, +9.913,+0.948
1694915400,+3.02,+14.534, +9.895,+0.947
1694915520,+3.02,+14.491, +9.919,+0.947
1694915640,+3.02,+14.473, +9.919,+0.947
1694915760,+3.02,+14.447, +9.917,+0.947
1694915880,+3.02,+14.439, +9.916,+0.947
1694916000,+3.02,+14.413, +9.932,+0.947
1694916120,+3.02,+14.395, +9.930,+0.947
1694916240,+3.02,+14.344, +9.950,+0.948
1694916360,+3.02,+14.326, +9.950,+0.947
1694916480,+3.02,+14.300, +9.954,+0.947
1694916600,+3.02,+14.274, +9.960,+0.947
1694916720,+3.02,+14.240, +9.976,+0.947
1694916840,+3.02,+14.196, +9.973,+0.947
1694916960,+3.02,+14.196, +9.969,+0.947
1694917080,+3.02,+14.144, +9.984,+0.947
1694917200,+3.02,+14.101, +9.996,+0.947
1694917320,+3.02,+14.109, +9.990,+0.947
1694917440,+3.03,+14.075, +9.988,+0.947
1694917560,+3.02,+14.057, +9.992,+0.947
1694917680,+3.02,+14.005,+10.014,+0.947
1694917800,+3.03,+13.971,+10.016,+0.947
1694917920,+3.03,+13.918,+10.032,+0.947
1694918040,+3.03,+13.901,+10.036,+0.947
1694918160,+3.03,+13.866,+10.051,+0.947
1694918280,+3.03,+13.823,+10.050,+0.947
1694918400,+3.03,+13.797,+10.065,+0.947
1694918520,+3.03,+13.762,+10.056,+0.947
1694918640,+3.03,+13.744,+10.071,+0.947
1694918760,+3.03,+13.744,+10.055,+0.947
1694918880,+3.03,+13.709,+10.086,+0.948
1694919000,+3.03,+13.683,+10.075,+0.947
1694919120,+3.03,+13.631,+10.097,+0.947
1694919240,+3.03,+13.596,+10.094,+0.947
1694919360,+3.03,+13.605,+10.097,+0.947
1694919480,+3.03,+13.561,+10.091,+0.946
1694919600,+3.03,+13.535,+10.108,+0.947
1694919720,+3.03,+13.509,+10.117,+0.947
1694919840,+3.03,+13.483,+10.121,+0.947
1694919960,+3.02,+13.456,+10.135,+0.947
1694920080,+3.02,+13.439,+10.133,+0.947
1694920200,+3.02,+13.404,+10.142,+0.947
1694920320,+3.02,+13.378,+10.151,+0.947
1694920440,+3.02,+13.343,+10.159,+0.947
1694920560,+3.02,+13.308,+10.170,+0.947
1694920680,+3.02,+13.273,+10.182,+0.947
1694920800,+3.02,+13.255,+10.184,+0.947
1694920920,+3.02,+13.220,+10.183,+0.947
1694921040,+3.02,+13.203,+10.188,+0.947
1694921160,+3.02,+13.185,+10.189,+0.947
1694921280,+3.02,+13.159,+10.201,+0.947
1694921400,+3.02,+13.159,+10.193,+0.947
1694921520,+3.02,+13.141,+10.207,+0.947
1694921640,+3.02,+13.106,+10.209,+0.947
1694921760,+3.02,+13.097,+10.211,+0.947
1694921880,+3.02,+13.062,+10.221,+0.947
1694922000,+3.03,+13.062,+10.216,+0.947
1694922120,+3.02,+13.045,+10.208,+0.946
1694922240,+3.03,+13.010,+10.231,+0.947
1694922360,+3.03,+13.010,+10.227,+0.947
1694922480,+3.03,+12.983,+10.232,+0.947
1694922600,+3.03,+12.974,+10.229,+0.947
1694922720,+3.03,+12.957,+10.235,+0.947
1694922840,+3.03,+12.922,+10.251,+0.947
1694922960,+3.03,+12.922,+10.246,+0.947
1694923080,+3.03,+12.869,+10.268,+0.947
1694923200,+3.03,+12.851,+10.276,+0.947
1694923320,+3.03,+12.834,+10.272,+0.947
1694923440,+3.03,+12.807,+10.279,+0.947
1694923560,+3.03,+12.781,+10.286,+0.947
1694923680,+3.03,+12.763,+10.295,+0.947
1694923800,+3.03,+12.728,+10.295,+0.947
1694923920,+3.03,+12.719,+10.295,+0.947
1694924040,+3.03,+12.693,+10.300,+0.947
1694924160,+3.03,+12.675,+10.302,+0.947
1694924280,+3.03,+12.658,+10.307,+0.947
1694924400,+3.03,+12.658,+10.305,+0.947
1694924520,+3.03,+12.622,+10.319,+0.947
1694924640,+3.03,+12.622,+10.322,+0.947
1694924760,+3.03,+12.605,+10.316,+0.947
1694924880,+3.03,+12.578,+10.323,+0.947
1694925000,+3.03,+12.578,+10.327,+0.947
1694925120,+3.03,+12.560,+10.326,+0.947
1694925240,+3.03,+12.534,+10.334,+0.947
1694925360,+3.03,+12.534,+10.328,+0.947
1694925480,+3.03,+12.516,+10.338,+0.947
1694925600,+3.03,+12.490,+10.348,+0.947
1694925720,+3.03,+12.463,+10.355,+0.947
1694925840,+3.03,+12.446,+10.358,+0.947
1694925960,+3.03,+12.410,+10.370,+0.947
1694926080,+3.03,+12.401,+10.374,+0.947
1694926200,+3.03,+12.375,+10.372,+0.947
1694926320,+3.03,+12.366,+10.380,+0.947
1694926440,+3.03,+12.348,+10.389,+0.947
1694926560,+3.02,+12.339,+10.376,+0.947
1694926680,+3.02,+12.313,+10.397,+0.947
1694926800,+3.02,+12.295,+10.395,+0.947
1694926920,+3.02,+12.269,+10.406,+0.947
1694927040,+3.02,+12.215,+10.422,+0.947
1694927160,+3.02,+12.206,+10.418,+0.947
1694927280,+3.02,+12.189,+10.422,+0.947
1694927400,+3.02,+12.135,+10.431,+0.946
1694927520,+3.02,+12.144,+10.422,+0.946
1694927640,+3.03,+12.109,+10.441,+0.947
1694927760,+3.03,+12.091,+10.445,+0.947
1694927880,+3.03,+12.073,+10.444,+0.947
1694928000,+3.03,+12.047,+10.455,+0.947
1694928120,+3.03,+12.064,+10.451,+0.947
1694928240,+3.03,+12.029,+10.456,+0.946
1694928360,+3.03,+12.011,+10.470,+0.947
1694928480,+3.03,+11.993,+10.470,+0.947
1694928600,+3.03,+11.993,+10.465,+0.947
1694928720,+3.03,+11.949,+10.478,+0.946
1694928840,+3.03,+11.940,+10.473,+0.946
1694928960,+3.03,+11.922,+10.487,+0.947
1694929080,+3.03,+11.895,+10.491,+0.947
1694929200,+3.03,+11.860,+10.498,+0.947
1694929320,+3.03,+11.860,+10.496,+0.947
1694929440,+3.03,+11.842,+10.492,+0.946
1694929560,+3.03,+11.797,+10.516,+0.947
1694929680,+3.03,+11.797,+10.517,+0.947
1694929800,+3.03,+11.780,+10.523,+0.947
1694929920,+3.03,+11.762,+10.521,+0.947
1694930040,+3.03,+11.771,+10.521,+0.947
1694930160,+3.03,+11.735,+10.516,+0.946
1694930280,+3.03,+11.744,+10.523,+0.947
1694930400,+3.03,+11.735,+10.515,+0.946
1694930520,+3.03,+11.753,+10.506,+0.946
1694930640,+3.03,+11.726,+10.524,+0.947
1694930760,+3.03,+11.735,+10.517,+0.947
1694930880,+3.03,+11.708,+10.528,+0.947
1694931000,+3.03,+11.717,+10.527,+0.947
1694931120,+3.03,+11.708,+10.527,+0.947
1694931240,+3.03,+11.690,+10.531,+0.947
1694931360,+3.03,+11.664,+10.544,+0.947
1694931480,+3.03,+11.690,+10.530,+0.947
1694931600,+3.03,+11.655,+10.559,+0.948
1694931720,+3.03,+11.664,+10.535,+0.947
1694931840,+3.03,+11.655,+10.535,+0.947
1694931960,+3.03,+11.646,+10.542,+0.947
1694932080,+3.03,+11.619,+10.556,+0.947
1694932200,+3.03,+11.628,+10.541,+0.947
1694932320,+3.03,+11.583,+10.556,+0.946
1694932440,+3.03,+11.583,+10.553,+0.946
1694932560,+3.03,+11.592,+10.550,+0.946
1694932680,+3.03,+11.583,+10.558,+0.947
1694932800,+3.03,+11.556,+10.561,+0.946
1694932920,+3.03,+11.547,+10.569,+0.947
1694933040,+3.03,+11.529,+10.575,+0.947
1694933160,+3.03,+11.520,+10.563,+0.946
1694933280,+3.03,+11.485,+10.584,+0.946
1694933400,+3.03,+11.494,+10.575,+0.946
1694933520,+3.03,+11.458,+10.585,+0.946
1694933640,+3.03,+11.449,+10.599,+0.946
1694933760,+3.03,+11.395,+10.618,+0.947
1694933880,+3.03,+11.377,+10.607,+0.946
1694934000,+3.03,+11.377,+10.616,+0.947
1694934120,+3.03,+11.350,+10.606,+0.946
1694934240,+3.03,+11.350,+10.609,+0.946
1694934360,+3.03,+11.332,+10.617,+0.946
1694934480,+3.03,+11.332,+10.620,+0.947
1694934600,+3.03,+11.314,+10.624,+0.947
1694934720,+3.03,+11.314,+10.619,+0.947
1694934840,+3.03,+11.296,+10.632,+0.947
1694934960,+3.03,+11.269,+10.639,+0.946
1694935080,+3.03,+11.269,+10.630,+0.946
1694935200,+3.03,+11.261,+10.633,+0.947
1694935320,+3.03,+11.225,+10.635,+0.946
1694935440,+3.03,+11.216,+10.643,+0.947
1694935560,+3.03,+11.243,+10.636,+0.947
1694935680,+3.03,+11.234,+10.636,+0.947
1694935800,+3.03,+11.234,+10.634,+0.947
1694935920,+3.03,+11.207,+10.630,+0.946
1694936040,+3.03,+11.198,+10.637,+0.947
1694936160,+3.03,+11.171,+10.656,+0.947
1694936280,+3.03,+11.126,+10.668,+0.947
1694936400,+3.03,+11.135,+10.658,+0.946
1694936520,+3.03,+11.126,+10.665,+0.947
1694936640,+3.03,+11.117,+10.669,+0.947
1694936760,+3.03,+11.099,+10.675,+0.947
1694936880,+3.02,+11.108,+10.663,+0.946
1694937000,+3.03,+11.108,+10.662,+0.947
1694937120,+3.03,+11.090,+10.666,+0.946
1694937240,+3.03,+11.063,+10.676,+0.946
1694937360,+3.03,+11.045,+10.681,+0.946
1694937480,+3.03,+11.072,+10.685,+0.947
1694937600,+3.03,+11.054,+10.683,+0.946
1694937720,+3.03,+11.036,+10.681,+0.946
1694937840,+3.03,+11.018,+10.690,+0.947
1694937960,+3.03,+10.991,+10.695,+0.946
1694938080,+3.03,+10.973,+10.698,+0.946
1694938200,+3.03,+10.955,+10.707,+0.947
1694938320,+3.03,+10.918,+10.725,+0.947
1694938440,+3.03,+10.945,+10.715,+0.947
1694938560,+3.03,+10.936,+10.718,+0.947
1694938680,+3.03,+10.927,+10.714,+0.947
1694938800,+3.03,+10.945,+10.703,+0.946
1694938920,+3.03,+10.927,+10.716,+0.947
1694939040,+3.03,+10.927,+10.703,+0.946
1694939160,+3.03,+10.918,+10.716,+0.947
1694939280,+3.03,+10.909,+10.713,+0.946
1694939400,+3.03,+10.927,+10.714,+0.947
1694939520,+3.03,+10.945,+10.705,+0.946
1694939640,+3.03,+10.909,+10.724,+0.947
1694939760,+3.03,+10.882,+10.727,+0.946
1694939880,+3.03,+10.909,+10.709,+0.946
1694940000,+3.03,+10.909,+10.714,+0.946
1694940120,+3.03,+10.882,+10.728,+0.946
1694940240,+3.03,+10.873,+10.731,+0.947
1694940360,+3.03,+10.846,+10.738,+0.946
1694940480,+3.03,+10.855,+10.722,+0.946
1694940600,+3.03,+10.846,+10.732,+0.947
1694940720,+3.03,+10.819,+10.748,+0.946
1694940840,+3.03,+10.801,+10.761,+0.947
1694940960,+3.03,+10.792,+10.759,+0.947
1694941080,+3.03,+10.801,+10.754,+0.947
1694941200,+3.03,+10.837,+10.735,+0.947
1694941320,+3.03,+10.837,+10.729,+0.946
1694941440,+3.03,+10.846,+10.734,+0.947
1694941560,+3.03,+10.846,+10.739,+0.947
1694941680,+3.03,+10.837,+10.743,+0.947
1694941800,+3.03,+10.855,+10.723,+0.947
1694941920,+3.03,+10.855,+10.732,+0.947
1694942040,+3.03,+10.864,+10.726,+0.947
1694942160,+3.03,+10.837,+10.736,+0.947
1694942280,+3.03,+10.846,+10.732,+0.947
1694942400,+3.03,+10.819,+10.734,+0.947
1694942520,+3.03,+10.819,+10.732,+0.947
1694942640,+3.03,+10.819,+10.743,+0.947
1694942760,+3.03,+10.801,+10.736,+0.947
1694942880,+3.03,+10.828,+10.729,+0.947
1694943000,+3.03,+10.801,+10.748,+0.947
1694943120,+3.03,+10.801,+10.743,+0.947
1694943240,+3.03,+10.810,+10.736,+0.947
1694943360,+3.03,+10.828,+10.728,+0.947
1694943480,+3.03,+10.801,+10.734,+0.946
1694943600,+3.03,+10.801,+10.742,+0.947
1694943720,+3.03,+10.792,+10.748,+0.947
1694943840,+3.03,+10.783,+10.755,+0.947
1694943960,+3.03,+10.792,+10.748,+0.947
1694944080,+3.03,+10.828,+10.730,+0.947
1694944200,+3.03,+10.801,+10.741,+0.947
1694944320,+3.03,+10.837,+10.728,+0.947
1694944440,+3.03,+10.828,+10.729,+0.947
1694944560,+3.03,+10.837,+10.729,+0.947
1694944680,+3.03,+10.837,+10.723,+0.946
1694944800,+3.03,+10.846,+10.733,+0.947
1694944920,+3.03,+10.837,+10.739,+0.947
1694945040,+3.03,+10.846,+10.734,+0.947
1694945160,+3.03,+10.891,+10.720,+0.947
1694945280,+3.03,+10.900,+10.726,+0.947
1694945400,+3.03,+10.873,+10.727,+0.947
1694945520,+3.03,+10.909,+10.719,+0.947
1694945640,+3.03,+10.909,+10.708,+0.947
1694945760,+3.03,+10.900,+10.717,+0.947
1694945880,+3.03,+10.918,+10.704,+0.947
1694946000,+3.03,+10.891,+10.725,+0.947
1694946120,+3.03,+10.900,+10.707,+0.947
1694946240,+3.03,+10.900,+10.719,+0.947
1694946360,+3.03,+10.882,+10.726,+0.947
1694946480,+3.03,+10.900,+10.725,+0.947
1694946600,+3.03,+10.891,+10.712,+0.947
1694946720,+3.03,+10.900,+10.723,+0.947
1694946840,+3.03,+10.891,+10.717,+0.947
1694946960,+3.03,+10.891,+10.731,+0.947
1694947080,+3.03,+10.909,+10.712,+0.947
1694947200,+3.03,+10.909,+10.714,+0.947
1694947320,+3.03,+10.918,+10.722,+0.947
1694947440,+3.03,+10.927,+10.714,+0.947
1694947560,+3.03,+10.945,+10.710,+0.947
1694947680,+3.03,+10.964,+10.694,+0.947
1694947800,+3.03,+10.973,+10.700,+0.947
1694947920,+3.03,+10.982,+10.698,+0.947
1694948040,+3.03,+10.973,+10.702,+0.947
1694948160,+3.03,+10.964,+10.708,+0.947
1694948280,+3.03,+10.982,+10.706,+0.947
1694948400,+3.03,+10.991,+10.699,+0.947
1694948520,+3.03,+11.018,+10.697,+0.947
1694948640,+3.03,+11.045,+10.677,+0.947
1694948760,+3.03,+11.081,+10.671,+0.947
1694948880,+3.03,+11.081,+10.679,+0.947
1694949000,+3.02,+11.090,+10.674,+0.947
1694949120,+3.03,+11.135,+10.664,+0.947
1694949240,+3.03,+11.162,+10.661,+0.947
1694949360,+3.02,+11.162,+10.661,+0.947
1694949480,+3.03,+11.189,+10.657,+0.947
1694949600,+3.03,+11.225,+10.639,+0.947
1694949720,+3.03,+11.234,+10.641,+0.947
1694949840,+3.03,+11.305,+10.624,+0.947
1694949960,+3.03,+11.323,+10.623,+0.947
1694950080,+3.03,+11.332,+10.620,+0.947
1694950200,+3.03,+11.368,+10.599,+0.946
1694950320,+3.03,+11.422,+10.588,+0.947
1694950440,+3.03,+11.440,+10.584,+0.947
1694950560,+3.03,+11.467,+10.589,+0.947
1694950680,+3.03,+11.503,+10.582,+0.947
1694950800,+3.03,+11.574,+10.561,+0.947
1694950920,+3.03,+11.619,+10.548,+0.947
1694951040,+3.03,+11.655,+10.535,+0.947
1694951160,+3.03,+11.699,+10.527,+0.947
1694951280,+3.03,+11.735,+10.512,+0.947
1694951400,+3.03,+11.771,+10.502,+0.947
1694951520,+3.03,+11.797,+10.493,+0.946
1694951640,+3.03,+11.851,+10.489,+0.947
1694951760,+3.03,+11.922,+10.467,+0.947
1694951880,+3.03,+11.958,+10.472,+0.947
1694952000,+3.03,+12.002,+10.457,+0.947
1694952120,+3.02,+12.082,+10.434,+0.947
1694952240,+3.02,+12.135,+10.418,+0.947
1694952360,+3.02,+12.189,+10.410,+0.947
1694952480,+3.02,+12.242,+10.390,+0.947
1694952600,+3.02,+12.322,+10.364,+0.946
1694952720,+3.03,+12.366,+10.360,+0.947
1694952840,+3.03,+12.446,+10.345,+0.947
1694952960,+3.03,+12.499,+10.332,+0.947
1694953080,+3.03,+12.578,+10.319,+0.947
1694953200,+3.03,+12.640,+10.301,+0.947
1694953320,+3.03,+12.719,+10.286,+0.947
1694953440,+3.03,+12.807,+10.274,+0.948
1694953560,+3.03,+12.851,+10.243,+0.947
1694953680,+3.03,+12.930,+10.235,+0.947
1694953800,+3.02,+12.992,+10.202,+0.946
1694953920,+3.02,+13.045,+10.195,+0.946
1694954040,+3.02,+13.106,+10.189,+0.947
1694954160,+3.02,+13.150,+10.179,+0.947
1694954280,+3.02,+13.238,+10.166,+0.947
1694954400,+3.02,+13.299,+10.139,+0.946
1694954520,+3.02,+13.360,+10.131,+0.947
1694954640,+3.02,+13.421,+10.117,+0.947
1694954760,+3.02,+13.509,+10.096,+0.947
1694954880,+3.03,+13.587,+10.074,+0.946
1694955000,+3.03,+13.718,+10.052,+0.947
1694955120,+3.03,+13.805,+10.040,+0.947
1694955240,+3.03,+13.918,+10.002,+0.946
1694955360,+3.02,+14.031, +9.984,+0.947
1694955480,+3.02,+14.162, +9.962,+0.947
1694955600,+3.02,+14.240, +9.941,+0.947
1694955720,+3.02,+14.361, +9.926,+0.948
1694955840,+3.02,+14.456, +9.887,+0.947
1694955960,+3.02,+14.568, +9.867,+0.947
1694956080,+3.03,+14.681, +9.838,+0.946
1694956200,+3.03,+14.810, +9.822,+0.947
1694956320,+3.02,+14.939, +9.784,+0.947
1694956440,+3.02,+15.086, +9.766,+0.947
1694956560,+3.02,+15.369, +9.730,+0.947
1694956680,+3.02,+15.720, +9.625,+0.947
1694956800,+3.02,+15.883, +9.576,+0.947
1694956920,+3.02,+15.968, +9.561,+0.947
1694957040,+3.02,+16.045, +9.547,+0.947
1694957160,+3.02,+16.122, +9.534,+0.947
1694957280,+3.02,+16.232, +9.520,+0.947
1694957400,+3.02,+16.352, +9.493,+0.946
1694957520,+3.02,+16.471, +9.470,+0.946
1694957640,+3.02,+16.581, +9.459,+0.947
1694957760,+3.02,+16.658, +9.432,+0.947
1694957880,+3.02,+16.777, +9.410,+0.947
1694958000,+3.02,+16.870, +9.396,+0.947
1694958120,+3.02,+16.963, +9.364,+0.946
1694958240,+3.02,+17.065, +9.350,+0.947
1694958360,+3.02,+17.150, +9.343,+0.947
1694958480,+3.02,+17.268, +9.316,+0.947
1694958600,+3.02,+17.412, +9.290,+0.947
1694958720,+3.02,+17.547, +9.266,+0.947
1694958840,+3.02,+17.674, +9.238,+0.946
1694958960,+3.02,+17.843, +9.218,+0.947
1694959080,+3.02,+18.045, +9.180,+0.947
1694959200,+3.02,+18.256, +9.134,+0.947
1694959320,+3.02,+18.424, +9.101,+0.947
1694959440,+3.02,+18.601, +9.077,+0.947
1694959560,+3.01,+18.778, +9.035,+0.947
1694959680,+3.02,+18.946, +9.008,+0.947
1694959800,+3.02,+19.046, +8.982,+0.947
1694959920,+3.02,+19.156, +8.958,+0.946
1694960040,+3.02,+19.273, +8.941,+0.947
1694960160,+3.02,+19.416, +8.939,+0.948
1694960280,+3.01,+19.583, +8.908,+0.948
1694960400,+3.01,+19.751, +8.869,+0.947
1694960520,+3.01,+19.944, +8.844,+0.948
1694960640,+3.02,+20.103, +8.807,+0.947
1694960760,+3.02,+20.245, +8.793,+0.948
1694960880,+3.02,+20.413, +8.769,+0.947
1694961000,+3.01,+20.588, +8.762,+0.947
1694961120,+3.01,+20.789, +8.739,+0.947
1694961240,+3.01,+20.981, +8.718,+0.948
1694961360,+3.02,+21.207, +8.687,+0.947
1694961480,+3.01,+21.441, +8.664,+0.948
1694961600,+3.01,+21.600, +8.627,+0.947
1694961720,+3.01,+21.726, +8.609,+0.948
1694961840,+3.01,+21.843, +8.592,+0.947
1694961960,+3.01,+21.926, +8.580,+0.948
1694962080,+3.01,+21.985, +8.573,+0.948
1694962200,+3.01,+22.085, +8.570,+0.947
1694962320,+3.01,+22.202, +8.535,+0.947
1694962440,+3.01,+22.328, +8.521,+0.947
1694962560,+3.01,+22.437, +8.513,+0.948
1694962680,+3.01,+22.554, +8.501,+0.948
1694962800,+3.01,+22.696, +8.469,+0.947
1694962920,+3.01,+22.821, +8.467,+0.948
1694963040,+3.01,+22.939, +8.451,+0.948
1694963160,+3.01,+23.022, +8.439,+0.948
1694963280,+3.01,+23.165, +8.430,+0.948
1694963400,+3.01,+23.290, +8.434,+0.948
1694963520,+3.01,+23.441, +8.393,+0.948
1694963640,+3.01,+23.542, +8.392,+0.949
1694963760,+3.01,+23.693, +8.368,+0.949
1694963880,+3.01,+23.802, +8.351,+0.949
1694964000,+3.01,+23.919, +8.331,+0.949
1694964120,+3.01,+24.028, +8.330,+0.949
1694964240,+3.01,+24.145, +8.326,+0.949
1694964360,+3.01,+24.297, +8.324,+0.950
1694964480,+3.01,+24.624, +8.324,+0.951
1694964600,+3.00,+25.179, +8.256,+0.952
1694964720,+3.01,+25.626, +8.163,+0.951
1694964840,+3.01,+25.769, +8.128,+0.951
1694964960,+3.01,+25.685, +8.151,+0.951
1694965080,+3.01,+25.558, +8.122,+0.951
1694965200,+3.01,+25.415, +8.145,+0.951
1694965320,+3.00,+25.339, +8.171,+0.951
1694965440,+3.01,+25.424, +8.169,+0.952
1694965560,+3.01,+25.499, +8.150,+0.951
1694965680,+3.01,+25.601, +8.147,+0.951
1694965800,+3.01,+25.795, +8.127,+0.951
1694965920,+3.00,+26.031, +8.111,+0.952
1694966040,+3.00,+26.166, +8.064,+0.952
1694966160,+3.00,+26.268, +8.054,+0.952
1694966280,+3.00,+26.403, +8.051,+0.953
1694966400,+3.00,+26.488, +8.022,+0.952
1694966520,+3.01,+26.513, +8.011,+0.952
1694966640,+3.01,+26.505, +8.016,+0.953
1694966760,+3.00,+26.445, +8.017,+0.952
1694966880,+3.00,+26.395, +8.014,+0.951
1694967000,+3.00,+26.437, +8.026,+0.952
1694967120,+3.00,+26.429, +8.027,+0.953
1694967240,+3.00,+26.454, +8.030,+0.952
1694967360,+3.00,+26.462, +8.024,+0.953
1694967480,+3.01,+26.572, +8.014,+0.953
1694967600,+3.01,+26.615, +8.011,+0.952
1694967720,+3.01,+26.683, +8.015,+0.953
1694967840,+3.01,+26.733, +8.000,+0.953
1694967960,+3.01,+26.810, +8.014,+0.953
1694968080,+3.00,+26.861, +7.967,+0.952
1694968200,+3.00,+26.895, +7.982,+0.953
1694968320,+3.00,+26.912, +7.959,+0.952
1694968440,+3.00,+26.903, +7.963,+0.952
1694968560,+3.00,+26.912, +7.974,+0.952
1694968680,+3.00,+26.945, +7.968,+0.952
1694968800,+3.00,+26.962, +7.968,+0.952
1694968920,+3.00,+27.039, +7.974,+0.953
1694969040,+3.00,+27.124, +7.946,+0.953
1694969160,+3.00,+27.209, +7.942,+0.953
1694969280,+3.00,+27.285, +7.939,+0.953
1694969400,+3.00,+27.362, +7.923,+0.953
1694969520,+3.00,+27.489, +7.906,+0.953
1694969640,+3.00,+27.617, +7.918,+0.954
1694969760,+3.00,+27.745, +7.902,+0.954
1694969880,+3.00,+27.881, +7.875,+0.953
1694970000,+3.00,+27.941, +7.856,+0.954
1694970120,+3.00,+27.941, +7.840,+0.953
1694970240,+3.00,+27.864, +7.856,+0.954
1694970360,+3.00,+27.736, +7.874,+0.953
1694970480,+3.01,+27.702, +7.881,+0.954
1694970600,+3.00,+27.651, +7.887,+0.954
1694970720,+3.00,+27.600, +7.883,+0.953
1694970840,+3.00,+27.583, +7.886,+0.952
1694970960,+3.00,+27.540, +7.889,+0.954
1694971080,+3.00,+27.438, +7.903,+0.954
1694971200,+3.00,+27.404, +7.903,+0.953
1694971320,+3.00,+27.464, +7.908,+0.953
1694971440,+3.00,+27.506, +7.896,+0.953
1694971560,+3.00,+27.532, +7.891,+0.954
1694971680,+3.00,+27.506, +7.886,+0.953
1694971800,+3.00,+27.489, +7.894,+0.953
1694971920,+3.00,+27.481, +7.902,+0.954
1694972040,+3.00,+27.489, +7.901,+0.953
1694972160,+3.00,+27.481, +7.894,+0.954
1694972280,+3.00,+27.447, +7.890,+0.953
1694972400,+3.00,+27.353, +7.918,+0.954
1694972520,+3.00,+27.268, +7.914,+0.953
1694972640,+3.00,+27.149, +7.927,+0.953
1694972760,+3.00,+27.064, +7.944,+0.953
1694972880,+3.00,+26.945, +7.959,+0.953
1694973000,+3.00,+26.844, +7.968,+0.953
1694973120,+3.01,+26.691, +7.985,+0.953
1694973240,+3.01,+26.581, +7.998,+0.953
1694973360,+3.00,+26.496, +8.019,+0.952
1694973480,+3.01,+26.564, +8.026,+0.953
1694973600,+3.01,+26.733, +7.992,+0.953
1694973720,+3.00,+26.878, +7.979,+0.953
1694973840,+3.00,+27.005, +7.977,+0.953
1694973960,+3.00,+27.158, +7.966,+0.953
1694974080,+3.00,+27.260, +7.916,+0.953
1694974200,+3.00,+27.336, +7.912,+0.954
1694974320,+3.00,+27.362, +7.916,+0.954
1694974440,+3.00,+27.294, +7.925,+0.954
1694974560,+3.00,+27.251, +7.936,+0.953
1694974680,+3.00,+27.294, +7.948,+0.953
1694974800,+3.00,+27.396, +7.942,+0.954
1694974920,+3.00,+27.430, +7.912,+0.953
1694975040,+3.00,+27.413, +7.913,+0.953
1694975160,+3.00,+27.387, +7.926,+0.953
1694975280,+3.00,+27.311, +7.930,+0.954
1694975400,+3.00,+27.183, +7.932,+0.953
1694975520,+3.00,+27.141, +7.952,+0.953
1694975640,+3.00,+27.090, +7.940,+0.953
1694975760,+3.00,+26.996, +7.959,+0.953
1694975880,+3.00,+26.903, +7.946,+0.952
1694976000,+3.00,+26.801, +7.971,+0.952
1694976120,+3.01,+26.733, +7.973,+0.953
1694976240,+3.01,+26.632, +8.004,+0.953
1694976360,+3.01,+26.564, +8.001,+0.953
1694976480,+3.00,+26.505, +8.012,+0.952
1694976600,+3.00,+26.462, +8.011,+0.952
1694976720,+3.00,+26.420, +8.029,+0.953
1694976840,+3.00,+26.395, +8.028,+0.952
1694976960,+3.00,+26.378, +8.033,+0.952
1694977080,+3.00,+26.412, +8.031,+0.952
1694977200,+3.01,+26.564, +8.015,+0.953
1694977320,+3.01,+26.657, +8.004,+0.954
1694977440,+3.01,+26.691, +7.993,+0.953
1694977560,+3.01,+26.666, +7.998,+0.953
1694977680,+3.01,+26.649, +8.000,+0.953
1694977800,+3.01,+26.674, +7.997,+0.954
1694977920,+3.01,+26.683, +7.999,+0.953
1694978040,+3.01,+26.666, +8.002,+0.953
1694978160,+3.01,+26.623, +8.016,+0.953
1694978280,+3.01,+26.632, +8.002,+0.954
1694978400,+3.01,+26.598, +7.995,+0.952
1694978520,+3.01,+26.615, +8.000,+0.953
1694978640,+3.01,+26.581, +8.005,+0.952
1694978760,+3.01,+26.547, +8.012,+0.953
1694978880,+3.01,+26.522, +8.021,+0.953
1694979000,+3.00,+26.471, +8.013,+0.952
1694979120,+3.00,+26.488, +8.024,+0.952
1694979240,+3.01,+26.530, +8.001,+0.953
1694979360,+3.01,+26.572, +7.994,+0.953
1694979480,+3.01,+26.513, +8.011,+0.953
1694979600,+3.01,+26.564, +8.006,+0.953
1694979720,+3.01,+26.513, +8.015,+0.953
1694979840,+3.00,+26.479, +8.019,+0.953
1694979960,+3.00,+26.437, +8.022,+0.953
1694980080,+3.00,+26.420, +8.030,+0.954
1694980200,+3.00,+26.420, +8.028,+0.953
1694980320,+3.00,+26.378, +8.025,+0.953
1694980440,+3.00,+26.327, +8.030,+0.953
1694980560,+3.00,+26.285, +8.024,+0.952
1694980680,+3.00,+26.217, +8.033,+0.952
1694980800,+3.00,+26.183, +8.033,+0.952
1694980920,+3.00,+26.192, +8.038,+0.952
1694981040,+3.00,+26.132, +8.058,+0.953
1694981160,+3.00,+26.040, +8.069,+0.952
1694981280,+3.00,+25.938, +8.069,+0.952
1694981400,+3.01,+25.854, +8.083,+0.953
1694981520,+3.01,+25.769, +8.106,+0.953
1694981640,+3.01,+25.643, +8.112,+0.952
1694981760,+3.01,+25.508, +8.105,+0.952
1694981880,+3.01,+25.415, +8.123,+0.952
1694982000,+3.00,+25.322, +8.123,+0.952
1694982120,+3.00,+25.247, +8.158,+0.953
1694982240,+3.00,+25.162, +8.157,+0.952
1694982360,+3.00,+25.070, +8.172,+0.952
1694982480,+3.01,+24.977, +8.186,+0.952
1694982600,+3.01,+24.918, +8.189,+0.952
1694982720,+3.01,+24.851, +8.195,+0.952
1694982840,+3.01,+24.801, +8.195,+0.951
1694982960,+3.01,+24.784, +8.189,+0.951
1694983080,+3.01,+24.733, +8.202,+0.951
1694983200,+3.01,+24.683, +8.204,+0.951
1694983320,+3.01,+24.632, +8.210,+0.951
1694983440,+3.01,+24.607, +8.205,+0.951
1694983560,+3.01,+24.548, +8.230,+0.952
1694983680,+3.01,+24.532, +8.238,+0.952
1694983800,+3.01,+24.498, +8.224,+0.951
1694983920,+3.01,+24.431, +8.242,+0.951
1694984040,+3.01,+24.406, +8.239,+0.951
1694984160,+3.01,+24.364, +8.241,+0.951
1694984280,+3.01,+24.330, +8.249,+0.951
1694984400,+3.01,+24.280, +8.251,+0.951
1694984520,+3.00,+24.196, +8.268,+0.951
1694984640,+3.00,+24.137, +8.297,+0.952
1694984760,+3.01,+24.078, +8.279,+0.950
1694984880,+3.01,+24.028, +8.293,+0.951
1694985000,+3.01,+23.952, +8.311,+0.951
1694985120,+3.01,+23.902, +8.318,+0.951
1694985240,+3.01,+23.835, +8.320,+0.951
1694985360,+3.01,+23.802, +8.331,+0.951
1694985480,+3.01,+23.751, +8.322,+0.950
1694985600,+3.01,+23.684, +8.345,+0.951
1694985720,+3.01,+23.659, +8.337,+0.950
1694985840,+3.01,+23.609, +8.349,+0.950
1694985960,+3.01,+23.592, +8.331,+0.950
1694986080,+3.01,+23.542, +8.342,+0.950
1694986200,+3.01,+23.500, +8.355,+0.950
1694986320,+3.01,+23.466, +8.365,+0.951
1694986440,+3.01,+23.449, +8.358,+0.951
1694986560,+3.01,+23.399, +8.383,+0.951
1694986680,+3.01,+23.391, +8.380,+0.951
1694986800,+3.01,+23.349, +8.368,+0.950
1694986920,+3.01,+23.315, +8.379,+0.950
1694987040,+3.01,+23.274, +8.377,+0.950
1694987160,+3.01,+23.248, +8.398,+0.950
1694987280,+3.01,+23.215, +8.387,+0.950
1694987400,+3.01,+23.181, +8.386,+0.950
1694987520,+3.01,+23.148, +8.392,+0.950
1694987640,+3.01,+23.089, +8.403,+0.950
1694987760,+3.01,+23.022, +8.418,+0.950
1694987880,+3.01,+22.989, +8.419,+0.950
1694988000,+3.01,+22.930, +8.438,+0.951
1694988120,+3.01,+22.888, +8.440,+0.951
1694988240,+3.01,+22.830, +8.442,+0.950
1694988360,+3.01,+22.780, +8.433,+0.949
1694988480,+3.01,+22.755, +8.440,+0.950
1694988600,+3.01,+22.713, +8.442,+0.949
1694988720,+3.01,+22.679, +8.459,+0.950
1694988840,+3.01,+22.646, +8.468,+0.950
1694988960,+3.01,+22.621, +8.465,+0.950
1694989080,+3.01,+22.587, +8.468,+0.950
1694989200,+3.01,+22.554, +8.468,+0.950
1694989320,+3.01,+22.529, +8.472,+0.950
1694989440,+3.01,+22.504, +8.482,+0.950
1694989560,+3.01,+22.470, +8.490,+0.950
1694989680,+3.01,+22.420, +8.493,+0.950
1694989800,+3.01,+22.386, +8.497,+0.949
1694989920,+3.01,+22.345, +8.521,+0.950
1694990040,+3.01,+22.303, +8.523,+0.949
1694990160,+3.01,+22.253, +8.518,+0.949
1694990280,+3.01,+22.227, +8.517,+0.949
1694990400,+3.01,+22.194, +8.524,+0.949
1694990520,+3.01,+22.144, +8.540,+0.950
1694990640,+3.01,+22.102, +8.537,+0.949
1694990760,+3.01,+22.085, +8.556,+0.949
1694990880,+3.01,+22.027, +8.573,+0.950
1694991000,+3.01,+22.010, +8.557,+0.949
1694991120,+3.01,+21.960, +8.570,+0.948
1694991240,+3.01,+21.926, +8.577,+0.949
1694991360,+3.01,+21.885, +8.553,+0.948
1694991480,+3.01,+21.793, +8.578,+0.949
1694991600,+3.01,+21.709, +8.590,+0.949
1694991720,+3.01,+21.609, +8.605,+0.949
1694991840,+3.01,+21.475, +8.605,+0.949
1694991960,+3.01,+21.441, +8.616,+0.949
1694992080,+3.01,+21.358, +8.647,+0.949
1694992200,+3.02,+21.299, +8.653,+0.949
