7450-401396
OS REV: 1.05 Sensor Cal: 1618512290
Time (sec),  BV (Volts),  T (deg C),  DO (mg/l),  Q ()
1698972240,+3.00, +2.398,+13.469,+0.938
1698972360,+3.00, +2.408,+13.459,+0.938
1698972480,+3.00, +2.398,+13.455,+0.938
1698972600,+3.00, +2.387,+13.465,+0.938
1698972720,+3.00, +2.355,+13.474,+0.938
1698972840,+3.00, +2.334,+13.485,+0.938
1698972960,+3.00, +2.324,+13.471,+0.938
1698973080,+3.00, +2.271,+13.497,+0.937
1698973200,+3.00, +2.250,+13.509,+0.938
1698973320,+3.00, +2.239,+13.496,+0.937
1698973440,+3.00, +2.186,+13.520,+0.937
1698973560,+3.00, +2.186,+13.530,+0.938
1698973680,+3.00, +2.155,+13.531,+0.938
1698973800,+3.00, +2.155,+13.520,+0.937
1698973920,+3.00, +2.123,+13.543,+0.937
1698974040,+3.00, +2.144,+13.517,+0.938
1698974160,+3.00, +2.102,+13.567,+0.938
1698974280,+3.00, +2.112,+13.523,+0.937
1698974400,+3.00, +2.102,+13.530,+0.938
1698974520,+3.00, +2.091,+13.526,+0.937
1698974640,+3.00, +2.091,+13.536,+0.938
1698974760,+3.00, +2.070,+13.548,+0.938
1698974880,+3.00, +2.027,+13.565,+0.937
1698975000,+3.00, +1.995,+13.587,+0.938
1698975120,+3.00, +1.985,+13.593,+0.938
1698975240,+3.00, +1.964,+13.595,+0.938
1698975360,+3.01, +1.942,+13.613,+0.937
1698975480,+3.01, +1.889,+13.635,+0.937
1698975600,+3.01, +1.847,+13.637,+0.937
1698975720,+3.01, +1.793,+13.673,+0.937
1698975840,+3.01, +1.783,+13.660,+0.937
1698975960,+3.01, +1.740,+13.683,+0.937
1698976080,+3.01, +1.697,+13.701,+0.938
1698976200,+3.01, +1.697,+13.689,+0.937
1698976320,+3.01, +1.654,+13.712,+0.937
1698976440,+3.01, +1.633,+13.701,+0.937
1698976560,+3.01, +1.601,+13.713,+0.937
1698976680,+3.01, +1.644,+13.684,+0.937
1698976800,+3.01, +1.611,+13.695,+0.937
1698976920,+3.01, +1.569,+13.736,+0.937
1698977040,+3.01, +1.515,+13.753,+0.937
1698977160,+3.01, +1.493,+13.741,+0.937
1698977280,+3.01, +1.483,+13.761,+0.937
1698977400,+3.01, +1.461,+13.753,+0.937
1698977520,+3.01, +1.418,+13.790,+0.937
1698977640,+3.01, +1.375,+13.800,+0.937
1698977760,+3.01, +1.354,+13.819,+0.937
1698977880,+3.01, +1.321,+13.819,+0.937
1698978000,+3.01, +1.311,+13.828,+0.937
1698978120,+3.01, +1.289,+13.838,+0.937
1698978240,+3.01, +1.235,+13.843,+0.937
1698978360,+3.01, +1.246,+13.837,+0.937
1698978480,+3.01, +1.257,+13.822,+0.937
1698978600,+3.01, +1.257,+13.830,+0.937
1698978720,+3.01, +1.224,+13.842,+0.937
1698978840,+3.01, +1.192,+13.852,+0.937
1698978960,+3.01, +1.181,+13.872,+0.937
1698979080,+3.00, +1.192,+13.849,+0.937
1698979200,+3.00, +1.170,+13.856,+0.937
1698979320,+3.00, +1.159,+13.880,+0.937
1698979440,+3.00, +1.116,+13.886,+0.936
1698979560,+3.00, +1.105,+13.894,+0.937
1698979680,+3.00, +1.105,+13.896,+0.937
1698979800,+3.00, +1.051,+13.918,+0.937
1698979920,+3.00, +1.040,+13.915,+0.936
1698980040,+3.00, +0.975,+13.950,+0.936
1698980160,+3.00, +0.975,+13.949,+0.937
1698980280,+3.00, +0.964,+13.939,+0.936
1698980400,+3.00, +0.964,+13.944,+0.936
1698980520,+3.00, +0.953,+13.953,+0.937
1698980640,+3.00, +0.910,+13.958,+0.936
1698980760,+3.00, +0.899,+13.964,+0.936
1698980880,+3.00, +0.877,+13.983,+0.936
1698981000,+3.00, +0.845,+13.990,+0.936
1698981120,+3.00, +0.812,+14.009,+0.936
1698981240,+3.00, +0.834,+13.988,+0.936
1698981360,+3.00, +0.812,+13.992,+0.936
1698981480,+3.00, +0.812,+14.009,+0.937
1698981600,+3.00, +0.834,+13.978,+0.936
1698981720,+3.00, +0.834,+13.980,+0.936
1698981840,+3.00, +0.856,+13.974,+0.936
1698981960,+3.00, +0.856,+13.967,+0.936
1698982080,+3.00, +0.845,+13.958,+0.936
1698982200,+3.00, +0.866,+13.959,+0.936
1698982320,+3.00, +0.845,+13.978,+0.936
1698982440,+3.00, +0.812,+13.985,+0.936
1698982560,+3.00, +0.790,+13.998,+0.936
1698982680,+3.01, +0.736,+14.014,+0.936
1698982800,+3.01, +0.736,+14.019,+0.936
1698982920,+3.01, +0.747,+14.007,+0.936
1698983040,+3.01, +0.736,+14.000,+0.936
1698983160,+3.00, +0.768,+13.971,+0.936
1698983280,+3.00, +0.779,+13.982,+0.936
1698983400,+3.00, +0.790,+13.962,+0.936
1698983520,+3.00, +0.790,+13.978,+0.936
1698983640,+3.00, +0.801,+13.961,+0.936
1698983760,+3.00, +0.801,+13.968,+0.936
1698983880,+3.00, +0.823,+13.944,+0.936
1698984000,+3.00, +0.768,+13.993,+0.937
1698984120,+3.00, +0.779,+13.974,+0.936
1698984240,+3.00, +0.779,+13.975,+0.936
1698984360,+3.00, +0.768,+13.984,+0.936
1698984480,+3.00, +0.779,+13.980,+0.936
1698984600,+3.00, +0.747,+13.991,+0.936
1698984720,+3.01, +0.736,+14.004,+0.936
1698984840,+3.01, +0.703,+14.009,+0.936
1698984960,+3.01, +0.692,+14.013,+0.936
1698985080,+3.01, +0.670,+14.032,+0.936
1698985200,+3.01, +0.659,+14.025,+0.936
1698985320,+3.01, +0.670,+14.023,+0.936
1698985440,+3.01, +0.648,+14.025,+0.936
1698985560,+3.01, +0.637,+14.027,+0.936
1698985680,+3.01, +0.648,+14.018,+0.936
1698985800,+3.01, +0.626,+14.039,+0.936
1698985920,+3.01, +0.616,+14.048,+0.936
1698986040,+3.01, +0.616,+14.037,+0.936
1698986160,+3.01, +0.616,+14.044,+0.936
1698986280,+3.01, +0.594,+14.049,+0.936
1698986400,+3.01, +0.605,+14.055,+0.936
1698986520,+3.01, +0.583,+14.074,+0.936
1698986640,+3.01, +0.561,+14.080,+0.936
1698986760,+3.01, +0.561,+14.073,+0.936
1698986880,+3.01, +0.594,+14.039,+0.936
1698987000,+3.01, +0.572,+14.060,+0.935
1698987120,+3.01, +0.550,+14.084,+0.936
1698987240,+3.01, +0.506,+14.086,+0.936
1698987360,+3.01, +0.506,+14.085,+0.936
1698987480,+3.01, +0.484,+14.098,+0.936
1698987600,+3.01, +0.495,+14.085,+0.936
1698987720,+3.01, +0.506,+14.065,+0.935
1698987840,+3.01, +0.473,+14.096,+0.936
1698987960,+3.01, +0.495,+14.087,+0.936
1698988080,+3.01, +0.506,+14.071,+0.936
1698988200,+3.01, +0.495,+14.090,+0.936
1698988320,+3.01, +0.473,+14.098,+0.936
1698988440,+3.01, +0.473,+14.087,+0.935
1698988560,+3.01, +0.473,+14.095,+0.936
1698988680,+3.01, +0.462,+14.104,+0.936
1698988800,+3.01, +0.429,+14.111,+0.936
1698988920,+3.01, +0.385,+14.147,+0.936
1698989040,+3.01, +0.374,+14.125,+0.935
1698989160,+3.01, +0.396,+14.114,+0.936
1698989280,+3.01, +0.418,+14.112,+0.936
1698989400,+3.01, +0.407,+14.114,+0.936
1698989520,+3.01, +0.407,+14.117,+0.936
1698989640,+3.01, +0.363,+14.149,+0.936
1698989760,+3.01, +0.341,+14.150,+0.936
1698989880,+3.01, +0.341,+14.147,+0.936
1698990000,+3.01, +0.352,+14.127,+0.935
1698990120,+3.01, +0.363,+14.134,+0.936
1698990240,+3.01, +0.374,+14.116,+0.935
1698990360,+3.01, +0.363,+14.125,+0.936
1698990480,+3.01, +0.363,+14.125,+0.936
1698990600,+3.01, +0.352,+14.127,+0.936
1698990720,+3.01, +0.385,+14.113,+0.936
1698990840,+3.01, +0.385,+14.102,+0.936
1698990960,+3.01, +0.407,+14.099,+0.936
1698991080,+3.01, +0.407,+14.105,+0.936
1698991200,+3.01, +0.396,+14.101,+0.935
1698991320,+3.01, +0.396,+14.105,+0.936
1698991440,+3.01, +0.385,+14.100,+0.935
1698991560,+3.01, +0.385,+14.109,+0.936
1698991680,+3.01, +0.418,+14.096,+0.936
1698991800,+3.01, +0.385,+14.108,+0.935
1698991920,+3.01, +0.363,+14.117,+0.935
1698992040,+3.01, +0.319,+14.161,+0.936
1698992160,+3.01, +0.297,+14.163,+0.936
1698992280,+3.01, +0.297,+14.152,+0.935
1698992400,+3.01, +0.275,+14.157,+0.935
1698992520,+3.01, +0.275,+14.160,+0.935
1698992640,+3.01, +0.264,+14.160,+0.935
1698992760,+3.01, +0.286,+14.137,+0.935
1698992880,+3.01, +0.297,+14.145,+0.936
1698993000,+3.01, +0.286,+14.151,+0.936
1698993120,+3.01, +0.275,+14.152,+0.935
1698993240,+3.01, +0.242,+14.149,+0.935
1698993360,+3.01, +0.231,+14.168,+0.935
1698993480,+3.01, +0.242,+14.157,+0.935
1698993600,+3.01, +0.242,+14.150,+0.935
1698993720,+3.01, +0.231,+14.164,+0.935
1698993840,+3.01, +0.253,+14.139,+0.935
1698993960,+3.01, +0.275,+14.141,+0.935
1698994080,+3.01, +0.286,+14.134,+0.936
1698994200,+3.01, +0.242,+14.159,+0.935
1698994320,+3.01, +0.264,+14.148,+0.935
1698994440,+3.01, +0.264,+14.133,+0.935
1698994560,+3.01, +0.275,+14.138,+0.936
1698994680,+3.01, +0.286,+14.134,+0.936
1698994800,+3.01, +0.308,+14.116,+0.935
1698994920,+3.01, +0.308,+14.109,+0.935
1698995040,+3.01, +0.330,+14.102,+0.935
1698995160,+3.01, +0.341,+14.100,+0.935
1698995280,+3.01, +0.341,+14.098,+0.936
1698995400,+3.01, +0.341,+14.105,+0.936
1698995520,+3.01, +0.319,+14.131,+0.936
1698995640,+3.01, +0.308,+14.114,+0.935
1698995760,+3.01, +0.330,+14.098,+0.935
1698995880,+3.01, +0.308,+14.115,+0.936
1698996000,+3.01, +0.297,+14.116,+0.935
1698996120,+3.01, +0.297,+14.116,+0.935
1698996240,+3.01, +0.275,+14.129,+0.935
1698996360,+3.01, +0.275,+14.132,+0.935
1698996480,+3.01, +0.275,+14.126,+0.935
1698996600,+3.01, +0.242,+14.157,+0.935
1698996720,+3.01, +0.253,+14.144,+0.935
1698996840,+3.01, +0.275,+14.139,+0.935
1698996960,+3.01, +0.231,+14.166,+0.935
1698997080,+3.01, +0.286,+14.133,+0.936
1698997200,+3.01, +0.264,+14.150,+0.936
1698997320,+3.01, +0.264,+14.138,+0.936
1698997440,+3.01, +0.275,+14.134,+0.935
1698997560,+3.01, +0.308,+14.109,+0.935
1698997680,+3.01, +0.264,+14.139,+0.935
1698997800,+3.01, +0.275,+14.134,+0.935
1698997920,+3.01, +0.264,+14.132,+0.935
1698998040,+3.01, +0.264,+14.130,+0.935
1698998160,+3.01, +0.253,+14.149,+0.936
1698998280,+3.01, +0.209,+14.184,+0.935
1698998400,+3.01, +0.231,+14.151,+0.935
1698998520,+3.01, +0.154,+14.187,+0.935
1698998640,+3.01, +0.120,+14.212,+0.935
1698998760,+3.01, +0.098,+14.223,+0.935
1698998880,+3.01, +0.143,+14.190,+0.935
1698999000,+3.01, +0.154,+14.163,+0.935
1698999120,+3.01, +0.154,+14.183,+0.935
1698999240,+3.01, +0.098,+14.222,+0.935
1698999360,+3.01, +0.076,+14.233,+0.935
1698999480,+3.01, +0.043,+14.240,+0.935
1698999600,+3.01, +0.032,+14.233,+0.935
1698999720,+3.01, -0.012,+14.286,+0.935
1698999840,+3.01, -0.035,+14.274,+0.935
1698999960,+3.01, -0.057,+14.286,+0.935
1699000080,+3.01, -0.068,+14.297,+0.935
1699000200,+3.01, -0.068,+14.286,+0.935
1699000320,+3.01, -0.079,+14.303,+0.935
1699000440,+3.01, -0.090,+14.308,+0.935
1699000560,+3.01, -0.112,+14.299,+0.935
1699000680,+3.01, -0.135,+14.310,+0.935
1699000800,+3.01, -0.146,+14.301,+0.934
1699000920,+3.01, -0.168,+14.319,+0.935
1699001040,+3.01, -0.168,+14.315,+0.934
1699001160,+3.01, -0.157,+14.311,+0.935
1699001280,+3.01, -0.146,+14.291,+0.934
1699001400,+3.01, -0.123,+14.290,+0.935
1699001520,+3.01, -0.135,+14.299,+0.935
1699001640,+3.01, -0.112,+14.290,+0.935
1699001760,+3.01, -0.090,+14.263,+0.935
1699001880,+3.01, -0.112,+14.274,+0.934
1699002000,+3.01, -0.135,+14.297,+0.934
1699002120,+3.01, -0.157,+14.310,+0.935
1699002240,+3.01, -0.146,+14.303,+0.934
1699002360,+3.01, -0.157,+14.302,+0.935
1699002480,+3.01, -0.157,+14.302,+0.935
1699002600,+3.01, -0.168,+14.311,+0.935
1699002720,+3.01, -0.168,+14.298,+0.934
1699002840,+3.01, -0.179,+14.295,+0.934
1699002960,+3.01, -0.168,+14.302,+0.935
1699003080,+3.01, -0.157,+14.281,+0.934
1699003200,+3.01, -0.157,+14.292,+0.935
1699003320,+3.01, -0.157,+14.293,+0.934
1699003440,+3.01, -0.157,+14.291,+0.934
1699003560,+3.01, -0.146,+14.281,+0.935
1699003680,+3.01, -0.135,+14.286,+0.935
1699003800,+3.01, -0.135,+14.279,+0.935
1699003920,+3.01, -0.157,+14.298,+0.934
1699004040,+3.01, -0.157,+14.289,+0.934
1699004160,+3.01, -0.168,+14.311,+0.935
1699004280,+3.01, -0.157,+14.311,+0.935
1699004400,+3.01, -0.179,+14.302,+0.935
1699004520,+3.01, -0.179,+14.302,+0.935
1699004640,+3.01, -0.179,+14.297,+0.935
1699004760,+3.01, -0.179,+14.290,+0.935
1699004880,+3.01, -0.179,+14.277,+0.934
1699005000,+3.01, -0.179,+14.279,+0.934
1699005120,+3.01, -0.179,+14.265,+0.934
1699005240,+3.01, -0.179,+14.262,+0.934
1699005360,+3.01, -0.190,+14.273,+0.934
1699005480,+3.01, -0.179,+14.262,+0.934
1699005600,+3.01, -0.179,+14.256,+0.934
1699005720,+3.01, -0.179,+14.267,+0.934
1699005840,+3.01, -0.179,+14.282,+0.935
1699005960,+3.01, -0.179,+14.260,+0.934
1699006080,+3.01, -0.179,+14.264,+0.934
1699006200,+3.01, -0.179,+14.272,+0.935
1699006320,+3.01, -0.179,+14.275,+0.935
1699006440,+3.01, -0.168,+14.261,+0.934
1699006560,+3.01, -0.168,+14.280,+0.935
1699006680,+3.01, -0.157,+14.261,+0.935
1699006800,+3.01, -0.157,+14.271,+0.935
1699006920,+3.01, -0.157,+14.278,+0.935
1699007040,+3.01, -0.135,+14.273,+0.935
1699007160,+3.01, -0.123,+14.268,+0.935
1699007280,+3.01, -0.112,+14.255,+0.935
1699007400,+3.01, -0.123,+14.271,+0.935
1699007520,+3.01, -0.123,+14.275,+0.935
1699007640,+3.01, -0.112,+14.266,+0.935
1699007760,+3.01, -0.112,+14.272,+0.935
1699007880,+3.01, -0.101,+14.261,+0.935
1699008000,+3.01, -0.101,+14.269,+0.935
1699008120,+3.01, -0.112,+14.279,+0.935
1699008240,+3.01, -0.123,+14.270,+0.934
1699008360,+3.01, -0.123,+14.275,+0.934
1699008480,+3.01, -0.112,+14.276,+0.935
1699008600,+3.01, -0.101,+14.274,+0.935
1699008720,+3.01, -0.079,+14.247,+0.935
1699008840,+3.01, -0.123,+14.274,+0.935
1699008960,+3.01, -0.101,+14.268,+0.935
1699009080,+3.01, -0.101,+14.270,+0.935
1699009200,+3.01, -0.079,+14.258,+0.935
1699009320,+3.01, -0.090,+14.267,+0.935
1699009440,+3.01, -0.068,+14.265,+0.935
1699009560,+3.01, -0.057,+14.244,+0.935
1699009680,+3.01, -0.046,+14.251,+0.935
1699009800,+3.01, -0.068,+14.251,+0.935
1699009920,+3.01, -0.068,+14.256,+0.935
1699010040,+3.01, -0.101,+14.266,+0.934
1699010160,+3.01, -0.112,+14.273,+0.934
1699010280,+3.01, -0.112,+14.292,+0.935
1699010400,+3.01, -0.101,+14.275,+0.935
1699010520,+3.01, -0.123,+14.289,+0.935
1699010640,+3.01, -0.123,+14.288,+0.935
1699010760,+3.01, -0.146,+14.302,+0.935
1699010880,+3.01, -0.157,+14.305,+0.935
1699011000,+3.01, -0.168,+14.298,+0.934
1699011120,+3.01, -0.168,+14.304,+0.935
1699011240,+3.01, -0.179,+14.295,+0.934
1699011360,+3.01, -0.179,+14.288,+0.934
1699011480,+3.01, -0.179,+14.269,+0.934
1699011600,+3.01, -0.190,+14.276,+0.934
1699011720,+3.01, -0.179,+14.260,+0.934
1699011840,+3.01, -0.190,+14.266,+0.934
1699011960,+3.01, -0.190,+14.258,+0.934
1699012080,+3.01, -0.179,+14.254,+0.934
1699012200,+3.01, -0.179,+14.253,+0.934
1699012320,+3.01, -0.179,+14.262,+0.934
1699012440,+3.01, -0.179,+14.266,+0.935
1699012560,+3.01, -0.179,+14.278,+0.934
1699012680,+3.01, -0.179,+14.281,+0.934
1699012800,+3.01, -0.179,+14.288,+0.934
1699012920,+3.01, -0.168,+14.286,+0.934
1699013040,+3.01, -0.168,+14.297,+0.935
1699013160,+3.01, -0.168,+14.313,+0.935
1699013280,+3.01, -0.123,+14.299,+0.935
1699013400,+3.01, -0.112,+14.292,+0.935
1699013520,+3.01, -0.024,+14.242,+0.935
1699013640,+3.01, -0.001,+14.227,+0.935
1699013760,+3.01, -0.001,+14.247,+0.935
1699013880,+3.01, -0.024,+14.260,+0.935
1699014000,+3.01, -0.024,+14.268,+0.935
1699014120,+3.01, -0.012,+14.271,+0.935
1699014240,+3.01, -0.001,+14.268,+0.935
1699014360,+3.01, -0.012,+14.298,+0.935
1699014480,+3.01, -0.012,+14.289,+0.935
1699014600,+3.01, +0.010,+14.289,+0.935
1699014720,+3.01, +0.054,+14.269,+0.935
1699014840,+3.01, +0.076,+14.254,+0.935
1699014960,+3.01, +0.087,+14.263,+0.935
1699015080,+3.01, +0.120,+14.255,+0.935
1699015200,+3.01, +0.165,+14.235,+0.935
1699015320,+3.01, +0.176,+14.242,+0.935
1699015440,+3.01, +0.253,+14.204,+0.935
1699015560,+3.01, +0.275,+14.195,+0.935
1699015680,+3.01, +0.297,+14.196,+0.935
1699015800,+3.01, +0.363,+14.175,+0.936
1699015920,+3.01, +0.396,+14.160,+0.936
1699016040,+3.01, +0.462,+14.143,+0.936
1699016160,+3.01, +0.528,+14.101,+0.936
1699016280,+3.01, +0.605,+14.085,+0.936
1699016400,+3.00, +0.681,+14.036,+0.936
1699016520,+3.00, +0.736,+14.035,+0.936
1699016640,+3.00, +0.801,+14.010,+0.936
1699016760,+3.00, +0.899,+13.952,+0.936
1699016880,+3.00, +0.964,+13.951,+0.937
1699017000,+3.00, +1.062,+13.894,+0.937
1699017120,+3.00, +1.138,+13.871,+0.936
1699017240,+3.00, +1.235,+13.828,+0.936
1699017360,+3.01, +1.332,+13.799,+0.937
1699017480,+3.01, +1.408,+13.771,+0.937
1699017600,+3.01, +1.504,+13.745,+0.937
1699017720,+3.01, +1.579,+13.716,+0.937
1699017840,+3.01, +1.686,+13.680,+0.937
1699017960,+3.01, +1.740,+13.662,+0.937
1699018080,+3.00, +1.857,+13.612,+0.937
1699018200,+3.00, +1.932,+13.585,+0.937
1699018320,+3.00, +2.049,+13.554,+0.938
1699018440,+3.00, +2.133,+13.521,+0.938
1699018560,+3.00, +2.355,+13.511,+0.939
1699018680,+3.00, +2.566,+13.406,+0.939
1699018800,+3.01, +2.650,+13.364,+0.939
1699018920,+3.01, +2.733,+13.328,+0.939
1699019040,+3.01, +2.807,+13.305,+0.939
1699019160,+3.01, +2.911,+13.284,+0.939
1699019280,+3.00, +3.015,+13.222,+0.938
1699019400,+3.00, +3.098,+13.209,+0.939
1699019520,+3.00, +3.285,+13.161,+0.939
1699019640,+3.00, +3.532,+13.135,+0.940
1699019760,+3.01, +4.044,+12.965,+0.940
1699019880,+3.00, +4.217,+12.882,+0.940
1699020000,+3.00, +4.288,+12.838,+0.940
1699020120,+3.00, +4.480,+12.832,+0.941
1699020240,+3.00, +5.251,+12.785,+0.943
1699020360,+3.00, +6.557,+12.337,+0.943
1699020480,+3.00, +7.376,+12.070,+0.943
1699020600,+3.00, +7.984,+11.921,+0.943
1699020720,+3.00, +8.351,+11.731,+0.941
1699020840,+3.00, +8.351,+11.827,+0.942
1699020960,+3.00, +8.464,+11.676,+0.941
1699021080,+3.00, +8.323,+11.698,+0.941
1699021200,+3.00, +8.257,+11.727,+0.941
1699021320,+3.00, +8.295,+11.687,+0.941
1699021440,+3.00, +8.361,+11.649,+0.940
1699021560,+3.00, +8.257,+11.659,+0.940
1699021680,+3.00, +8.173,+11.694,+0.941
1699021800,+3.00, +8.097,+11.679,+0.940
1699021920,+3.00, +7.993,+11.712,+0.940
1699022040,+3.00, +7.936,+11.748,+0.940
1699022160,+3.00, +7.908,+11.788,+0.940
1699022280,+3.00, +7.899,+11.761,+0.940
1699022400,+3.00, +7.880,+11.775,+0.940
1699022520,+3.00, +7.899,+11.797,+0.940
1699022640,+3.00, +7.918,+11.764,+0.940
1699022760,+3.00, +7.955,+11.788,+0.940
1699022880,+3.00, +8.031,+11.755,+0.940
1699023000,+3.00, +8.097,+11.734,+0.940
1699023120,+3.00, +8.144,+11.717,+0.940
1699023240,+3.00, +8.154,+11.713,+0.940
1699023360,+3.00, +8.210,+11.699,+0.940
1699023480,+3.00, +8.229,+11.714,+0.940
1699023600,+3.00, +8.267,+11.721,+0.940
1699023720,+3.00, +8.295,+11.714,+0.940
1699023840,+3.00, +8.361,+11.686,+0.940
1699023960,+3.00, +8.389,+11.692,+0.940
1699024080,+3.00, +8.464,+11.679,+0.940
1699024200,+3.00, +8.520,+11.675,+0.940
1699024320,+2.99, +8.558,+11.642,+0.940
1699024440,+2.99, +8.623,+11.652,+0.940
1699024560,+2.99, +8.689,+11.635,+0.940
1699024680,+2.99, +8.800,+11.637,+0.940
1699024800,+2.99, +8.856,+11.575,+0.940
1699024920,+3.00, +8.894,+11.573,+0.940
1699025040,+3.00, +8.949,+11.573,+0.940
1699025160,+3.00, +8.987,+11.534,+0.940
1699025280,+3.00, +9.070,+11.517,+0.940
1699025400,+3.00, +9.256,+11.501,+0.940
1699025520,+2.99, +9.671,+11.696,+0.943
1699025640,+2.99,+11.780,+11.271,+0.945
1699025760,+2.99,+12.578,+10.921,+0.943
1699025880,+2.99,+13.238,+10.829,+0.943
1699026000,+2.99,+13.491,+10.587,+0.942
1699026120,+2.99,+13.439,+10.569,+0.942
1699026240,+2.99,+13.168,+10.572,+0.941
1699026360,+2.99,+13.036,+10.608,+0.941
1699026480,+2.99,+13.168,+10.711,+0.942
1699026600,+2.99,+13.622,+10.703,+0.943
1699026720,+2.99,+14.205,+10.500,+0.943
1699026840,+2.99,+14.447,+10.427,+0.942
1699026960,+2.99,+14.525,+10.390,+0.942
1699027080,+2.99,+14.473,+10.359,+0.941
1699027200,+2.99,+14.326,+10.369,+0.941
1699027320,+2.99,+14.092,+10.393,+0.941
1699027440,+2.99,+13.997,+10.485,+0.941
1699027560,+2.99,+14.352,+10.412,+0.941
1699027680,+2.99,+14.707,+10.431,+0.942
1699027800,+2.99,+15.249,+10.281,+0.943
1699027920,+2.98,+15.549,+10.124,+0.942
1699028040,+2.99,+15.283,+10.134,+0.941
1699028160,+2.99,+15.746,+10.306,+0.943
1699028280,+2.99,+16.794,+10.208,+0.946
1699028400,+2.99,+17.243, +9.928,+0.944
1699028520,+2.99,+17.090, +9.817,+0.942
1699028640,+2.99,+17.082,+10.012,+0.944
1699028760,+2.99,+17.073, +9.807,+0.942
1699028880,+2.98,+16.513, +9.843,+0.941
1699029000,+2.99,+16.019, +9.949,+0.940
1699029120,+2.99,+15.094, +9.802,+0.940
1699029240,+2.99,+14.352,+10.012,+0.940
1699029360,+2.99,+13.849,+10.241,+0.940
1699029480,+2.99,+13.709,+10.436,+0.941
1699029600,+2.99,+14.724,+10.466,+0.943
1699029720,+2.99,+15.352,+10.031,+0.942
1699029840,+2.99,+14.784,+10.142,+0.940
1699029960,+2.99,+14.395,+10.169,+0.940
1699030080,+2.99,+14.023,+10.279,+0.939
1699030200,+2.99,+13.744,+10.328,+0.940
1699030320,+2.99,+13.561,+10.351,+0.940
1699030440,+2.99,+13.378,+10.358,+0.939
1699030560,+2.99,+13.255,+10.496,+0.939
1699030680,+2.99,+13.150,+10.496,+0.939
1699030800,+2.99,+12.992,+10.539,+0.940
1699030920,+2.99,+12.913,+10.538,+0.940
1699031040,+2.99,+13.290,+10.606,+0.941
1699031160,+2.99,+13.901,+10.630,+0.942
1699031280,+2.99,+15.163,+10.491,+0.944
1699031400,+2.98,+15.617,+10.220,+0.943
1699031520,+2.99,+16.335,+10.252,+0.944
1699031640,+2.98,+16.794, +9.994,+0.943
1699031760,+2.98,+16.386, +9.936,+0.942
1699031880,+2.99,+16.266,+10.148,+0.942
1699032000,+2.98,+16.581, +9.981,+0.942
1699032120,+2.98,+16.437,+10.004,+0.942
1699032240,+2.99,+16.845,+10.068,+0.944
1699032360,+2.98,+17.446, +9.933,+0.944
1699032480,+2.98,+17.530, +9.837,+0.943
1699032600,+2.99,+17.133, +9.810,+0.941
1699032720,+2.98,+16.709, +9.871,+0.942
1699032840,+2.99,+16.309, +9.896,+0.941
1699032960,+2.99,+16.122,+10.002,+0.941
1699033080,+2.99,+16.164,+10.049,+0.942
1699033200,+2.99,+16.156, +9.997,+0.941
1699033320,+2.99,+15.857, +9.995,+0.940
1699033440,+2.98,+15.532,+10.045,+0.940
1699033560,+2.99,+15.249,+10.081,+0.940
1699033680,+2.99,+15.017,+10.120,+0.940
1699033800,+2.99,+14.879,+10.192,+0.940
1699033920,+2.99,+14.741,+10.229,+0.940
1699034040,+2.99,+14.646,+10.223,+0.940
1699034160,+2.99,+14.542,+10.266,+0.941
1699034280,+2.99,+14.439,+10.283,+0.941
1699034400,+2.99,+14.335,+10.256,+0.940
1699034520,+2.99,+14.153,+10.339,+0.940
1699034640,+2.99,+14.049,+10.355,+0.940
1699034760,+2.99,+13.953,+10.313,+0.940
1699034880,+2.99,+14.049,+10.379,+0.940
1699035000,+2.99,+14.162,+10.271,+0.940
1699035120,+2.99,+14.049,+10.327,+0.940
1699035240,+2.99,+14.014,+10.417,+0.941
1699035360,+2.99,+14.326,+10.402,+0.941
1699035480,+2.99,+14.707,+10.314,+0.941
1699035600,+2.99,+14.603,+10.286,+0.941
1699035720,+2.99,+15.000,+10.411,+0.944
1699035840,+2.99,+16.241,+10.277,+0.944
1699035960,+2.98,+16.420, +9.936,+0.942
1699036080,+2.99,+16.045,+10.007,+0.942
1699036200,+2.99,+15.848,+10.012,+0.942
1699036320,+2.98,+15.643,+10.056,+0.941
1699036440,+2.98,+15.395,+10.046,+0.941
1699036560,+2.99,+15.111,+10.125,+0.940
1699036680,+2.99,+14.888,+10.164,+0.940
1699036800,+2.99,+14.715,+10.160,+0.940
1699036920,+2.99,+14.620,+10.190,+0.940
1699037040,+2.98,+14.499,+10.231,+0.940
1699037160,+2.99,+14.404,+10.235,+0.940
1699037280,+2.99,+14.335,+10.254,+0.940
1699037400,+2.99,+14.274,+10.285,+0.940
1699037520,+2.99,+14.205,+10.269,+0.940
1699037640,+2.99,+14.188,+10.243,+0.940
1699037760,+2.99,+14.170,+10.281,+0.940
1699037880,+2.99,+14.144,+10.244,+0.940
1699038000,+2.99,+14.153,+10.293,+0.940
1699038120,+2.99,+14.136,+10.256,+0.940
1699038240,+2.99,+14.118,+10.271,+0.940
1699038360,+2.99,+14.066,+10.281,+0.940
1699038480,+2.99,+14.005,+10.323,+0.940
1699038600,+2.99,+13.884,+10.355,+0.940
1699038720,+2.99,+13.849,+10.319,+0.940
1699038840,+2.99,+13.770,+10.367,+0.940
1699038960,+2.99,+13.736,+10.370,+0.940
1699039080,+2.99,+13.692,+10.391,+0.940
1699039200,+2.99,+13.648,+10.402,+0.940
1699039320,+2.99,+13.614,+10.405,+0.940
1699039440,+2.99,+13.596,+10.400,+0.940
1699039560,+2.99,+13.535,+10.380,+0.940
1699039680,+2.99,+13.474,+10.444,+0.940
1699039800,+2.99,+13.456,+10.375,+0.940
1699039920,+2.99,+13.395,+10.433,+0.940
1699040040,+2.99,+13.404,+10.381,+0.940
1699040160,+2.99,+13.343,+10.418,+0.940
1699040280,+2.99,+13.316,+10.443,+0.940
1699040400,+2.99,+13.255,+10.415,+0.940
1699040520,+2.99,+13.220,+10.439,+0.940
1699040640,+2.99,+13.194,+10.434,+0.940
1699040760,+2.99,+13.176,+10.467,+0.940
1699040880,+2.99,+13.097,+10.482,+0.940
1699041000,+2.99,+13.115,+10.489,+0.940
1699041120,+2.99,+13.053,+10.491,+0.940
1699041240,+2.99,+13.036,+10.520,+0.940
1699041360,+2.99,+13.045,+10.501,+0.940
1699041480,+2.99,+13.010,+10.536,+0.940
1699041600,+2.99,+12.992,+10.528,+0.940
1699041720,+2.99,+12.957,+10.514,+0.940
1699041840,+2.99,+12.904,+10.510,+0.940
1699041960,+2.99,+12.887,+10.519,+0.941
1699042080,+2.99,+12.816,+10.509,+0.940
1699042200,+2.99,+12.781,+10.546,+0.940
1699042320,+2.99,+12.763,+10.542,+0.940
1699042440,+2.99,+12.728,+10.514,+0.940
1699042560,+2.99,+12.675,+10.534,+0.940
1699042680,+2.99,+12.613,+10.575,+0.940
1699042800,+2.99,+12.578,+10.572,+0.940
1699042920,+2.99,+12.552,+10.576,+0.940
1699043040,+2.99,+12.507,+10.616,+0.940
1699043160,+2.99,+12.463,+10.616,+0.940
1699043280,+2.99,+12.446,+10.567,+0.940
1699043400,+2.99,+12.428,+10.600,+0.940
1699043520,+2.99,+12.375,+10.651,+0.940
1699043640,+2.99,+12.357,+10.649,+0.940
1699043760,+2.99,+12.313,+10.606,+0.940
1699043880,+2.99,+12.269,+10.589,+0.940
1699044000,+2.99,+12.233,+10.631,+0.940
1699044120,+2.99,+12.162,+10.649,+0.940
1699044240,+2.99,+12.118,+10.644,+0.940
1699044360,+2.99,+12.064,+10.656,+0.940
1699044480,+2.99,+12.002,+10.686,+0.941
1699044600,+2.99,+11.940,+10.677,+0.940
1699044720,+2.99,+11.887,+10.684,+0.941
1699044840,+2.99,+11.824,+10.712,+0.940
1699044960,+2.99,+11.771,+10.694,+0.940
1699045080,+2.99,+11.708,+10.706,+0.940
1699045200,+2.99,+11.637,+10.731,+0.940
1699045320,+2.99,+11.574,+10.744,+0.940
1699045440,+3.00,+11.512,+10.743,+0.940
1699045560,+3.00,+11.422,+10.795,+0.941
1699045680,+3.00,+11.350,+10.831,+0.941
1699045800,+3.00,+11.287,+10.812,+0.940
1699045920,+2.99,+11.243,+10.810,+0.940
1699046040,+2.99,+11.162,+10.840,+0.940
1699046160,+2.99,+11.090,+10.864,+0.941
1699046280,+2.99,+11.009,+10.885,+0.940
1699046400,+2.99,+10.964,+10.879,+0.940
1699046520,+2.99,+10.891,+10.901,+0.940
1699046640,+2.99,+10.819,+10.901,+0.940
1699046760,+2.99,+10.729,+10.934,+0.940
1699046880,+2.99,+10.665,+10.948,+0.941
1699047000,+2.99,+10.575,+10.974,+0.941
1699047120,+3.00,+10.520,+10.991,+0.940
1699047240,+3.00,+10.457,+10.991,+0.940
1699047360,+3.00,+10.402,+11.012,+0.941
1699047480,+3.00,+10.311,+11.023,+0.940
1699047600,+3.00,+10.229,+11.042,+0.940
1699047720,+3.00,+10.147,+11.073,+0.941
1699047840,+2.99,+10.056,+11.075,+0.940
1699047960,+2.99, +9.992,+11.106,+0.941
1699048080,+2.99, +9.900,+11.140,+0.941
1699048200,+2.99, +9.827,+11.140,+0.940
1699048320,+2.99, +9.726,+11.182,+0.941
1699048440,+2.99, +9.662,+11.194,+0.940
1699048560,+2.99, +9.588,+11.212,+0.940
1699048680,+3.00, +9.477,+11.245,+0.940
1699048800,+3.00, +9.404,+11.264,+0.940
1699048920,+3.00, +9.311,+11.287,+0.941
1699049040,+3.00, +9.246,+11.305,+0.940
1699049160,+3.00, +9.172,+11.330,+0.941
1699049280,+3.00, +9.061,+11.362,+0.940
1699049400,+3.00, +8.987,+11.392,+0.941
1699049520,+3.00, +8.912,+11.395,+0.940
1699049640,+2.99, +8.819,+11.433,+0.940
1699049760,+2.99, +8.735,+11.430,+0.940
1699049880,+2.99, +8.651,+11.468,+0.941
1699050000,+2.99, +8.576,+11.501,+0.940
1699050120,+3.00, +8.473,+11.519,+0.940
1699050240,+3.00, +8.389,+11.547,+0.941
1699050360,+3.00, +8.323,+11.561,+0.941
1699050480,+3.00, +8.276,+11.565,+0.940
1699050600,+3.00, +8.201,+11.592,+0.940
1699050720,+3.00, +8.116,+11.611,+0.940
1699050840,+3.00, +8.050,+11.628,+0.941
1699050960,+3.00, +7.974,+11.660,+0.941
1699051080,+3.00, +7.908,+11.674,+0.941
1699051200,+3.00, +7.851,+11.695,+0.940
1699051320,+3.00, +7.785,+11.717,+0.941
1699051440,+3.00, +7.709,+11.747,+0.940
1699051560,+3.00, +7.671,+11.765,+0.940
1699051680,+3.00, +7.623,+11.751,+0.940
1699051800,+3.00, +7.576,+11.758,+0.940
1699051920,+3.00, +7.509,+11.777,+0.940
1699052040,+3.00, +7.442,+11.795,+0.940
1699052160,+3.00, +7.385,+11.815,+0.941
1699052280,+3.00, +7.299,+11.849,+0.940
1699052400,+3.00, +7.242,+11.859,+0.940
1699052520,+3.00, +7.184,+11.879,+0.941
1699052640,+3.00, +7.117,+11.898,+0.940
1699052760,+3.00, +7.069,+11.902,+0.941
1699052880,+3.00, +7.021,+11.929,+0.941
1699053000,+3.00, +6.963,+11.932,+0.940
1699053120,+3.00, +6.886,+11.971,+0.940
1699053240,+3.00, +6.809,+11.974,+0.940
1699053360,+3.00, +6.770,+11.982,+0.940
1699053480,+3.00, +6.722,+11.997,+0.940
1699053600,+3.00, +6.664,+12.029,+0.940
1699053720,+3.00, +6.586,+12.076,+0.940
1699053840,+3.00, +6.557,+12.066,+0.941
1699053960,+3.00, +6.489,+12.081,+0.940
1699054080,+3.00, +6.441,+12.082,+0.940
1699054200,+3.00, +6.402,+12.095,+0.940
1699054320,+3.00, +6.344,+12.107,+0.940
1699054440,+3.00, +6.295,+12.123,+0.940
1699054560,+3.00, +6.236,+12.157,+0.940
1699054680,+3.00, +6.168,+12.182,+0.940
1699054800,+3.00, +6.109,+12.175,+0.940
1699054920,+3.00, +6.080,+12.190,+0.940
1699055040,+3.00, +6.011,+12.207,+0.940
1699055160,+3.00, +5.972,+12.227,+0.940
1699055280,+3.00, +5.923,+12.235,+0.940
1699055400,+3.00, +5.854,+12.249,+0.940
1699055520,+3.00, +5.825,+12.270,+0.940
1699055640,+3.00, +5.786,+12.281,+0.940
1699055760,+3.00, +5.746,+12.291,+0.940
1699055880,+3.00, +5.726,+12.294,+0.940
1699056000,+3.00, +5.677,+12.310,+0.940
1699056120,+3.00, +5.618,+12.334,+0.940
1699056240,+3.00, +5.569,+12.353,+0.940
1699056360,+3.00, +5.539,+12.348,+0.940
1699056480,+3.00, +5.490,+12.375,+0.940
1699056600,+3.00, +5.450,+12.378,+0.940
1699056720,+3.00, +5.410,+12.392,+0.940
1699056840,+3.00, +5.361,+12.419,+0.940
1699056960,+3.00, +5.331,+12.416,+0.940
1699057080,+3.00, +5.291,+12.428,+0.940
1699057200,+3.00, +5.251,+12.437,+0.940
1699057320,+3.00, +5.222,+12.450,+0.940
1699057440,+3.00, +5.172,+12.462,+0.940
1699057560,+3.00, +5.112,+12.482,+0.940
1699057680,+3.00, +5.092,+12.490,+0.940
1699057800,+3.00, +5.042,+12.507,+0.940
1699057920,+3.00, +5.002,+12.511,+0.940
1699058040,+3.00, +4.972,+12.518,+0.939
1699058160,+3.00, +4.932,+12.531,+0.940
1699058280,+3.00, +4.892,+12.549,+0.940
1699058400,+3.00, +4.842,+12.576,+0.940
1699058520,+3.00, +4.842,+12.570,+0.940
1699058640,+3.00, +4.812,+12.573,+0.939
