7450-401396
OS REV: 1.05 Sensor Cal: 1618512290
Time (sec),  BV (Volts),  T (deg C),  DO (mg/l),  Q ()
1692569760,+3.02,+26.420, +8.046,+0.955
1692569880,+3.02,+26.395, +8.034,+0.956
1692570000,+3.02,+26.335, +8.035,+0.955
1692570120,+3.02,+26.302, +8.040,+0.954
1692570240,+3.02,+26.268, +8.040,+0.955
1692570360,+3.02,+26.225, +8.071,+0.955
1692570480,+3.02,+26.192, +8.051,+0.955
1692570600,+3.02,+26.149, +8.056,+0.955
1692570720,+3.02,+26.099, +8.053,+0.955
1692570840,+3.02,+26.065, +8.066,+0.955
1692570960,+3.03,+26.006, +8.092,+0.956
1692571080,+3.03,+25.972, +8.079,+0.955
1692571200,+3.03,+25.930, +8.076,+0.955
1692571320,+3.03,+25.879, +8.090,+0.955
1692571440,+3.03,+25.837, +8.083,+0.954
1692571560,+3.03,+25.803, +8.091,+0.955
1692571680,+3.03,+25.736, +8.110,+0.955
1692571800,+3.03,+25.685, +8.125,+0.954
1692571920,+3.03,+25.634, +8.136,+0.954
1692572040,+3.03,+25.584, +8.140,+0.954
1692572160,+3.03,+25.516, +8.148,+0.954
1692572280,+3.03,+25.466, +8.153,+0.954
1692572400,+3.03,+25.440, +8.135,+0.954
1692572520,+3.03,+25.373, +8.201,+0.955
1692572640,+3.02,+25.280, +8.165,+0.954
1692572760,+3.02,+25.137, +8.194,+0.954
1692572880,+3.03,+25.061, +8.208,+0.954
1692573000,+3.03,+24.986, +8.203,+0.954
1692573120,+3.03,+24.927, +8.211,+0.955
1692573240,+3.03,+24.885, +8.194,+0.953
1692573360,+3.03,+24.834, +8.210,+0.954
1692573480,+3.03,+24.775, +8.207,+0.954
1692573600,+3.03,+24.733, +8.217,+0.954
1692573720,+3.03,+24.683, +8.233,+0.953
1692573840,+3.03,+24.624, +8.237,+0.953
1692573960,+3.03,+24.565, +8.232,+0.952
1692574080,+3.03,+24.532, +8.236,+0.953
1692574200,+3.03,+24.456, +8.294,+0.953
1692574320,+3.03,+24.397, +8.269,+0.953
1692574440,+3.03,+24.347, +8.278,+0.953
1692574560,+3.03,+24.288, +8.283,+0.952
1692574680,+3.03,+24.213, +8.311,+0.953
1692574800,+3.03,+24.179, +8.298,+0.952
1692574920,+3.03,+24.120, +8.317,+0.952
1692575040,+3.03,+24.070, +8.330,+0.952
1692575160,+3.03,+23.978, +8.346,+0.952
1692575280,+3.03,+23.944, +8.348,+0.952
1692575400,+3.03,+23.885, +8.356,+0.953
1692575520,+3.03,+23.843, +8.360,+0.953
1692575640,+3.03,+23.785, +8.373,+0.953
1692575760,+3.03,+23.734, +8.370,+0.952
1692575880,+3.03,+23.693, +8.371,+0.952
1692576000,+3.03,+23.642, +8.374,+0.952
1692576120,+3.03,+23.584, +8.395,+0.952
1692576240,+3.03,+23.567, +8.387,+0.953
1692576360,+3.03,+23.500, +8.403,+0.952
1692576480,+3.03,+23.441, +8.403,+0.951
1692576600,+3.03,+23.399, +8.425,+0.952
1692576720,+3.03,+23.341, +8.427,+0.952
1692576840,+3.03,+23.299, +8.420,+0.952
1692576960,+3.03,+23.248, +8.431,+0.952
1692577080,+3.03,+23.240, +8.429,+0.952
1692577200,+3.03,+23.181, +8.437,+0.951
1692577320,+3.03,+23.148, +8.438,+0.952
1692577440,+3.03,+23.123, +8.444,+0.952
1692577560,+3.03,+23.064, +8.462,+0.951
1692577680,+3.03,+23.014, +8.470,+0.952
1692577800,+3.03,+23.006, +8.465,+0.952
1692577920,+3.03,+22.947, +8.469,+0.951
1692578040,+3.03,+22.930, +8.486,+0.952
1692578160,+3.03,+22.863, +8.497,+0.952
1692578280,+3.03,+22.830, +8.498,+0.952
1692578400,+3.03,+22.788, +8.495,+0.951
1692578520,+3.03,+22.755, +8.503,+0.951
1692578640,+3.03,+22.721, +8.513,+0.952
1692578760,+3.03,+22.696, +8.493,+0.951
1692578880,+3.03,+22.663, +8.510,+0.951
1692579000,+3.03,+22.621, +8.503,+0.951
1692579120,+3.03,+22.596, +8.513,+0.951
1692579240,+3.03,+22.570, +8.515,+0.951
1692579360,+3.03,+22.562, +8.530,+0.952
1692579480,+3.03,+22.537, +8.533,+0.952
1692579600,+3.03,+22.495, +8.533,+0.951
1692579720,+3.03,+22.462, +8.531,+0.951
1692579840,+3.03,+22.445, +8.542,+0.951
1692579960,+3.03,+22.420, +8.533,+0.951
1692580080,+3.03,+22.395, +8.540,+0.951
1692580200,+3.03,+22.353, +8.542,+0.951
1692580320,+3.03,+22.345, +8.551,+0.951
1692580440,+3.04,+22.320, +8.552,+0.951
1692580560,+3.03,+22.286, +8.565,+0.952
1692580680,+3.03,+22.269, +8.554,+0.951
1692580800,+3.03,+22.227, +8.565,+0.951
1692580920,+3.03,+22.211, +8.561,+0.951
1692581040,+3.03,+22.202, +8.560,+0.951
1692581160,+3.03,+22.152, +8.570,+0.951
1692581280,+3.03,+22.144, +8.577,+0.951
1692581400,+3.03,+22.102, +8.593,+0.951
1692581520,+3.03,+22.085, +8.584,+0.951
1692581640,+3.03,+22.044, +8.595,+0.951
1692581760,+3.03,+22.010, +8.596,+0.951
1692581880,+3.03,+22.018, +8.585,+0.950
1692582000,+3.03,+21.985, +8.598,+0.951
1692582120,+3.03,+21.968, +8.598,+0.951
1692582240,+3.03,+21.943, +8.593,+0.950
1692582360,+3.03,+21.918, +8.619,+0.951
1692582480,+3.03,+21.918, +8.611,+0.951
1692582600,+3.03,+21.885, +8.618,+0.951
1692582720,+3.03,+21.876, +8.598,+0.950
1692582840,+3.03,+21.868, +8.616,+0.951
1692582960,+3.03,+21.826, +8.620,+0.951
1692583080,+3.03,+21.826, +8.612,+0.950
1692583200,+3.03,+21.843, +8.612,+0.950
1692583320,+3.03,+21.826, +8.611,+0.950
1692583440,+3.03,+21.809, +8.624,+0.951
1692583560,+3.03,+21.809, +8.623,+0.951
1692583680,+3.03,+21.784, +8.631,+0.951
1692583800,+3.03,+21.801, +8.625,+0.951
1692583920,+3.03,+21.801, +8.627,+0.951
1692584040,+3.03,+21.768, +8.626,+0.951
1692584160,+3.03,+21.776, +8.625,+0.951
1692584280,+3.03,+21.768, +8.620,+0.950
1692584400,+3.03,+21.742, +8.629,+0.951
1692584520,+3.03,+21.726, +8.626,+0.951
1692584640,+3.03,+21.726, +8.627,+0.950
1692584760,+3.03,+21.726, +8.625,+0.950
1692584880,+3.03,+21.709, +8.625,+0.950
1692585000,+3.03,+21.734, +8.619,+0.950
1692585120,+3.03,+21.709, +8.635,+0.951
1692585240,+3.03,+21.684, +8.630,+0.950
1692585360,+3.03,+21.684, +8.633,+0.950
1692585480,+3.03,+21.667, +8.643,+0.951
1692585600,+3.03,+21.659, +8.638,+0.950
1692585720,+3.03,+21.667, +8.637,+0.951
1692585840,+3.03,+21.667, +8.644,+0.951
1692585960,+3.03,+21.650, +8.645,+0.951
1692586080,+3.03,+21.634, +8.636,+0.950
1692586200,+3.03,+21.625, +8.648,+0.951
1692586320,+3.03,+21.617, +8.639,+0.950
1692586440,+3.03,+21.609, +8.646,+0.950
1692586560,+3.03,+21.609, +8.650,+0.951
1692586680,+3.03,+21.584, +8.656,+0.951
1692586800,+3.03,+21.575, +8.654,+0.950
1692586920,+3.03,+21.575, +8.652,+0.950
1692587040,+3.03,+21.567, +8.650,+0.951
1692587160,+3.03,+21.558, +8.648,+0.951
1692587280,+3.03,+21.550, +8.639,+0.950
1692587400,+3.03,+21.542, +8.651,+0.951
1692587520,+3.03,+21.533, +8.648,+0.950
1692587640,+3.03,+21.525, +8.644,+0.950
1692587760,+3.03,+21.517, +8.657,+0.951
1692587880,+3.03,+21.508, +8.648,+0.950
1692588000,+3.03,+21.492, +8.653,+0.950
1692588120,+3.03,+21.483, +8.662,+0.950
1692588240,+3.03,+21.492, +8.650,+0.950
1692588360,+3.03,+21.458, +8.665,+0.951
1692588480,+3.03,+21.450, +8.662,+0.950
1692588600,+3.03,+21.450, +8.663,+0.950
1692588720,+3.04,+21.425, +8.682,+0.951
1692588840,+3.04,+21.425, +8.669,+0.950
1692588960,+3.04,+21.416, +8.676,+0.950
1692589080,+3.03,+21.408, +8.675,+0.950
1692589200,+3.04,+21.383, +8.667,+0.950
1692589320,+3.04,+21.400, +8.676,+0.951
1692589440,+3.03,+21.391, +8.679,+0.950
1692589560,+3.03,+21.391, +8.669,+0.950
1692589680,+3.04,+21.358, +8.684,+0.950
1692589800,+3.04,+21.366, +8.687,+0.951
1692589920,+3.04,+21.375, +8.675,+0.950
1692590040,+3.04,+21.324, +8.695,+0.951
1692590160,+3.04,+21.291, +8.699,+0.950
1692590280,+3.04,+21.299, +8.682,+0.950
1692590400,+3.04,+21.291, +8.692,+0.950
1692590520,+3.04,+21.257, +8.697,+0.950
1692590640,+3.04,+21.249, +8.693,+0.950
1692590760,+3.04,+21.232, +8.707,+0.950
1692590880,+3.04,+21.199, +8.714,+0.950
1692591000,+3.04,+21.199, +8.700,+0.950
1692591120,+3.04,+21.182, +8.699,+0.949
1692591240,+3.04,+21.174, +8.702,+0.950
1692591360,+3.04,+21.149, +8.720,+0.950
1692591480,+3.04,+21.157, +8.718,+0.950
1692591600,+3.04,+21.140, +8.716,+0.950
1692591720,+3.03,+21.115, +8.715,+0.950
1692591840,+3.03,+21.107, +8.726,+0.950
1692591960,+3.03,+21.099, +8.727,+0.950
1692592080,+3.03,+21.065, +8.724,+0.950
1692592200,+3.03,+21.073, +8.721,+0.950
1692592320,+3.03,+21.073, +8.728,+0.950
1692592440,+3.03,+21.048, +8.734,+0.950
1692592560,+3.03,+21.040, +8.729,+0.950
1692592680,+3.03,+21.032, +8.736,+0.950
1692592800,+3.03,+21.007, +8.740,+0.950
1692592920,+3.03,+21.023, +8.738,+0.950
1692593040,+3.03,+20.990, +8.730,+0.949
1692593160,+3.03,+20.973, +8.753,+0.951
1692593280,+3.03,+20.973, +8.746,+0.950
1692593400,+3.03,+20.956, +8.753,+0.950
1692593520,+3.03,+20.923, +8.762,+0.950
1692593640,+3.03,+20.915, +8.756,+0.950
1692593760,+3.03,+20.889, +8.759,+0.950
1692593880,+3.03,+20.873, +8.764,+0.950
1692594000,+3.03,+20.856, +8.761,+0.950
1692594120,+3.03,+20.856, +8.765,+0.950
1692594240,+3.03,+20.823, +8.778,+0.950
1692594360,+3.03,+20.823, +8.774,+0.950
1692594480,+3.03,+20.806, +8.771,+0.950
1692594600,+3.03,+20.814, +8.767,+0.950
1692594720,+3.03,+20.789, +8.770,+0.949
1692594840,+3.03,+20.781, +8.778,+0.950
1692594960,+3.03,+20.772, +8.780,+0.950
1692595080,+3.03,+20.797, +8.770,+0.950
1692595200,+3.03,+20.781, +8.774,+0.950
1692595320,+3.03,+20.764, +8.772,+0.950
1692595440,+3.03,+20.764, +8.767,+0.950
1692595560,+3.03,+20.756, +8.779,+0.950
1692595680,+3.03,+20.756, +8.781,+0.950
1692595800,+3.03,+20.730, +8.781,+0.950
1692595920,+3.03,+20.730, +8.788,+0.950
1692596040,+3.03,+20.747, +8.767,+0.950
1692596160,+3.03,+20.739, +8.771,+0.950
1692596280,+3.03,+20.714, +8.782,+0.950
1692596400,+3.03,+20.705, +8.782,+0.950
1692596520,+3.03,+20.705, +8.774,+0.950
1692596640,+3.03,+20.689, +8.787,+0.950
1692596760,+3.03,+20.680, +8.786,+0.950
1692596880,+3.03,+20.689, +8.776,+0.949
1692597000,+3.03,+20.672, +8.782,+0.950
1692597120,+3.03,+20.664, +8.788,+0.950
1692597240,+3.03,+20.647, +8.780,+0.949
1692597360,+3.03,+20.638, +8.793,+0.950
1692597480,+3.03,+20.630, +8.786,+0.949
1692597600,+3.03,+20.613, +8.794,+0.950
1692597720,+3.03,+20.638, +8.794,+0.950
1692597840,+3.03,+20.622, +8.783,+0.950
1692597960,+3.03,+20.613, +8.790,+0.950
1692598080,+3.03,+20.605, +8.795,+0.950
1692598200,+3.03,+20.588, +8.791,+0.949
1692598320,+3.03,+20.572, +8.808,+0.950
1692598440,+3.03,+20.555, +8.799,+0.950
1692598560,+3.04,+20.546, +8.802,+0.950
1692598680,+3.04,+20.530, +8.806,+0.949
1692598800,+3.04,+20.521, +8.813,+0.950
1692598920,+3.04,+20.479, +8.833,+0.950
1692599040,+3.04,+20.463, +8.821,+0.950
1692599160,+3.04,+20.438, +8.823,+0.950
1692599280,+3.04,+20.421, +8.831,+0.950
1692599400,+3.04,+20.413, +8.829,+0.950
1692599520,+3.04,+20.387, +8.825,+0.949
1692599640,+3.04,+20.396, +8.833,+0.950
1692599760,+3.04,+20.379, +8.822,+0.949
1692599880,+3.04,+20.379, +8.837,+0.950
1692600000,+3.04,+20.362, +8.825,+0.949
1692600120,+3.04,+20.362, +8.832,+0.950
1692600240,+3.04,+20.354, +8.831,+0.949
1692600360,+3.04,+20.354, +8.837,+0.950
1692600480,+3.04,+20.346, +8.838,+0.950
1692600600,+3.04,+20.320, +8.836,+0.949
1692600720,+3.04,+20.312, +8.838,+0.949
1692600840,+3.04,+20.304, +8.840,+0.949
1692600960,+3.04,+20.320, +8.832,+0.949
1692601080,+3.04,+20.304, +8.837,+0.949
1692601200,+3.04,+20.295, +8.850,+0.950
1692601320,+3.04,+20.295, +8.844,+0.950
1692601440,+3.04,+20.279, +8.846,+0.950
1692601560,+3.04,+20.279, +8.851,+0.950
1692601680,+3.04,+20.295, +8.843,+0.950
1692601800,+3.04,+20.270, +8.838,+0.949
1692601920,+3.04,+20.270, +8.844,+0.950
1692602040,+3.04,+20.245, +8.850,+0.949
1692602160,+3.04,+20.220, +8.865,+0.950
1692602280,+3.04,+20.228, +8.850,+0.949
1692602400,+3.04,+20.228, +8.844,+0.949
1692602520,+3.04,+20.203, +8.855,+0.950
1692602640,+3.04,+20.220, +8.851,+0.950
1692602760,+3.04,+20.212, +8.855,+0.950
1692602880,+3.04,+20.203, +8.855,+0.950
1692603000,+3.04,+20.212, +8.849,+0.949
1692603120,+3.04,+20.178, +8.869,+0.950
1692603240,+3.04,+20.178, +8.858,+0.949
1692603360,+3.04,+20.178, +8.870,+0.950
1692603480,+3.04,+20.187, +8.856,+0.950
1692603600,+3.04,+20.187, +8.866,+0.950
1692603720,+3.04,+20.187, +8.848,+0.949
1692603840,+3.04,+20.178, +8.851,+0.949
1692603960,+3.04,+20.187, +8.854,+0.950
1692604080,+3.04,+20.178, +8.859,+0.950
1692604200,+3.04,+20.153, +8.862,+0.949
1692604320,+3.04,+20.161, +8.860,+0.949
1692604440,+3.04,+20.153, +8.858,+0.949
1692604560,+3.04,+20.136, +8.866,+0.949
1692604680,+3.04,+20.136, +8.868,+0.949
1692604800,+3.04,+20.128, +8.868,+0.949
1692604920,+3.04,+20.120, +8.874,+0.950
1692605040,+3.04,+20.120, +8.874,+0.950
1692605160,+3.04,+20.103, +8.873,+0.949
1692605280,+3.04,+20.111, +8.883,+0.950
1692605400,+3.04,+20.111, +8.869,+0.949
1692605520,+3.04,+20.111, +8.866,+0.949
1692605640,+3.04,+20.111, +8.867,+0.950
1692605760,+3.04,+20.103, +8.867,+0.949
1692605880,+3.04,+20.111, +8.870,+0.950
1692606000,+3.04,+20.086, +8.880,+0.950
1692606120,+3.04,+20.086, +8.878,+0.950
1692606240,+3.04,+20.086, +8.874,+0.949
1692606360,+3.04,+20.061, +8.874,+0.949
1692606480,+3.04,+20.061, +8.878,+0.950
1692606600,+3.04,+20.078, +8.876,+0.950
1692606720,+3.04,+20.069, +8.869,+0.949
1692606840,+3.04,+20.086, +8.863,+0.949
1692606960,+3.04,+20.069, +8.878,+0.950
1692607080,+3.04,+20.069, +8.868,+0.949
1692607200,+3.04,+20.061, +8.886,+0.950
1692607320,+3.04,+20.069, +8.877,+0.950
1692607440,+3.04,+20.061, +8.880,+0.950
1692607560,+3.04,+20.061, +8.875,+0.949
1692607680,+3.04,+20.053, +8.875,+0.949
1692607800,+3.04,+20.044, +8.874,+0.949
1692607920,+3.03,+20.044, +8.878,+0.949
1692608040,+3.04,+20.061, +8.870,+0.949
1692608160,+3.04,+20.061, +8.878,+0.950
1692608280,+3.04,+20.036, +8.882,+0.949
1692608400,+3.04,+20.053, +8.873,+0.949
1692608520,+3.04,+20.061, +8.876,+0.949
1692608640,+3.04,+20.061, +8.871,+0.949
1692608760,+3.04,+20.044, +8.878,+0.949
1692608880,+3.04,+20.053, +8.872,+0.949
1692609000,+3.04,+20.069, +8.865,+0.949
1692609120,+3.04,+20.069, +8.870,+0.949
1692609240,+3.04,+20.069, +8.872,+0.949
1692609360,+3.04,+20.061, +8.880,+0.950
1692609480,+3.04,+20.078, +8.869,+0.950
1692609600,+3.04,+20.078, +8.868,+0.949
1692609720,+3.04,+20.069, +8.874,+0.949
1692609840,+3.04,+20.069, +8.871,+0.949
1692609960,+3.04,+20.061, +8.865,+0.949
1692610080,+3.04,+20.069, +8.874,+0.950
1692610200,+3.04,+20.069, +8.871,+0.949
1692610320,+3.04,+20.094, +8.858,+0.949
1692610440,+3.04,+20.078, +8.875,+0.949
1692610560,+3.04,+20.103, +8.868,+0.950
1692610680,+3.04,+20.086, +8.873,+0.950
1692610800,+3.04,+20.103, +8.871,+0.950
1692610920,+3.04,+20.111, +8.869,+0.950
1692611040,+3.04,+20.111, +8.867,+0.949
1692611160,+3.04,+20.111, +8.860,+0.949
1692611280,+3.04,+20.128, +8.860,+0.949
1692611400,+3.04,+20.128, +8.865,+0.950
1692611520,+3.04,+20.120, +8.856,+0.949
1692611640,+3.04,+20.120, +8.865,+0.950
1692611760,+3.04,+20.086, +8.882,+0.950
1692611880,+3.04,+20.145, +8.859,+0.949
1692612000,+3.04,+20.153, +8.857,+0.949
1692612120,+3.04,+20.161, +8.847,+0.949
1692612240,+3.04,+20.170, +8.860,+0.950
1692612360,+3.04,+20.145, +8.863,+0.950
1692612480,+3.04,+20.136, +8.854,+0.949
1692612600,+3.04,+20.153, +8.862,+0.949
1692612720,+3.04,+20.136, +8.865,+0.949
1692612840,+3.04,+20.145, +8.863,+0.949
1692612960,+3.04,+20.136, +8.864,+0.949
1692613080,+3.04,+20.136, +8.862,+0.949
1692613200,+3.04,+20.136, +8.870,+0.950
1692613320,+3.04,+20.187, +8.853,+0.949
1692613440,+3.04,+20.170, +8.851,+0.949
1692613560,+3.04,+20.203, +8.848,+0.949
1692613680,+3.04,+20.195, +8.855,+0.950
1692613800,+3.04,+20.228, +8.845,+0.949
1692613920,+3.04,+20.220, +8.850,+0.950
1692614040,+3.04,+20.253, +8.846,+0.950
1692614160,+3.04,+20.279, +8.844,+0.950
1692614280,+3.04,+20.287, +8.839,+0.950
1692614400,+3.04,+20.312, +8.823,+0.949
1692614520,+3.04,+20.320, +8.836,+0.950
1692614640,+3.04,+20.329, +8.834,+0.950
1692614760,+3.04,+20.354, +8.826,+0.950
1692614880,+3.04,+20.354, +8.826,+0.950
1692615000,+3.04,+20.362, +8.826,+0.950
1692615120,+3.04,+20.404, +8.813,+0.950
1692615240,+3.04,+20.413, +8.805,+0.950
1692615360,+3.04,+20.438, +8.813,+0.950
1692615480,+3.04,+20.446, +8.819,+0.950
1692615600,+3.04,+20.488, +8.803,+0.950
1692615720,+3.03,+20.496, +8.802,+0.950
1692615840,+3.03,+20.521, +8.805,+0.950
1692615960,+3.03,+20.588, +8.792,+0.950
1692616080,+3.03,+20.613, +8.797,+0.951
1692616200,+3.03,+20.655, +8.776,+0.950
1692616320,+3.03,+20.672, +8.779,+0.950
1692616440,+3.03,+20.730, +8.770,+0.951
1692616560,+3.03,+20.781, +8.762,+0.951
1692616680,+3.03,+20.814, +8.759,+0.950
1692616800,+3.03,+20.856, +8.750,+0.950
1692616920,+3.03,+20.889, +8.746,+0.950
1692617040,+3.03,+20.915, +8.743,+0.950
1692617160,+3.03,+20.940, +8.747,+0.951
1692617280,+3.03,+20.956, +8.734,+0.950
1692617400,+3.03,+20.990, +8.731,+0.950
1692617520,+3.03,+21.007, +8.734,+0.951
1692617640,+3.03,+21.057, +8.710,+0.950
1692617760,+3.03,+21.082, +8.720,+0.950
1692617880,+3.03,+21.065, +8.732,+0.950
1692618000,+3.03,+21.082, +8.723,+0.950
1692618120,+3.03,+21.107, +8.716,+0.950
1692618240,+3.04,+21.149, +8.703,+0.950
1692618360,+3.04,+21.191, +8.709,+0.951
1692618480,+3.04,+21.224, +8.701,+0.950
1692618600,+3.04,+21.232, +8.697,+0.950
1692618720,+3.04,+21.257, +8.695,+0.950
1692618840,+3.04,+21.341, +8.686,+0.951
1692618960,+3.04,+21.391, +8.670,+0.950
1692619080,+3.03,+21.441, +8.678,+0.951
1692619200,+3.03,+21.500, +8.663,+0.951
1692619320,+3.03,+21.525, +8.659,+0.951
1692619440,+3.03,+21.550, +8.667,+0.951
1692619560,+3.03,+21.617, +8.633,+0.950
1692619680,+3.03,+21.667, +8.621,+0.950
1692619800,+3.03,+21.684, +8.629,+0.950
1692619920,+3.03,+21.717, +8.628,+0.950
1692620040,+3.03,+21.768, +8.621,+0.950
1692620160,+3.03,+21.784, +8.636,+0.951
1692620280,+3.03,+21.818, +8.635,+0.951
1692620400,+3.03,+21.868, +8.618,+0.950
1692620520,+3.03,+21.935, +8.594,+0.950
1692620640,+3.03,+21.968, +8.594,+0.951
1692620760,+3.03,+22.010, +8.577,+0.950
1692620880,+3.03,+22.027, +8.597,+0.951
1692621000,+3.03,+22.060, +8.575,+0.950
1692621120,+3.03,+22.094, +8.570,+0.950
1692621240,+3.03,+22.127, +8.556,+0.950
1692621360,+3.03,+22.152, +8.568,+0.951
1692621480,+3.03,+22.161, +8.556,+0.950
1692621600,+3.03,+22.202, +8.558,+0.951
1692621720,+3.03,+22.202, +8.556,+0.950
1692621840,+3.03,+22.244, +8.563,+0.951
1692621960,+3.03,+22.311, +8.548,+0.950
1692622080,+3.03,+22.403, +8.533,+0.951
1692622200,+3.03,+22.504, +8.516,+0.951
1692622320,+3.03,+22.587, +8.509,+0.951
1692622440,+3.03,+22.704, +8.489,+0.951
1692622560,+3.03,+22.813, +8.478,+0.951
1692622680,+3.03,+22.905, +8.479,+0.952
1692622800,+3.03,+23.006, +8.463,+0.952
1692622920,+3.03,+23.106, +8.437,+0.951
1692623040,+3.03,+23.181, +8.430,+0.951
1692623160,+3.03,+23.282, +8.417,+0.951
1692623280,+3.03,+23.366, +8.403,+0.951
1692623400,+3.03,+23.441, +8.393,+0.951
1692623520,+3.03,+23.525, +8.382,+0.951
1692623640,+3.03,+23.667, +8.355,+0.952
1692623760,+3.03,+23.709, +8.344,+0.952
1692623880,+3.03,+23.776, +8.346,+0.952
1692624000,+3.03,+23.852, +8.336,+0.952
1692624120,+3.03,+23.877, +8.331,+0.952
1692624240,+3.03,+23.952, +8.318,+0.952
1692624360,+3.03,+24.003, +8.316,+0.952
1692624480,+3.03,+24.028, +8.316,+0.951
1692624600,+3.03,+24.095, +8.308,+0.952
1692624720,+3.03,+24.179, +8.288,+0.951
1692624840,+3.03,+24.246, +8.284,+0.952
1692624960,+3.03,+24.347, +8.273,+0.952
1692625080,+3.03,+24.397, +8.264,+0.952
1692625200,+3.03,+24.456, +8.257,+0.953
1692625320,+3.03,+24.523, +8.247,+0.953
1692625440,+3.03,+24.590, +8.244,+0.953
1692625560,+3.03,+24.666, +8.224,+0.953
1692625680,+3.03,+24.717, +8.214,+0.953
1692625800,+3.03,+24.759, +8.222,+0.952
1692625920,+3.03,+24.826, +8.203,+0.953
1692626040,+3.03,+24.868, +8.202,+0.953
1692626160,+3.03,+24.902, +8.198,+0.953
1692626280,+3.03,+24.969, +8.177,+0.952
1692626400,+3.03,+25.045, +8.166,+0.952
1692626520,+3.02,+25.103, +8.179,+0.953
1692626640,+3.02,+25.154, +8.182,+0.953
1692626760,+3.02,+25.238, +8.156,+0.953
1692626880,+3.02,+25.314, +8.140,+0.953
1692627000,+3.03,+25.373, +8.146,+0.953
1692627120,+3.03,+25.424, +8.140,+0.953
1692627240,+3.03,+25.466, +8.134,+0.953
1692627360,+3.03,+25.525, +8.121,+0.953
1692627480,+3.03,+25.592, +8.116,+0.953
1692627600,+3.03,+25.660, +8.118,+0.953
1692627720,+3.03,+25.693, +8.096,+0.953
1692627840,+3.03,+25.744, +8.086,+0.953
1692627960,+3.03,+25.786, +8.086,+0.953
1692628080,+3.03,+25.828, +8.104,+0.953
1692628200,+3.03,+25.879, +8.092,+0.953
1692628320,+3.03,+25.938, +8.087,+0.954
1692628440,+3.03,+25.972, +8.082,+0.953
1692628560,+3.02,+26.031, +8.070,+0.954
1692628680,+3.02,+26.065, +8.074,+0.954
1692628800,+3.02,+26.132, +8.052,+0.953
1692628920,+3.02,+26.192, +8.053,+0.954
1692629040,+3.02,+26.259, +8.038,+0.953
1692629160,+3.02,+26.310, +8.032,+0.953
1692629280,+3.02,+26.369, +8.042,+0.954
1692629400,+3.02,+26.420, +8.007,+0.953
1692629520,+3.03,+26.505, +8.008,+0.954
1692629640,+3.03,+26.615, +7.997,+0.954
1692629760,+3.03,+26.717, +8.041,+0.954
1692629880,+3.02,+26.869, +8.036,+0.955
1692630000,+3.02,+27.098, +7.977,+0.955
1692630120,+3.02,+27.217, +7.947,+0.955
1692630240,+3.02,+27.294, +7.971,+0.954
1692630360,+3.02,+27.353, +7.941,+0.954
1692630480,+3.02,+27.387, +7.929,+0.954
1692630600,+3.02,+27.472, +7.936,+0.955
1692630720,+3.02,+27.821, +7.920,+0.955
1692630840,+3.02,+28.351, +7.867,+0.956
1692630960,+3.02,+28.419, +7.848,+0.956
1692631080,+3.02,+28.385, +7.839,+0.955
1692631200,+3.02,+28.368, +7.835,+0.955
1692631320,+3.02,+28.376, +7.830,+0.956
1692631440,+3.02,+28.325, +7.838,+0.956
1692631560,+3.02,+28.291, +7.830,+0.956
1692631680,+3.02,+28.240, +7.828,+0.955
1692631800,+3.02,+28.214, +7.833,+0.955
1692631920,+3.02,+28.197, +7.832,+0.955
1692632040,+3.02,+28.180, +7.839,+0.955
1692632160,+3.02,+28.188, +7.829,+0.955
1692632280,+3.02,+28.214, +7.844,+0.956
1692632400,+3.02,+28.188, +7.830,+0.954
1692632520,+3.02,+28.206, +7.844,+0.955
1692632640,+3.02,+28.231, +7.835,+0.955
1692632760,+3.02,+28.240, +7.827,+0.955
1692632880,+3.02,+28.274, +7.820,+0.955
1692633000,+3.02,+28.368, +7.821,+0.956
1692633120,+3.02,+28.548, +7.827,+0.956
1692633240,+3.02,+28.985, +7.793,+0.957
1692633360,+3.02,+29.260, +7.772,+0.956
1692633480,+3.02,+29.268, +7.758,+0.956
1692633600,+3.02,+29.897, +7.784,+0.957
1692633720,+3.02,+30.911, +7.703,+0.958
1692633840,+3.02,+31.548, +7.604,+0.957
1692633960,+3.01,+31.757, +7.555,+0.958
1692634080,+3.01,+31.941, +7.501,+0.957
1692634200,+3.01,+31.810, +7.474,+0.956
1692634320,+3.01,+31.565, +7.503,+0.956
1692634440,+3.02,+31.355, +7.528,+0.956
1692634560,+3.02,+31.364, +7.531,+0.957
1692634680,+3.02,+31.312, +7.494,+0.956
1692634800,+3.02,+31.408, +7.508,+0.957
1692634920,+3.01,+31.626, +7.479,+0.957
1692635040,+3.01,+31.766, +7.481,+0.956
1692635160,+3.01,+31.871, +7.529,+0.957
1692635280,+3.02,+32.187, +7.454,+0.956
1692635400,+3.02,+32.406, +7.470,+0.957
1692635520,+3.01,+33.634, +7.417,+0.957
1692635640,+3.01,+35.007, +7.214,+0.954
1692635760,+3.01,+36.432, +7.056,+0.950
1692635880,+3.00,+36.477, +7.197,+0.950
1692636000,+3.00,+36.477, +7.326,+0.951
1692636120,+3.00,+36.468, +7.461,+0.952
1692636240,+3.00,+36.477, +7.528,+0.952
1692636360,+3.00,+36.477, +7.629,+0.953
1692636480,+3.00,+36.468, +7.632,+0.952
1692636600,+3.00,+36.468, +7.671,+0.953
1692636720,+3.00,+36.468, +7.751,+0.954
1692636840,+3.00,+36.459, +7.782,+0.953
1692636960,+3.00,+36.477, +7.701,+0.952
1692637080,+3.00,+36.477, +7.587,+0.950
1692637200,+3.00,+36.477, +7.501,+0.951
1692637320,+3.00,+36.459, +7.488,+0.951
1692637440,+3.00,+36.477, +7.600,+0.952
1692637560,+3.00,+36.468, +7.589,+0.951
1692637680,+3.00,+36.468, +7.559,+0.951
1692637800,+3.00,+36.477, +7.469,+0.950
1692637920,+3.00,+36.477, +7.358,+0.949
1692638040,+3.00,+36.468, +7.273,+0.949
1692638160,+3.00,+36.477, +7.185,+0.947
1692638280,+3.00,+36.459, +7.217,+0.949
1692638400,+3.00,+36.468, +7.138,+0.948
1692638520,+3.00,+36.477, +7.038,+0.947
1692638640,+3.00,+36.477, +7.007,+0.947
1692638760,+3.00,+36.468, +6.963,+0.947
1692638880,+3.00,+36.459, +6.912,+0.946
1692639000,+3.00,+36.477, +6.918,+0.947
1692639120,+3.00,+36.468, +6.899,+0.947
1692639240,+3.00,+36.477, +6.884,+0.947
1692639360,+3.00,+36.468, +6.870,+0.946
1692639480,+3.00,+36.468, +6.900,+0.947
1692639600,+3.00,+36.477, +6.978,+0.948
1692639720,+3.00,+36.468, +6.959,+0.947
1692639840,+3.00,+36.477, +7.005,+0.948
1692639960,+3.00,+36.477, +7.038,+0.948
1692640080,+3.00,+36.468, +7.109,+0.949
1692640200,+3.00,+36.477, +7.148,+0.949
1692640320,+3.00,+36.468, +7.180,+0.949
1692640440,+3.00,+36.459, +7.220,+0.950
1692640560,+3.00,+36.468, +7.237,+0.950
1692640680,+3.00,+36.468, +7.262,+0.950
1692640800,+3.00,+36.477, +7.179,+0.949
1692640920,+3.00,+36.459, +7.143,+0.949
1692641040,+3.00,+36.468, +7.053,+0.947
1692641160,+3.00,+36.477, +6.988,+0.948
1692641280,+3.00,+36.468, +6.977,+0.947
1692641400,+3.00,+36.468, +6.892,+0.947
1692641520,+3.00,+36.468, +6.867,+0.946
1692641640,+3.00,+36.396, +6.825,+0.946
1692641760,+3.01,+36.088, +6.873,+0.948
1692641880,+3.01,+35.826, +6.896,+0.949
1692642000,+3.01,+35.565, +6.950,+0.950
1692642120,+3.01,+35.313, +6.983,+0.951
1692642240,+3.01,+35.025, +7.018,+0.953
1692642360,+3.01,+34.864, +7.055,+0.952
1692642480,+3.01,+34.658, +7.059,+0.952
1692642600,+3.01,+34.453, +7.094,+0.953
1692642720,+3.01,+34.310, +7.119,+0.954
1692642840,+3.01,+34.185, +7.138,+0.954
1692642960,+3.01,+34.034, +7.151,+0.955
1692643080,+3.01,+33.936, +7.170,+0.955
1692643200,+3.01,+33.829, +7.197,+0.956
1692643320,+3.01,+33.705, +7.196,+0.955
1692643440,+3.01,+33.554, +7.215,+0.955
1692643560,+3.01,+33.421, +7.241,+0.956
1692643680,+3.02,+33.315, +7.249,+0.956
1692643800,+3.02,+33.191, +7.255,+0.957
1692643920,+3.01,+33.120, +7.271,+0.957
1692644040,+3.01,+32.970, +7.299,+0.957
1692644160,+3.01,+32.873, +7.290,+0.957
1692644280,+3.01,+32.794, +7.295,+0.958
1692644400,+3.01,+32.688, +7.321,+0.957
1692644520,+3.01,+32.565, +7.325,+0.958
1692644640,+3.01,+32.468, +7.361,+0.958
1692644760,+3.02,+32.380, +7.385,+0.958
1692644880,+3.02,+32.257, +7.374,+0.958
1692645000,+3.02,+32.152, +7.373,+0.957
1692645120,+3.02,+32.011, +7.397,+0.957
1692645240,+3.01,+31.950, +7.402,+0.958
1692645360,+3.01,+31.862, +7.414,+0.958
1692645480,+3.01,+31.766, +7.423,+0.958
1692645600,+3.01,+31.749, +7.425,+0.958
1692645720,+3.01,+31.722, +7.441,+0.958
1692645840,+3.01,+31.687, +7.428,+0.958
1692645960,+3.01,+31.635, +7.430,+0.958
1692646080,+3.01,+31.539, +7.472,+0.958
1692646200,+3.01,+31.521, +7.441,+0.958
1692646320,+3.02,+31.486, +7.449,+0.958
1692646440,+3.02,+31.443, +7.450,+0.958
1692646560,+3.02,+31.382, +7.485,+0.959
1692646680,+3.02,+31.312, +7.483,+0.958
1692646800,+3.02,+31.225, +7.486,+0.958
1692646920,+3.02,+31.172, +7.485,+0.958
1692647040,+3.02,+31.103, +7.509,+0.958
1692647160,+3.02,+31.033, +7.505,+0.958
1692647280,+3.02,+30.998, +7.495,+0.958
1692647400,+3.02,+30.946, +7.515,+0.958
1692647520,+3.02,+30.894, +7.535,+0.958
1692647640,+3.02,+30.833, +7.545,+0.959
1692647760,+3.01,+30.737, +7.551,+0.958
1692647880,+3.01,+30.659, +7.553,+0.958
1692648000,+3.01,+30.599, +7.549,+0.958
1692648120,+3.02,+30.564, +7.563,+0.958
1692648240,+3.02,+30.494, +7.559,+0.958
1692648360,+3.02,+30.468, +7.575,+0.958
1692648480,+3.02,+30.442, +7.574,+0.959
1692648600,+3.02,+30.434, +7.580,+0.959
1692648720,+3.02,+30.399, +7.587,+0.959
1692648840,+3.02,+30.347, +7.579,+0.958
1692648960,+3.02,+30.339, +7.596,+0.959
1692649080,+3.02,+30.304, +7.589,+0.958
1692649200,+3.02,+30.252, +7.574,+0.958
1692649320,+3.02,+30.183, +7.596,+0.958
1692649440,+3.02,+30.122, +7.616,+0.959
1692649560,+3.02,+30.053, +7.622,+0.959
1692649680,+3.02,+30.010, +7.608,+0.957
1692649800,+3.02,+29.932, +7.615,+0.959
1692649920,+3.02,+29.880, +7.623,+0.959
1692650040,+3.02,+29.820, +7.628,+0.958
1692650160,+3.02,+29.785, +7.634,+0.959
1692650280,+3.02,+29.725, +7.637,+0.959
1692650400,+3.02,+29.690, +7.625,+0.958
1692650520,+3.02,+29.630, +7.674,+0.959
1692650640,+3.02,+29.587, +7.654,+0.958
1692650760,+3.02,+29.544, +7.653,+0.958
1692650880,+3.02,+29.484, +7.657,+0.958
1692651000,+3.02,+29.440, +7.664,+0.958
1692651120,+3.02,+29.372, +7.682,+0.959
1692651240,+3.02,+29.329, +7.693,+0.959
1692651360,+3.02,+29.286, +7.702,+0.958
1692651480,+3.02,+29.208, +7.692,+0.958
1692651600,+3.02,+29.131, +7.690,+0.958
1692651720,+3.02,+29.054, +7.703,+0.958
1692651840,+3.02,+29.028, +7.707,+0.958
1692651960,+3.02,+28.976, +7.722,+0.958
1692652080,+3.02,+28.933, +7.726,+0.958
1692652200,+3.02,+28.899, +7.713,+0.958
1692652320,+3.02,+28.839, +7.735,+0.958
1692652440,+3.02,+28.779, +7.739,+0.958
1692652560,+3.02,+28.770, +7.727,+0.957
1692652680,+3.02,+28.710, +7.736,+0.957
1692652800,+3.02,+28.659, +7.750,+0.958
1692652920,+3.02,+28.616, +7.747,+0.958
1692653040,+3.02,+28.599, +7.742,+0.957
1692653160,+3.02,+28.531, +7.762,+0.958
1692653280,+3.02,+28.513, +7.770,+0.958
1692653400,+3.02,+28.496, +7.766,+0.958
1692653520,+3.02,+28.411, +7.797,+0.958
1692653640,+3.02,+28.376, +7.791,+0.957
1692653760,+3.02,+28.351, +7.780,+0.958
1692653880,+3.02,+28.308, +7.795,+0.958
1692654000,+3.02,+28.265, +7.799,+0.957
1692654120,+3.02,+28.223, +7.797,+0.958
1692654240,+3.02,+28.180, +7.804,+0.957
1692654360,+3.02,+28.137, +7.801,+0.957
1692654480,+3.02,+28.112, +7.804,+0.957
1692654600,+3.02,+28.043, +7.814,+0.957
1692654720,+3.02,+28.018, +7.813,+0.958
1692654840,+3.02,+27.949, +7.832,+0.958
1692654960,+3.02,+27.924, +7.817,+0.957
1692655080,+3.02,+27.907, +7.825,+0.957
1692655200,+3.02,+27.839, +7.846,+0.957
1692655320,+3.02,+27.813, +7.848,+0.957
1692655440,+3.02,+27.770, +7.847,+0.958
1692655560,+3.02,+27.728, +7.845,+0.957
1692655680,+3.03,+27.694, +7.846,+0.957
1692655800,+3.03,+27.651, +7.857,+0.957
1692655920,+3.02,+27.608, +7.853,+0.957
1692656040,+3.02,+27.574, +7.853,+0.956
1692656160,+3.02,+27.540, +7.863,+0.957
