7450-401396
OS REV: 1.05 Sensor Cal: 1618512290
Time (sec),  BV (Volts),  T (deg C),  DO (mg/l),  Q ()
1688935920,+3.06,+24.902, +5.625,+0.961
1688936040,+3.06,+24.994, +5.872,+0.961
1688936160,+3.06,+24.977, +5.951,+0.961
1688936280,+3.06,+24.834, +6.340,+0.961
1688936400,+3.06,+24.767, +6.408,+0.961
1688936520,+3.06,+24.691, +6.460,+0.961
1688936640,+3.06,+24.641, +6.458,+0.961
1688936760,+3.06,+24.574, +6.446,+0.961
1688936880,+3.06,+24.532, +6.398,+0.961
1688937000,+3.06,+24.498, +6.364,+0.961
1688937120,+3.06,+24.481, +6.312,+0.961
1688937240,+3.06,+24.473, +6.258,+0.961
1688937360,+3.06,+24.464, +6.252,+0.961
1688937480,+3.06,+24.473, +6.055,+0.961
1688937600,+3.06,+24.439, +5.974,+0.961
1688937720,+3.06,+24.406, +5.998,+0.961
1688937840,+3.06,+24.355, +6.152,+0.961
1688937960,+3.06,+24.330, +6.502,+0.961
1688938080,+3.06,+24.322, +6.264,+0.960
1688938200,+3.06,+24.280, +6.096,+0.961
1688938320,+3.06,+24.313, +6.390,+0.961
1688938440,+3.06,+24.288, +6.135,+0.961
1688938560,+3.06,+24.288, +6.317,+0.961
1688938680,+3.06,+24.255, +6.282,+0.961
1688938800,+3.06,+24.255, +6.236,+0.961
1688938920,+3.06,+24.255, +6.133,+0.960
1688939040,+3.06,+24.255, +6.070,+0.960
1688939160,+3.06,+24.204, +5.833,+0.961
1688939280,+3.06,+24.162, +6.118,+0.961
1688939400,+3.06,+24.137, +6.107,+0.961
1688939520,+3.06,+24.087, +6.325,+0.961
1688939640,+3.06,+24.045, +6.517,+0.961
1688939760,+3.06,+24.020, +6.437,+0.961
1688939880,+3.06,+23.936, +6.117,+0.960
1688940000,+3.06,+23.894, +6.000,+0.960
1688940120,+3.06,+23.860, +5.631,+0.960
1688940240,+3.06,+23.869, +5.371,+0.960
1688940360,+3.06,+23.869, +5.311,+0.960
1688940480,+3.06,+23.852, +5.422,+0.961
1688940600,+3.06,+23.877, +5.664,+0.961
1688940720,+3.06,+23.869, +5.845,+0.960
1688940840,+3.06,+23.877, +5.974,+0.960
1688940960,+3.06,+23.860, +6.267,+0.960
1688941080,+3.06,+23.852, +6.399,+0.961
1688941200,+3.06,+23.818, +6.345,+0.960
1688941320,+3.06,+23.785, +6.282,+0.960
1688941440,+3.06,+23.751, +6.217,+0.960
1688941560,+3.06,+23.726, +6.159,+0.960
1688941680,+3.06,+23.701, +5.999,+0.961
1688941800,+3.06,+23.701, +5.870,+0.960
1688941920,+3.06,+23.693, +5.742,+0.961
1688942040,+3.06,+23.684, +5.625,+0.961
1688942160,+3.06,+23.676, +5.603,+0.960
1688942280,+3.06,+23.659, +5.540,+0.961
1688942400,+3.06,+23.651, +5.450,+0.961
1688942520,+3.06,+23.642, +5.365,+0.961
1688942640,+3.06,+23.609, +5.338,+0.961
1688942760,+3.06,+23.625, +5.372,+0.960
1688942880,+3.06,+23.625, +5.388,+0.961
1688943000,+3.06,+23.617, +5.359,+0.961
1688943120,+3.06,+23.609, +5.296,+0.961
1688943240,+3.06,+23.600, +5.274,+0.961
1688943360,+3.06,+23.584, +5.291,+0.961
1688943480,+3.06,+23.567, +5.474,+0.961
1688943600,+3.06,+23.575, +5.524,+0.960
1688943720,+3.06,+23.567, +5.561,+0.960
1688943840,+3.06,+23.558, +5.523,+0.960
1688943960,+3.06,+23.525, +5.523,+0.961
1688944080,+3.06,+23.542, +5.493,+0.960
1688944200,+3.06,+23.533, +5.435,+0.960
1688944320,+3.06,+23.508, +5.432,+0.961
1688944440,+3.06,+23.517, +5.391,+0.960
1688944560,+3.06,+23.517, +5.325,+0.960
1688944680,+3.06,+23.517, +5.347,+0.960
1688944800,+3.06,+23.491, +5.354,+0.961
1688944920,+3.06,+23.508, +5.304,+0.960
1688945040,+3.06,+23.466, +5.256,+0.960
1688945160,+3.06,+23.491, +5.188,+0.960
1688945280,+3.06,+23.491, +5.177,+0.961
1688945400,+3.06,+23.475, +5.182,+0.960
1688945520,+3.06,+23.466, +5.182,+0.961
1688945640,+3.06,+23.466, +5.167,+0.960
1688945760,+3.06,+23.458, +5.115,+0.960
1688945880,+3.06,+23.449, +5.097,+0.960
1688946000,+3.06,+23.449, +5.052,+0.961
1688946120,+3.06,+23.449, +4.993,+0.960
1688946240,+3.06,+23.449, +5.032,+0.961
1688946360,+3.06,+23.424, +5.159,+0.961
1688946480,+3.06,+23.416, +5.241,+0.960
1688946600,+3.06,+23.416, +5.349,+0.960
1688946720,+3.06,+23.408, +5.403,+0.960
1688946840,+3.06,+23.424, +5.452,+0.960
1688946960,+3.06,+23.391, +5.500,+0.960
1688947080,+3.06,+23.408, +5.530,+0.960
1688947200,+3.06,+23.382, +5.555,+0.960
1688947320,+3.06,+23.382, +5.591,+0.960
1688947440,+3.06,+23.382, +5.626,+0.960
1688947560,+3.06,+23.374, +5.658,+0.960
1688947680,+3.06,+23.366, +5.682,+0.960
1688947800,+3.06,+23.382, +5.707,+0.960
1688947920,+3.06,+23.366, +5.744,+0.960
1688948040,+3.06,+23.366, +5.739,+0.960
1688948160,+3.06,+23.357, +5.673,+0.960
1688948280,+3.06,+23.366, +5.686,+0.960
1688948400,+3.06,+23.366, +5.714,+0.960
1688948520,+3.06,+23.324, +5.734,+0.961
1688948640,+3.06,+23.341, +5.719,+0.960
1688948760,+3.06,+23.324, +5.722,+0.960
1688948880,+3.06,+23.315, +5.719,+0.960
1688949000,+3.06,+23.332, +5.697,+0.961
1688949120,+3.06,+23.324, +5.675,+0.960
1688949240,+3.06,+23.332, +5.657,+0.960
1688949360,+3.06,+23.299, +5.668,+0.960
1688949480,+3.06,+23.307, +5.673,+0.960
1688949600,+3.06,+23.299, +5.660,+0.961
1688949720,+3.06,+23.307, +5.638,+0.960
1688949840,+3.06,+23.282, +5.616,+0.960
1688949960,+3.06,+23.290, +5.536,+0.960
1688950080,+3.06,+23.274, +5.502,+0.960
1688950200,+3.06,+23.274, +5.522,+0.961
1688950320,+3.06,+23.274, +5.506,+0.960
1688950440,+3.06,+23.274, +5.528,+0.960
1688950560,+3.06,+23.257, +5.543,+0.960
1688950680,+3.06,+23.248, +5.531,+0.960
1688950800,+3.06,+23.257, +5.548,+0.960
1688950920,+3.06,+23.240, +5.575,+0.960
1688951040,+3.06,+23.257, +5.510,+0.960
1688951160,+3.06,+23.232, +5.440,+0.960
1688951280,+3.06,+23.232, +5.433,+0.960
1688951400,+3.06,+23.232, +5.506,+0.960
1688951520,+3.06,+23.215, +5.556,+0.960
1688951640,+3.06,+23.215, +5.552,+0.960
1688951760,+3.06,+23.215, +5.503,+0.960
1688951880,+3.06,+23.215, +5.460,+0.960
1688952000,+3.06,+23.215, +5.440,+0.960
1688952120,+3.06,+23.207, +5.403,+0.960
1688952240,+3.06,+23.207, +5.404,+0.960
1688952360,+3.06,+23.173, +5.392,+0.960
1688952480,+3.06,+23.190, +5.365,+0.960
1688952600,+3.06,+23.198, +5.301,+0.960
1688952720,+3.06,+23.190, +5.218,+0.961
1688952840,+3.06,+23.181, +5.328,+0.960
1688952960,+3.06,+23.198, +5.299,+0.961
1688953080,+3.06,+23.181, +5.397,+0.960
1688953200,+3.06,+23.165, +5.388,+0.960
1688953320,+3.06,+23.148, +5.357,+0.960
1688953440,+3.06,+23.140, +5.358,+0.960
1688953560,+3.06,+23.156, +5.305,+0.960
1688953680,+3.06,+23.140, +5.313,+0.960
1688953800,+3.06,+23.123, +5.270,+0.960
1688953920,+3.06,+23.140, +5.233,+0.960
1688954040,+3.06,+23.131, +5.267,+0.960
1688954160,+3.06,+23.131, +5.328,+0.960
1688954280,+3.06,+23.131, +5.327,+0.960
1688954400,+3.06,+23.114, +5.302,+0.960
1688954520,+3.06,+23.114, +5.253,+0.960
1688954640,+3.06,+23.114, +5.266,+0.960
1688954760,+3.06,+23.114, +5.250,+0.961
1688954880,+3.06,+23.114, +5.259,+0.960
1688955000,+3.06,+23.106, +5.240,+0.960
1688955120,+3.06,+23.098, +5.216,+0.960
1688955240,+3.06,+23.106, +5.226,+0.960
1688955360,+3.06,+23.098, +5.241,+0.960
1688955480,+3.06,+23.081, +5.236,+0.961
1688955600,+3.06,+23.089, +5.220,+0.960
1688955720,+3.06,+23.106, +5.185,+0.960
1688955840,+3.06,+23.098, +5.149,+0.960
1688955960,+3.06,+23.089, +4.958,+0.960
1688956080,+3.06,+23.073, +4.790,+0.961
1688956200,+3.06,+23.089, +4.619,+0.960
1688956320,+3.06,+23.064, +4.429,+0.960
1688956440,+3.06,+23.073, +4.501,+0.961
1688956560,+3.06,+23.081, +4.552,+0.960
1688956680,+3.06,+23.081, +4.545,+0.960
1688956800,+3.06,+23.056, +4.528,+0.961
1688956920,+3.06,+23.064, +4.550,+0.960
1688957040,+3.06,+23.056, +4.520,+0.960
1688957160,+3.06,+23.056, +4.434,+0.960
1688957280,+3.06,+23.047, +4.414,+0.960
1688957400,+3.06,+23.031, +4.473,+0.960
1688957520,+3.06,+23.056, +4.459,+0.959
1688957640,+3.06,+23.039, +4.455,+0.959
1688957760,+3.06,+23.039, +4.680,+0.959
1688957880,+3.06,+23.022, +4.809,+0.960
1688958000,+3.06,+23.047, +4.793,+0.960
1688958120,+3.06,+23.031, +4.644,+0.960
1688958240,+3.06,+23.031, +4.711,+0.960
1688958360,+3.06,+23.014, +4.819,+0.960
1688958480,+3.06,+22.997, +4.728,+0.959
1688958600,+3.06,+23.006, +4.656,+0.960
1688958720,+3.06,+22.997, +4.569,+0.960
1688958840,+3.06,+22.997, +4.523,+0.960
1688958960,+3.06,+22.989, +4.419,+0.960
1688959080,+3.06,+22.997, +4.438,+0.960
1688959200,+3.06,+23.006, +4.673,+0.960
1688959320,+3.06,+22.997, +4.743,+0.960
1688959440,+3.06,+22.997, +4.786,+0.960
1688959560,+3.06,+22.997, +4.721,+0.959
1688959680,+3.06,+22.997, +4.592,+0.959
1688959800,+3.06,+22.981, +4.638,+0.960
1688959920,+3.06,+22.997, +4.788,+0.960
1688960040,+3.06,+22.981, +4.891,+0.961
1688960160,+3.06,+22.972, +4.751,+0.960
1688960280,+3.06,+22.964, +4.580,+0.960
1688960400,+3.06,+22.972, +4.466,+0.960
1688960520,+3.06,+22.964, +4.450,+0.960
1688960640,+3.06,+22.939, +4.517,+0.961
1688960760,+3.06,+22.964, +4.549,+0.961
1688960880,+3.06,+22.930, +4.620,+0.960
1688961000,+3.06,+22.939, +4.640,+0.960
1688961120,+3.06,+22.930, +4.589,+0.961
1688961240,+3.06,+22.939, +4.507,+0.960
1688961360,+3.06,+22.930, +4.407,+0.960
1688961480,+3.06,+22.939, +4.250,+0.960
1688961600,+3.06,+22.947, +4.143,+0.960
1688961720,+3.06,+22.922, +4.253,+0.961
1688961840,+3.06,+22.922, +4.304,+0.961
1688961960,+3.06,+22.922, +4.242,+0.960
1688962080,+3.06,+22.930, +4.064,+0.960
1688962200,+3.06,+22.888, +4.079,+0.960
1688962320,+3.06,+22.905, +4.148,+0.960
1688962440,+3.06,+22.905, +4.149,+0.960
1688962560,+3.06,+22.922, +4.389,+0.961
1688962680,+3.06,+22.897, +4.390,+0.961
1688962800,+3.06,+22.888, +4.408,+0.961
1688962920,+3.06,+22.872, +4.278,+0.960
1688963040,+3.06,+22.888, +4.117,+0.960
1688963160,+3.06,+22.880, +3.967,+0.961
1688963280,+3.06,+22.880, +3.898,+0.961
1688963400,+3.06,+22.872, +3.961,+0.960
1688963520,+3.06,+22.872, +3.792,+0.961
1688963640,+3.06,+22.863, +3.609,+0.961
1688963760,+3.06,+22.880, +3.488,+0.961
1688963880,+3.06,+22.847, +3.384,+0.961
1688964000,+3.06,+22.847, +3.370,+0.961
1688964120,+3.06,+22.847, +3.338,+0.961
1688964240,+3.06,+22.847, +3.321,+0.961
1688964360,+3.06,+22.847, +3.574,+0.961
1688964480,+3.06,+22.830, +3.702,+0.961
1688964600,+3.06,+22.830, +3.650,+0.961
1688964720,+3.06,+22.813, +3.445,+0.961
1688964840,+3.06,+22.821, +3.263,+0.961
1688964960,+3.06,+22.821, +3.463,+0.961
1688965080,+3.06,+22.805, +3.867,+0.961
1688965200,+3.06,+22.821, +3.956,+0.961
1688965320,+3.06,+22.788, +3.788,+0.961
1688965440,+3.06,+22.805, +3.722,+0.960
1688965560,+3.06,+22.788, +3.617,+0.961
1688965680,+3.06,+22.796, +3.483,+0.961
1688965800,+3.06,+22.780, +3.669,+0.961
1688965920,+3.06,+22.780, +3.841,+0.961
1688966040,+3.06,+22.771, +3.716,+0.961
1688966160,+3.06,+22.780, +3.648,+0.961
1688966280,+3.06,+22.763, +3.528,+0.961
1688966400,+3.06,+22.755, +3.366,+0.960
1688966520,+3.06,+22.763, +3.365,+0.961
1688966640,+3.06,+22.755, +3.561,+0.960
1688966760,+3.06,+22.771, +3.756,+0.960
1688966880,+3.06,+22.738, +4.374,+0.960
1688967000,+3.06,+22.738, +4.462,+0.960
1688967120,+3.06,+22.755, +4.439,+0.961
1688967240,+3.06,+22.729, +4.449,+0.961
1688967360,+3.06,+22.721, +4.390,+0.960
1688967480,+3.06,+22.721, +4.263,+0.961
1688967600,+3.06,+22.721, +4.267,+0.960
1688967720,+3.06,+22.721, +4.188,+0.961
1688967840,+3.06,+22.704, +4.062,+0.961
1688967960,+3.06,+22.696, +4.001,+0.960
1688968080,+3.06,+22.704, +3.790,+0.960
1688968200,+3.06,+22.688, +3.773,+0.961
1688968320,+3.06,+22.704, +3.721,+0.960
1688968440,+3.06,+22.679, +3.740,+0.961
1688968560,+3.06,+22.704, +3.715,+0.961
1688968680,+3.06,+22.688, +3.859,+0.961
1688968800,+3.06,+22.663, +4.016,+0.960
1688968920,+3.06,+22.671, +4.086,+0.961
1688969040,+3.06,+22.679, +4.097,+0.960
1688969160,+3.06,+22.654, +4.079,+0.960
1688969280,+3.06,+22.671, +3.943,+0.960
1688969400,+3.06,+22.646, +3.839,+0.961
1688969520,+3.06,+22.663, +3.706,+0.960
1688969640,+3.06,+22.646, +3.676,+0.961
1688969760,+3.06,+22.646, +3.630,+0.960
1688969880,+3.06,+22.637, +3.570,+0.960
1688970000,+3.06,+22.621, +3.795,+0.961
1688970120,+3.06,+22.637, +3.665,+0.961
1688970240,+3.06,+22.621, +3.656,+0.960
1688970360,+3.06,+22.612, +3.717,+0.960
1688970480,+3.06,+22.621, +3.781,+0.960
1688970600,+3.06,+22.629, +3.721,+0.960
1688970720,+3.06,+22.612, +3.787,+0.960
1688970840,+3.06,+22.612, +3.914,+0.961
1688970960,+3.06,+22.621, +3.975,+0.960
1688971080,+3.06,+22.612, +3.960,+0.961
1688971200,+3.06,+22.596, +3.990,+0.961
1688971320,+3.06,+22.596, +3.984,+0.961
1688971440,+3.06,+22.596, +3.986,+0.961
1688971560,+3.06,+22.587, +3.977,+0.961
1688971680,+3.06,+22.579, +3.959,+0.961
1688971800,+3.06,+22.579, +3.944,+0.961
1688971920,+3.06,+22.579, +3.966,+0.961
1688972040,+3.06,+22.570, +3.947,+0.961
1688972160,+3.06,+22.570, +4.019,+0.961
1688972280,+3.06,+22.545, +4.038,+0.960
1688972400,+3.06,+22.554, +4.003,+0.961
1688972520,+3.06,+22.554, +3.958,+0.961
1688972640,+3.06,+22.554, +3.899,+0.961
1688972760,+3.06,+22.554, +3.798,+0.961
1688972880,+3.06,+22.545, +3.826,+0.961
1688973000,+3.06,+22.545, +3.804,+0.960
1688973120,+3.06,+22.529, +3.631,+0.961
1688973240,+3.06,+22.529, +3.630,+0.961
1688973360,+3.06,+22.512, +3.652,+0.961
1688973480,+3.06,+22.537, +3.610,+0.961
1688973600,+3.06,+22.512, +3.581,+0.961
1688973720,+3.06,+22.512, +3.780,+0.961
1688973840,+3.06,+22.512, +3.780,+0.961
1688973960,+3.06,+22.512, +3.626,+0.961
1688974080,+3.06,+22.520, +3.638,+0.960
1688974200,+3.06,+22.495, +3.591,+0.961
1688974320,+3.06,+22.495, +3.464,+0.961
1688974440,+3.06,+22.487, +3.559,+0.960
1688974560,+3.06,+22.495, +3.659,+0.961
1688974680,+3.06,+22.478, +3.743,+0.961
1688974800,+3.06,+22.478, +3.602,+0.961
1688974920,+3.06,+22.478, +3.578,+0.960
1688975040,+3.06,+22.478, +3.698,+0.961
1688975160,+3.06,+22.470, +3.763,+0.961
1688975280,+3.06,+22.445, +3.722,+0.961
1688975400,+3.06,+22.453, +3.644,+0.960
1688975520,+3.06,+22.453, +3.564,+0.960
1688975640,+3.06,+22.462, +3.688,+0.961
1688975760,+3.06,+22.445, +3.763,+0.961
1688975880,+3.06,+22.445, +3.778,+0.961
1688976000,+3.06,+22.428, +3.715,+0.961
1688976120,+3.06,+22.403, +3.508,+0.961
1688976240,+3.06,+22.437, +3.189,+0.961
1688976360,+3.06,+22.437, +3.502,+0.961
1688976480,+3.06,+22.412, +3.694,+0.961
1688976600,+3.06,+22.403, +3.651,+0.960
1688976720,+3.06,+22.428, +3.488,+0.961
1688976840,+3.06,+22.403, +3.504,+0.961
1688976960,+3.06,+22.403, +3.634,+0.961
1688977080,+3.06,+22.395, +3.700,+0.960
1688977200,+3.06,+22.386, +3.773,+0.961
1688977320,+3.06,+22.361, +3.832,+0.961
1688977440,+3.06,+22.353, +3.847,+0.961
1688977560,+3.06,+22.370, +3.793,+0.961
1688977680,+3.06,+22.361, +3.662,+0.961
1688977800,+3.06,+22.370, +3.473,+0.960
1688977920,+3.06,+22.345, +3.465,+0.961
1688978040,+3.06,+22.353, +3.523,+0.960
1688978160,+3.06,+22.361, +3.466,+0.960
1688978280,+3.06,+22.336, +3.398,+0.960
1688978400,+3.06,+22.336, +3.305,+0.961
1688978520,+3.06,+22.328, +3.349,+0.961
1688978640,+3.06,+22.345, +3.473,+0.960
1688978760,+3.06,+22.320, +3.599,+0.961
1688978880,+3.06,+22.320, +3.648,+0.960
1688979000,+3.06,+22.311, +3.651,+0.961
1688979120,+3.06,+22.311, +3.641,+0.960
1688979240,+3.06,+22.294, +3.252,+0.961
1688979360,+3.06,+22.303, +3.251,+0.961
1688979480,+3.06,+22.294, +3.247,+0.961
1688979600,+3.06,+22.286, +3.182,+0.961
1688979720,+3.06,+22.286, +3.207,+0.960
1688979840,+3.06,+22.278, +3.217,+0.961
1688979960,+3.07,+22.278, +3.249,+0.961
1688980080,+3.06,+22.278, +3.412,+0.961
1688980200,+3.06,+22.278, +3.729,+0.961
1688980320,+3.07,+22.253, +3.798,+0.961
1688980440,+3.07,+22.261, +3.842,+0.960
1688980560,+3.06,+22.261, +3.814,+0.960
1688980680,+3.06,+22.244, +3.788,+0.961
1688980800,+3.07,+22.261, +3.768,+0.960
1688980920,+3.06,+22.244, +3.671,+0.961
1688981040,+3.06,+22.236, +3.604,+0.961
1688981160,+3.06,+22.244, +3.438,+0.961
1688981280,+3.07,+22.236, +3.355,+0.960
1688981400,+3.06,+22.236, +3.346,+0.960
1688981520,+3.06,+22.236, +3.332,+0.960
1688981640,+3.06,+22.219, +3.264,+0.961
1688981760,+3.06,+22.194, +3.240,+0.961
1688981880,+3.06,+22.202, +3.281,+0.961
1688982000,+3.06,+22.202, +3.289,+0.961
1688982120,+3.06,+22.211, +3.256,+0.961
1688982240,+3.06,+22.186, +3.184,+0.961
1688982360,+3.06,+22.194, +2.888,+0.960
1688982480,+3.06,+22.194, +2.830,+0.960
1688982600,+3.06,+22.194, +2.972,+0.959
1688982720,+3.06,+22.177, +3.028,+0.960
1688982840,+3.06,+22.177, +3.099,+0.960
1688982960,+3.06,+22.177, +3.137,+0.960
1688983080,+3.06,+22.177, +2.905,+0.960
1688983200,+3.06,+22.161, +2.848,+0.960
1688983320,+3.06,+22.152, +3.070,+0.960
1688983440,+3.06,+22.144, +3.038,+0.960
1688983560,+3.06,+22.127, +2.924,+0.959
1688983680,+3.06,+22.127, +2.985,+0.960
1688983800,+3.06,+22.119, +3.162,+0.960
1688983920,+3.06,+22.144, +3.315,+0.960
1688984040,+3.06,+22.127, +3.341,+0.961
1688984160,+3.06,+22.110, +3.472,+0.961
1688984280,+3.06,+22.110, +3.521,+0.961
1688984400,+3.06,+22.110, +3.545,+0.960
1688984520,+3.06,+22.102, +3.576,+0.961
1688984640,+3.06,+22.085, +3.570,+0.961
1688984760,+3.06,+22.102, +3.546,+0.960
1688984880,+3.06,+22.085, +3.541,+0.960
1688985000,+3.06,+22.094, +3.517,+0.961
1688985120,+3.06,+22.085, +3.410,+0.961
1688985240,+3.06,+22.102, +3.597,+0.961
1688985360,+3.06,+22.069, +3.696,+0.961
1688985480,+3.06,+22.052, +3.695,+0.961
1688985600,+3.06,+22.069, +3.675,+0.960
1688985720,+3.06,+22.060, +3.665,+0.961
1688985840,+3.06,+22.085, +3.622,+0.960
1688985960,+3.06,+22.060, +3.558,+0.961
1688986080,+3.06,+22.052, +3.543,+0.961
1688986200,+3.06,+22.044, +3.442,+0.961
1688986320,+3.06,+22.035, +3.431,+0.961
1688986440,+3.06,+22.052, +3.438,+0.961
1688986560,+3.06,+22.027, +3.478,+0.961
1688986680,+3.06,+22.018, +3.473,+0.961
1688986800,+3.06,+22.027, +3.476,+0.961
1688986920,+3.06,+22.018, +3.504,+0.961
1688987040,+3.06,+22.018, +3.473,+0.961
1688987160,+3.06,+22.018, +3.460,+0.961
1688987280,+3.06,+22.010, +3.477,+0.961
1688987400,+3.06,+22.027, +3.506,+0.960
1688987520,+3.06,+22.002, +3.508,+0.961
1688987640,+3.06,+22.002, +3.494,+0.961
1688987760,+3.06,+22.002, +3.490,+0.960
1688987880,+3.06,+21.993, +3.488,+0.961
1688988000,+3.06,+21.993, +3.493,+0.960
1688988120,+3.06,+22.002, +3.492,+0.961
1688988240,+3.06,+21.993, +3.506,+0.961
1688988360,+3.06,+22.002, +3.500,+0.960
1688988480,+3.06,+22.002, +3.473,+0.960
1688988600,+3.06,+21.993, +3.441,+0.960
1688988720,+3.06,+21.993, +3.405,+0.961
1688988840,+3.06,+22.018, +3.377,+0.961
1688988960,+3.06,+22.010, +3.367,+0.961
1688989080,+3.06,+22.002, +3.361,+0.961
1688989200,+3.06,+21.985, +3.361,+0.961
1688989320,+3.06,+21.985, +3.371,+0.961
1688989440,+3.06,+21.985, +3.376,+0.961
1688989560,+3.06,+21.985, +3.376,+0.961
1688989680,+3.06,+21.985, +3.385,+0.961
1688989800,+3.06,+21.977, +3.385,+0.961
1688989920,+3.06,+21.952, +3.381,+0.960
1688990040,+3.06,+21.960, +3.362,+0.961
1688990160,+3.06,+21.960, +3.346,+0.961
1688990280,+3.06,+21.968, +3.329,+0.961
1688990400,+3.06,+21.943, +3.328,+0.960
1688990520,+3.06,+21.952, +3.345,+0.960
1688990640,+3.06,+21.943, +3.343,+0.960
1688990760,+3.06,+21.960, +3.333,+0.961
1688990880,+3.06,+21.952, +3.315,+0.961
1688991000,+3.06,+21.918, +3.402,+0.960
1688991120,+3.06,+21.935, +3.443,+0.960
1688991240,+3.06,+21.943, +3.447,+0.960
1688991360,+3.06,+21.935, +3.445,+0.961
1688991480,+3.06,+21.935, +3.439,+0.961
1688991600,+3.06,+21.935, +3.453,+0.960
1688991720,+3.06,+21.943, +3.445,+0.960
1688991840,+3.06,+21.952, +3.427,+0.961
1688991960,+3.06,+21.952, +3.410,+0.961
1688992080,+3.06,+21.935, +3.414,+0.961
1688992200,+3.06,+21.952, +3.411,+0.960
1688992320,+3.06,+21.943, +3.384,+0.960
1688992440,+3.06,+21.935, +3.364,+0.961
1688992560,+3.06,+21.960, +3.343,+0.961
1688992680,+3.06,+21.960, +3.325,+0.961
1688992800,+3.06,+21.935, +3.316,+0.960
1688992920,+3.06,+21.960, +3.299,+0.961
1688993040,+3.06,+21.968, +3.296,+0.961
1688993160,+3.06,+21.968, +3.303,+0.960
1688993280,+3.06,+21.968, +3.307,+0.961
1688993400,+3.06,+21.977, +3.310,+0.961
1688993520,+3.06,+22.010, +3.308,+0.960
1688993640,+3.06,+21.993, +3.309,+0.960
1688993760,+3.06,+22.010, +3.314,+0.961
1688993880,+3.06,+21.993, +3.314,+0.961
1688994000,+3.06,+21.993, +3.308,+0.961
1688994120,+3.06,+22.018, +3.300,+0.960
1688994240,+3.06,+22.010, +3.296,+0.961
1688994360,+3.06,+22.027, +3.280,+0.961
1688994480,+3.06,+22.018, +3.264,+0.961
1688994600,+3.06,+22.027, +3.254,+0.961
1688994720,+3.06,+22.027, +3.243,+0.961
1688994840,+3.06,+22.052, +3.198,+0.961
1688994960,+3.06,+22.052, +3.167,+0.961
1688995080,+3.06,+22.035, +3.130,+0.961
1688995200,+3.06,+22.052, +3.114,+0.961
1688995320,+3.06,+22.060, +3.055,+0.961
1688995440,+3.06,+22.060, +2.967,+0.961
1688995560,+3.06,+22.069, +2.919,+0.961
1688995680,+3.06,+22.060, +2.918,+0.961
1688995800,+3.06,+22.077, +2.916,+0.961
1688995920,+3.06,+22.077, +2.909,+0.961
1688996040,+3.06,+22.085, +2.891,+0.961
1688996160,+3.06,+22.110, +2.869,+0.961
1688996280,+3.06,+22.110, +2.872,+0.961
1688996400,+3.06,+22.110, +2.887,+0.961
1688996520,+3.06,+22.135, +2.911,+0.961
1688996640,+3.06,+22.127, +2.944,+0.961
1688996760,+3.06,+22.144, +2.997,+0.961
1688996880,+3.06,+22.144, +3.010,+0.961
1688997000,+3.06,+22.152, +2.977,+0.961
1688997120,+3.06,+22.144, +2.868,+0.961
1688997240,+3.06,+22.169, +2.733,+0.961
1688997360,+3.06,+22.161, +2.614,+0.961
1688997480,+3.06,+22.177, +2.518,+0.961
1688997600,+3.06,+22.169, +2.455,+0.961
1688997720,+3.06,+22.177, +2.400,+0.960
1688997840,+3.06,+22.202, +2.434,+0.961
1688997960,+3.06,+22.194, +2.464,+0.961
1688998080,+3.06,+22.202, +2.482,+0.961
1688998200,+3.06,+22.211, +2.471,+0.961
1688998320,+3.06,+22.219, +2.489,+0.961
1688998440,+3.06,+22.227, +2.418,+0.961
1688998560,+3.06,+22.219, +2.470,+0.961
1688998680,+3.06,+22.236, +2.490,+0.961
1688998800,+3.06,+22.244, +2.484,+0.961
1688998920,+3.06,+22.253, +2.469,+0.961
1688999040,+3.06,+22.253, +2.467,+0.961
1688999160,+3.06,+22.269, +2.457,+0.961
1688999280,+3.06,+22.269, +2.445,+0.961
1688999400,+3.06,+22.286, +2.446,+0.961
1688999520,+3.06,+22.278, +2.452,+0.961
1688999640,+3.06,+22.278, +2.458,+0.961
1688999760,+3.06,+22.303, +2.438,+0.961
1688999880,+3.07,+22.320, +2.420,+0.961
1689000000,+3.06,+22.303, +2.401,+0.961
1689000120,+3.06,+22.328, +2.406,+0.961
1689000240,+3.06,+22.328, +2.415,+0.961
1689000360,+3.06,+22.328, +2.432,+0.961
1689000480,+3.06,+22.345, +2.449,+0.961
1689000600,+3.06,+22.328, +2.469,+0.961
1689000720,+3.06,+22.345, +2.480,+0.961
1689000840,+3.06,+22.345, +2.488,+0.961
1689000960,+3.06,+22.378, +2.483,+0.961
1689001080,+3.06,+22.370, +2.491,+0.961
1689001200,+3.06,+22.361, +2.520,+0.961
1689001320,+3.06,+22.378, +2.519,+0.961
1689001440,+3.06,+22.403, +2.468,+0.961
1689001560,+3.06,+22.412, +2.382,+0.961
1689001680,+3.06,+22.412, +2.328,+0.961
1689001800,+3.06,+22.420, +2.302,+0.961
1689001920,+3.06,+22.428, +2.308,+0.961
1689002040,+3.06,+22.445, +2.279,+0.961
1689002160,+3.06,+22.445, +2.229,+0.960
1689002280,+3.06,+22.453, +2.205,+0.960
1689002400,+3.06,+22.462, +2.210,+0.961
1689002520,+3.06,+22.478, +2.247,+0.961
1689002640,+3.06,+22.487, +2.295,+0.961
1689002760,+3.06,+22.495, +2.309,+0.961
1689002880,+3.06,+22.504, +2.312,+0.961
1689003000,+3.06,+22.529, +2.299,+0.961
1689003120,+3.06,+22.520, +2.289,+0.961
1689003240,+3.06,+22.512, +2.276,+0.961
1689003360,+3.06,+22.529, +2.275,+0.960
1689003480,+3.06,+22.545, +2.320,+0.961
1689003600,+3.06,+22.570, +2.357,+0.961
1689003720,+3.06,+22.579, +2.402,+0.961
1689003840,+3.06,+22.587, +2.445,+0.961
1689003960,+3.06,+22.579, +2.502,+0.961
1689004080,+3.06,+22.596, +2.567,+0.961
1689004200,+3.06,+22.621, +2.663,+0.961
1689004320,+3.06,+22.629, +2.724,+0.961
1689004440,+3.06,+22.637, +2.761,+0.961
1689004560,+3.06,+22.663, +2.785,+0.961
1689004680,+3.06,+22.688, +2.821,+0.961
1689004800,+3.06,+22.663, +2.882,+0.961
1689004920,+3.06,+22.704, +2.919,+0.961
1689005040,+3.06,+22.713, +2.940,+0.961
1689005160,+3.06,+22.738, +2.948,+0.961
1689005280,+3.06,+22.721, +2.945,+0.961
1689005400,+3.06,+22.746, +2.925,+0.961
1689005520,+3.06,+22.763, +2.910,+0.961
1689005640,+3.06,+22.746, +2.891,+0.961
1689005760,+3.06,+22.771, +2.904,+0.961
1689005880,+3.06,+22.788, +2.976,+0.961
1689006000,+3.06,+22.788, +3.053,+0.961
1689006120,+3.06,+22.805, +3.112,+0.961
1689006240,+3.06,+22.805, +3.145,+0.961
1689006360,+3.06,+22.838, +3.121,+0.961
1689006480,+3.06,+22.888, +3.001,+0.961
1689006600,+3.06,+22.922, +2.927,+0.961
1689006720,+3.06,+22.947, +2.841,+0.961
1689006840,+3.06,+22.989, +2.768,+0.962
1689006960,+3.06,+23.047, +2.736,+0.962
1689007080,+3.06,+23.089, +2.721,+0.961
1689007200,+3.06,+23.114, +2.707,+0.961
1689007320,+3.06,+23.156, +2.703,+0.961
1689007440,+3.06,+23.215, +2.839,+0.962
1689007560,+3.06,+23.265, +2.981,+0.962
1689007680,+3.06,+23.299, +2.999,+0.962
1689007800,+3.06,+23.341, +3.000,+0.961
1689007920,+3.06,+23.366, +3.006,+0.962
1689008040,+3.06,+23.391, +3.039,+0.961
1689008160,+3.06,+23.416, +3.108,+0.962
1689008280,+3.06,+23.416, +3.158,+0.961
1689008400,+3.06,+23.449, +3.208,+0.962
1689008520,+3.06,+23.458, +3.210,+0.962
1689008640,+3.06,+23.466, +3.222,+0.962
1689008760,+3.06,+23.517, +3.239,+0.962
1689008880,+3.06,+23.508, +3.258,+0.962
1689009000,+3.06,+23.525, +3.294,+0.962
1689009120,+3.06,+23.550, +3.295,+0.962
1689009240,+3.06,+23.567, +3.318,+0.961
1689009360,+3.06,+23.584, +3.340,+0.961
1689009480,+3.06,+23.600, +3.308,+0.962
1689009600,+3.06,+23.642, +3.313,+0.962
1689009720,+3.06,+23.659, +3.258,+0.962
1689009840,+3.06,+23.684, +3.225,+0.962
1689009960,+3.06,+23.718, +3.237,+0.961
1689010080,+3.06,+23.726, +3.225,+0.962
1689010200,+3.06,+23.726, +3.172,+0.962
1689010320,+3.06,+23.751, +3.081,+0.962
1689010440,+3.06,+23.768, +3.012,+0.962
1689010560,+3.06,+23.793, +2.932,+0.962
1689010680,+3.06,+23.818, +2.821,+0.962
1689010800,+3.06,+23.827, +2.866,+0.962
1689010920,+3.06,+23.835, +2.968,+0.962
1689011040,+3.06,+23.852, +3.066,+0.961
1689011160,+3.06,+23.860, +3.143,+0.962
1689011280,+3.06,+23.894, +3.137,+0.962
1689011400,+3.06,+23.919, +3.042,+0.962
1689011520,+3.06,+23.911, +2.909,+0.962
1689011640,+3.06,+23.936, +2.871,+0.962
1689011760,+3.06,+23.952, +2.854,+0.962
1689011880,+3.06,+23.952, +2.943,+0.962
1689012000,+3.06,+23.969, +3.054,+0.962
1689012120,+3.06,+23.986, +3.054,+0.962
1689012240,+3.06,+24.003, +3.113,+0.962
1689012360,+3.06,+24.028, +3.152,+0.962
1689012480,+3.06,+24.036, +3.118,+0.962
1689012600,+3.06,+24.053, +3.059,+0.962
1689012720,+3.06,+24.087, +3.059,+0.962
1689012840,+3.06,+24.095, +3.014,+0.962
1689012960,+3.06,+24.112, +2.850,+0.962
1689013080,+3.06,+24.137, +2.787,+0.962
1689013200,+3.06,+24.187, +2.812,+0.962
1689013320,+3.05,+24.204, +2.882,+0.962
1689013440,+3.06,+24.213, +2.852,+0.962
1689013560,+3.06,+24.204, +2.812,+0.962
1689013680,+3.06,+24.229, +2.714,+0.962
1689013800,+3.05,+24.238, +2.660,+0.962
1689013920,+3.06,+24.271, +2.547,+0.962
1689014040,+3.06,+24.288, +2.494,+0.962
1689014160,+3.06,+24.322, +2.493,+0.962
1689014280,+3.06,+24.322, +2.514,+0.962
1689014400,+3.06,+24.313, +2.568,+0.962
1689014520,+3.06,+24.355, +2.598,+0.962
1689014640,+3.06,+24.364, +2.657,+0.962
1689014760,+3.06,+24.364, +2.811,+0.962
1689014880,+3.06,+24.397, +2.839,+0.962
1689015000,+3.06,+24.406, +2.850,+0.962
1689015120,+3.06,+24.422, +2.822,+0.962
1689015240,+3.06,+24.422, +2.813,+0.962
1689015360,+3.06,+24.448, +2.865,+0.962
1689015480,+3.06,+24.464, +2.904,+0.962
1689015600,+3.06,+24.473, +2.913,+0.962
1689015720,+3.06,+24.490, +2.882,+0.962
1689015840,+3.06,+24.506, +2.859,+0.962
1689015960,+3.06,+24.532, +2.972,+0.962
1689016080,+3.06,+24.540, +3.018,+0.962
1689016200,+3.06,+24.532, +3.011,+0.962
1689016320,+3.06,+24.540, +2.998,+0.962
1689016440,+3.06,+24.574, +3.002,+0.962
1689016560,+3.06,+24.574, +3.018,+0.962
1689016680,+3.06,+24.590, +2.985,+0.962
1689016800,+3.06,+24.632, +2.785,+0.962
1689016920,+3.06,+24.624, +2.663,+0.962
1689017040,+3.06,+24.641, +2.632,+0.962
1689017160,+3.06,+24.632, +2.592,+0.962
1689017280,+3.06,+24.658, +2.612,+0.962
1689017400,+3.06,+24.666, +2.655,+0.962
1689017520,+3.06,+24.675, +2.717,+0.962
1689017640,+3.06,+24.675, +2.758,+0.962
1689017760,+3.06,+24.691, +2.806,+0.962
1689017880,+3.06,+24.717, +2.810,+0.962
1689018000,+3.06,+24.750, +2.569,+0.962
1689018120,+3.06,+24.750, +2.554,+0.962
1689018240,+3.06,+24.767, +2.486,+0.962
1689018360,+3.06,+24.759, +2.455,+0.962
1689018480,+3.06,+24.767, +2.553,+0.962
1689018600,+3.06,+24.775, +2.606,+0.962
1689018720,+3.06,+24.792, +2.634,+0.962
1689018840,+3.06,+24.817, +2.537,+0.962
1689018960,+3.06,+24.859, +2.508,+0.962
1689019080,+3.06,+24.851, +2.540,+0.962
1689019200,+3.06,+24.868, +2.596,+0.963
1689019320,+3.06,+24.868, +2.673,+0.963
1689019440,+3.06,+24.868, +2.819,+0.962
1689019560,+3.06,+24.876, +2.964,+0.962
1689019680,+3.06,+24.893, +3.008,+0.962
1689019800,+3.06,+24.893, +2.992,+0.962
1689019920,+3.06,+24.910, +3.028,+0.963
1689020040,+3.06,+24.927, +3.074,+0.962
1689020160,+3.06,+24.935, +2.996,+0.962
1689020280,+3.06,+24.927, +2.950,+0.962
1689020400,+3.06,+24.944, +2.902,+0.962
1689020520,+3.06,+24.935, +2.906,+0.963
1689020640,+3.06,+24.944, +2.934,+0.963
1689020760,+3.06,+24.952, +2.973,+0.963
1689020880,+3.06,+24.952, +3.019,+0.962
1689021000,+3.06,+24.969, +3.058,+0.962
1689021120,+3.06,+24.994, +3.133,+0.963
1689021240,+3.06,+24.986, +3.160,+0.963
1689021360,+3.06,+24.994, +3.151,+0.962
1689021480,+3.06,+24.994, +3.127,+0.963
1689021600,+3.06,+25.011, +3.154,+0.963
1689021720,+3.06,+25.028, +3.197,+0.963
1689021840,+3.06,+25.028, +3.268,+0.962
1689021960,+3.06,+25.028, +3.355,+0.962
1689022080,+3.06,+25.045, +3.408,+0.962
1689022200,+3.05,+25.036, +3.471,+0.962
1689022320,+3.06,+25.036, +3.483,+0.962
