7450-401396
OS REV: 1.05 Sensor Cal: 1618512290
Time (sec),  BV (Volts),  T (deg C),  DO (mg/l),  Q ()
1694386680,+3.01,+24.246, +8.226,+0.951
1694386800,+3.01,+24.171, +8.247,+0.952
1694386920,+3.01,+24.103, +8.259,+0.952
1694387040,+3.01,+24.028, +8.268,+0.952
1694387160,+3.01,+23.952, +8.267,+0.951
1694387280,+3.01,+23.894, +8.279,+0.952
1694387400,+3.01,+23.827, +8.284,+0.951
1694387520,+3.02,+23.785, +8.301,+0.951
1694387640,+3.02,+23.718, +8.304,+0.951
1694387760,+3.02,+23.634, +8.324,+0.952
1694387880,+3.02,+23.542, +8.311,+0.951
1694388000,+3.02,+23.416, +8.331,+0.951
1694388120,+3.02,+23.274, +8.349,+0.951
1694388240,+3.01,+23.123, +8.368,+0.952
1694388360,+3.01,+22.981, +8.378,+0.951
1694388480,+3.02,+22.847, +8.400,+0.951
1694388600,+3.02,+22.755, +8.413,+0.951
1694388720,+3.02,+22.704, +8.430,+0.951
1694388840,+3.02,+22.637, +8.436,+0.951
1694388960,+3.02,+22.587, +8.445,+0.950
1694389080,+3.02,+22.570, +8.444,+0.951
1694389200,+3.02,+22.520, +8.461,+0.951
1694389320,+3.02,+22.512, +8.460,+0.951
1694389440,+3.02,+22.495, +8.470,+0.951
1694389560,+3.02,+22.504, +8.460,+0.951
1694389680,+3.02,+22.487, +8.467,+0.951
1694389800,+3.02,+22.462, +8.472,+0.951
1694389920,+3.02,+22.453, +8.466,+0.951
1694390040,+3.02,+22.445, +8.468,+0.951
1694390160,+3.02,+22.428, +8.465,+0.951
1694390280,+3.02,+22.395, +8.484,+0.951
1694390400,+3.02,+22.378, +8.488,+0.951
1694390520,+3.02,+22.370, +8.481,+0.951
1694390640,+3.02,+22.378, +8.489,+0.952
1694390760,+3.02,+22.353, +8.482,+0.951
1694390880,+3.02,+22.336, +8.487,+0.951
1694391000,+3.02,+22.311, +8.495,+0.951
1694391120,+3.02,+22.311, +8.488,+0.951
1694391240,+3.02,+22.311, +8.486,+0.951
1694391360,+3.02,+22.294, +8.499,+0.951
1694391480,+3.02,+22.286, +8.497,+0.951
1694391600,+3.02,+22.261, +8.502,+0.951
1694391720,+3.02,+22.261, +8.504,+0.951
1694391840,+3.02,+22.236, +8.504,+0.951
1694391960,+3.02,+22.219, +8.512,+0.951
1694392080,+3.02,+22.211, +8.519,+0.952
1694392200,+3.02,+22.177, +8.517,+0.951
1694392320,+3.02,+22.169, +8.515,+0.951
1694392440,+3.02,+22.152, +8.516,+0.951
1694392560,+3.02,+22.127, +8.526,+0.951
1694392680,+3.01,+22.110, +8.528,+0.951
1694392800,+3.01,+22.110, +8.527,+0.951
1694392920,+3.02,+22.085, +8.529,+0.951
1694393040,+3.02,+22.077, +8.535,+0.951
1694393160,+3.01,+22.060, +8.532,+0.951
1694393280,+3.02,+22.044, +8.545,+0.951
1694393400,+3.01,+22.044, +8.535,+0.951
1694393520,+3.02,+22.018, +8.534,+0.950
1694393640,+3.01,+22.010, +8.538,+0.951
1694393760,+3.01,+21.993, +8.544,+0.951
1694393880,+3.02,+21.977, +8.550,+0.951
1694394000,+3.02,+21.993, +8.542,+0.951
1694394120,+3.02,+21.985, +8.558,+0.952
1694394240,+3.02,+21.977, +8.553,+0.951
1694394360,+3.02,+21.977, +8.547,+0.951
1694394480,+3.02,+21.977, +8.550,+0.951
1694394600,+3.02,+21.960, +8.552,+0.951
1694394720,+3.02,+21.943, +8.557,+0.951
1694394840,+3.02,+21.926, +8.562,+0.951
1694394960,+3.02,+21.918, +8.553,+0.951
1694395080,+3.02,+21.935, +8.551,+0.951
1694395200,+3.02,+21.901, +8.555,+0.951
1694395320,+3.02,+21.901, +8.564,+0.952
1694395440,+3.02,+21.901, +8.555,+0.951
1694395560,+3.02,+21.893, +8.556,+0.951
1694395680,+3.02,+21.860, +8.569,+0.951
1694395800,+3.02,+21.893, +8.553,+0.951
1694395920,+3.02,+21.901, +8.551,+0.951
1694396040,+3.02,+21.876, +8.568,+0.951
1694396160,+3.02,+21.893, +8.556,+0.951
1694396280,+3.02,+21.885, +8.560,+0.951
1694396400,+3.02,+21.910, +8.553,+0.951
1694396520,+3.02,+21.901, +8.557,+0.951
1694396640,+3.02,+21.918, +8.553,+0.951
1694396760,+3.02,+21.935, +8.556,+0.951
1694396880,+3.02,+21.943, +8.546,+0.951
1694397000,+3.02,+21.943, +8.547,+0.951
1694397120,+3.02,+21.952, +8.548,+0.951
1694397240,+3.02,+21.960, +8.541,+0.950
1694397360,+3.02,+21.968, +8.540,+0.951
1694397480,+3.02,+21.977, +8.542,+0.951
1694397600,+3.02,+21.993, +8.546,+0.951
1694397720,+3.02,+21.993, +8.544,+0.951
1694397840,+3.01,+22.002, +8.542,+0.951
1694397960,+3.02,+22.035, +8.543,+0.952
1694398080,+3.01,+22.010, +8.552,+0.952
1694398200,+3.01,+22.060, +8.533,+0.951
1694398320,+3.01,+22.069, +8.531,+0.951
1694398440,+3.01,+22.069, +8.525,+0.951
1694398560,+3.02,+22.085, +8.540,+0.952
1694398680,+3.01,+22.085, +8.524,+0.951
1694398800,+3.01,+22.102, +8.523,+0.951
1694398920,+3.01,+22.077, +8.530,+0.951
1694399040,+3.01,+22.094, +8.528,+0.951
1694399160,+3.01,+22.102, +8.529,+0.951
1694399280,+3.01,+22.102, +8.526,+0.951
1694399400,+3.01,+22.094, +8.530,+0.951
1694399520,+3.02,+22.127, +8.511,+0.950
1694399640,+3.02,+22.110, +8.523,+0.951
1694399760,+3.01,+22.135, +8.524,+0.951
1694399880,+3.01,+22.127, +8.507,+0.950
1694400000,+3.02,+22.135, +8.517,+0.951
1694400120,+3.02,+22.135, +8.516,+0.951
1694400240,+3.02,+22.144, +8.517,+0.951
1694400360,+3.02,+22.135, +8.518,+0.951
1694400480,+3.02,+22.135, +8.513,+0.951
1694400600,+3.02,+22.135, +8.512,+0.951
1694400720,+3.02,+22.127, +8.515,+0.950
1694400840,+3.02,+22.152, +8.506,+0.951
1694400960,+3.02,+22.144, +8.517,+0.951
1694401080,+3.02,+22.152, +8.512,+0.951
1694401200,+3.02,+22.127, +8.521,+0.951
1694401320,+3.02,+22.135, +8.518,+0.951
1694401440,+3.02,+22.127, +8.518,+0.951
1694401560,+3.02,+22.127, +8.516,+0.951
1694401680,+3.01,+22.110, +8.512,+0.950
1694401800,+3.02,+22.085, +8.531,+0.951
1694401920,+3.02,+22.085, +8.521,+0.951
1694402040,+3.02,+22.018, +8.537,+0.951
1694402160,+3.02,+21.993, +8.542,+0.951
1694402280,+3.02,+21.985, +8.542,+0.951
1694402400,+3.02,+21.943, +8.556,+0.951
1694402520,+3.02,+21.918, +8.549,+0.951
1694402640,+3.02,+21.868, +8.559,+0.951
1694402760,+3.02,+21.876, +8.559,+0.951
1694402880,+3.02,+21.843, +8.569,+0.951
1694403000,+3.02,+21.843, +8.563,+0.951
1694403120,+3.02,+21.818, +8.570,+0.951
1694403240,+3.02,+21.809, +8.566,+0.951
1694403360,+3.02,+21.776, +8.568,+0.951
1694403480,+3.02,+21.759, +8.571,+0.951
1694403600,+3.02,+21.751, +8.567,+0.950
1694403720,+3.02,+21.717, +8.585,+0.951
1694403840,+3.02,+21.726, +8.573,+0.950
1694403960,+3.02,+21.701, +8.590,+0.951
1694404080,+3.02,+21.701, +8.583,+0.951
1694404200,+3.02,+21.684, +8.581,+0.950
1694404320,+3.02,+21.684, +8.596,+0.951
1694404440,+3.02,+21.684, +8.583,+0.951
1694404560,+3.02,+21.676, +8.584,+0.951
1694404680,+3.02,+21.667, +8.594,+0.951
1694404800,+3.02,+21.650, +8.597,+0.951
1694404920,+3.02,+21.650, +8.599,+0.951
1694405040,+3.02,+21.634, +8.597,+0.951
1694405160,+3.02,+21.634, +8.596,+0.951
1694405280,+3.02,+21.642, +8.596,+0.951
1694405400,+3.02,+21.650, +8.586,+0.951
1694405520,+3.02,+21.642, +8.586,+0.950
1694405640,+3.02,+21.634, +8.592,+0.951
1694405760,+3.02,+21.634, +8.600,+0.951
1694405880,+3.02,+21.642, +8.589,+0.951
1694406000,+3.02,+21.617, +8.594,+0.951
1694406120,+3.02,+21.609, +8.595,+0.951
1694406240,+3.02,+21.609, +8.596,+0.951
1694406360,+3.02,+21.575, +8.607,+0.951
1694406480,+3.02,+21.600, +8.596,+0.951
1694406600,+3.02,+21.584, +8.592,+0.951
1694406720,+3.02,+21.567, +8.609,+0.951
1694406840,+3.02,+21.567, +8.597,+0.950
1694406960,+3.02,+21.567, +8.600,+0.951
1694407080,+3.02,+21.542, +8.605,+0.951
1694407200,+3.02,+21.542, +8.596,+0.950
1694407320,+3.02,+21.533, +8.604,+0.951
1694407440,+3.02,+21.517, +8.593,+0.950
1694407560,+3.02,+21.508, +8.597,+0.950
1694407680,+3.02,+21.483, +8.614,+0.951
1694407800,+3.02,+21.467, +8.617,+0.951
1694407920,+3.02,+21.467, +8.611,+0.951
1694408040,+3.02,+21.450, +8.621,+0.951
1694408160,+3.02,+21.433, +8.627,+0.951
1694408280,+3.02,+21.408, +8.632,+0.951
1694408400,+3.02,+21.416, +8.630,+0.951
1694408520,+3.02,+21.441, +8.624,+0.951
1694408640,+3.02,+21.441, +8.632,+0.951
1694408760,+3.02,+21.441, +8.631,+0.951
1694408880,+3.02,+21.441, +8.624,+0.951
1694409000,+3.02,+21.450, +8.619,+0.951
1694409120,+3.02,+21.441, +8.634,+0.951
1694409240,+3.02,+21.433, +8.633,+0.951
1694409360,+3.02,+21.450, +8.630,+0.951
1694409480,+3.02,+21.416, +8.633,+0.951
1694409600,+3.02,+21.416, +8.626,+0.950
1694409720,+3.02,+21.400, +8.638,+0.951
1694409840,+3.02,+21.391, +8.623,+0.951
1694409960,+3.02,+21.383, +8.627,+0.951
1694410080,+3.02,+21.366, +8.628,+0.950
1694410200,+3.02,+21.375, +8.629,+0.951
1694410320,+3.02,+21.349, +8.641,+0.951
1694410440,+3.02,+21.333, +8.646,+0.951
1694410560,+3.02,+21.341, +8.643,+0.951
1694410680,+3.02,+21.324, +8.641,+0.951
1694410800,+3.02,+21.333, +8.638,+0.951
1694410920,+3.02,+21.341, +8.639,+0.951
1694411040,+3.02,+21.349, +8.633,+0.950
1694411160,+3.02,+21.349, +8.628,+0.950
1694411280,+3.02,+21.366, +8.635,+0.951
1694411400,+3.02,+21.383, +8.631,+0.951
1694411520,+3.02,+21.375, +8.630,+0.951
1694411640,+3.02,+21.383, +8.644,+0.952
1694411760,+3.02,+21.391, +8.632,+0.951
1694411880,+3.02,+21.400, +8.630,+0.951
1694412000,+3.02,+21.416, +8.625,+0.951
1694412120,+3.02,+21.425, +8.619,+0.951
1694412240,+3.02,+21.408, +8.617,+0.950
1694412360,+3.02,+21.400, +8.630,+0.951
1694412480,+3.02,+21.416, +8.629,+0.951
1694412600,+3.02,+21.416, +8.625,+0.951
1694412720,+3.02,+21.408, +8.630,+0.951
1694412840,+3.02,+21.383, +8.630,+0.951
1694412960,+3.02,+21.408, +8.622,+0.951
1694413080,+3.02,+21.383, +8.632,+0.951
1694413200,+3.02,+21.391, +8.625,+0.951
1694413320,+3.02,+21.400, +8.622,+0.951
1694413440,+3.02,+21.358, +8.636,+0.951
1694413560,+3.02,+21.349, +8.641,+0.951
1694413680,+3.02,+21.366, +8.636,+0.951
1694413800,+3.02,+21.375, +8.622,+0.951
1694413920,+3.02,+21.349, +8.633,+0.951
1694414040,+3.02,+21.358, +8.631,+0.951
1694414160,+3.02,+21.366, +8.640,+0.951
1694414280,+3.02,+21.375, +8.631,+0.951
1694414400,+3.02,+21.366, +8.626,+0.950
1694414520,+3.02,+21.391, +8.622,+0.951
1694414640,+3.02,+21.375, +8.628,+0.951
1694414760,+3.02,+21.375, +8.632,+0.951
1694414880,+3.02,+21.391, +8.632,+0.951
1694415000,+3.02,+21.383, +8.624,+0.951
1694415120,+3.02,+21.391, +8.627,+0.951
1694415240,+3.02,+21.408, +8.631,+0.951
1694415360,+3.02,+21.416, +8.619,+0.951
1694415480,+3.02,+21.425, +8.614,+0.951
1694415600,+3.02,+21.441, +8.619,+0.951
1694415720,+3.02,+21.433, +8.617,+0.951
1694415840,+3.02,+21.450, +8.622,+0.951
1694415960,+3.02,+21.450, +8.613,+0.951
1694416080,+3.02,+21.450, +8.616,+0.951
1694416200,+3.02,+21.450, +8.615,+0.951
1694416320,+3.02,+21.458, +8.617,+0.951
1694416440,+3.02,+21.458, +8.615,+0.951
1694416560,+3.02,+21.441, +8.613,+0.951
1694416680,+3.02,+21.441, +8.607,+0.950
1694416800,+3.02,+21.408, +8.627,+0.951
1694416920,+3.02,+21.416, +8.616,+0.951
1694417040,+3.02,+21.400, +8.623,+0.951
1694417160,+3.02,+21.416, +8.626,+0.951
1694417280,+3.02,+21.408, +8.615,+0.950
1694417400,+3.02,+21.408, +8.611,+0.950
1694417520,+3.02,+21.408, +8.619,+0.951
1694417640,+3.02,+21.408, +8.612,+0.950
1694417760,+3.02,+21.416, +8.620,+0.951
1694417880,+3.02,+21.391, +8.619,+0.950
1694418000,+3.02,+21.416, +8.614,+0.950
1694418120,+3.02,+21.416, +8.611,+0.950
1694418240,+3.02,+21.425, +8.607,+0.950
1694418360,+3.02,+21.441, +8.608,+0.951
1694418480,+3.02,+21.450, +8.615,+0.951
1694418600,+3.02,+21.483, +8.602,+0.951
1694418720,+3.02,+21.483, +8.607,+0.951
1694418840,+3.02,+21.500, +8.603,+0.951
1694418960,+3.02,+21.492, +8.613,+0.951
1694419080,+3.02,+21.508, +8.598,+0.950
1694419200,+3.02,+21.525, +8.602,+0.951
1694419320,+3.02,+21.525, +8.600,+0.950
1694419440,+3.02,+21.533, +8.600,+0.951
1694419560,+3.02,+21.525, +8.598,+0.951
1694419680,+3.02,+21.517, +8.598,+0.951
1694419800,+3.02,+21.517, +8.601,+0.951
1694419920,+3.02,+21.508, +8.600,+0.951
1694420040,+3.02,+21.500, +8.606,+0.951
1694420160,+3.02,+21.500, +8.603,+0.951
1694420280,+3.02,+21.508, +8.604,+0.951
1694420400,+3.02,+21.500, +8.604,+0.951
1694420520,+3.02,+21.508, +8.607,+0.951
1694420640,+3.02,+21.508, +8.610,+0.951
1694420760,+3.02,+21.517, +8.604,+0.951
1694420880,+3.02,+21.508, +8.601,+0.951
1694421000,+3.02,+21.517, +8.603,+0.951
1694421120,+3.02,+21.533, +8.588,+0.950
1694421240,+3.02,+21.525, +8.594,+0.951
1694421360,+3.02,+21.525, +8.607,+0.951
1694421480,+3.02,+21.500, +8.601,+0.951
1694421600,+3.02,+21.483, +8.603,+0.951
1694421720,+3.02,+21.425, +8.615,+0.950
1694421840,+3.02,+21.408, +8.614,+0.950
1694421960,+3.02,+21.375, +8.629,+0.951
1694422080,+3.02,+21.358, +8.625,+0.951
1694422200,+3.02,+21.316, +8.630,+0.950
1694422320,+3.02,+21.316, +8.629,+0.950
1694422440,+3.02,+21.283, +8.629,+0.950
1694422560,+3.02,+21.249, +8.640,+0.950
1694422680,+3.02,+21.232, +8.647,+0.951
1694422800,+3.02,+21.191, +8.653,+0.950
1694422920,+3.02,+21.157, +8.657,+0.951
1694423040,+3.02,+21.115, +8.669,+0.950
1694423160,+3.02,+21.090, +8.672,+0.951
1694423280,+3.02,+21.057, +8.679,+0.951
1694423400,+3.02,+21.007, +8.674,+0.950
1694423520,+3.02,+20.965, +8.692,+0.951
1694423640,+3.02,+20.923, +8.688,+0.950
1694423760,+3.02,+20.889, +8.706,+0.951
1694423880,+3.02,+20.873, +8.704,+0.951
1694424000,+3.02,+20.823, +8.718,+0.951
1694424120,+3.02,+20.806, +8.717,+0.951
1694424240,+3.02,+20.764, +8.724,+0.951
1694424360,+3.02,+20.756, +8.723,+0.951
1694424480,+3.02,+20.697, +8.736,+0.951
1694424600,+3.02,+20.697, +8.738,+0.951
1694424720,+3.02,+20.655, +8.748,+0.951
1694424840,+3.02,+20.655, +8.738,+0.951
1694424960,+3.02,+20.638, +8.734,+0.950
1694425080,+3.02,+20.613, +8.751,+0.951
1694425200,+3.02,+20.580, +8.754,+0.950
1694425320,+3.02,+20.580, +8.742,+0.950
1694425440,+3.02,+20.538, +8.760,+0.950
1694425560,+3.02,+20.521, +8.762,+0.951
1694425680,+3.02,+20.513, +8.760,+0.950
1694425800,+3.02,+20.496, +8.763,+0.950
1694425920,+3.02,+20.496, +8.767,+0.951
1694426040,+3.02,+20.463, +8.772,+0.950
1694426160,+3.02,+20.454, +8.773,+0.951
1694426280,+3.02,+20.454, +8.771,+0.951
1694426400,+3.02,+20.421, +8.784,+0.951
1694426520,+3.02,+20.429, +8.775,+0.950
1694426640,+3.02,+20.404, +8.782,+0.951
1694426760,+3.02,+20.379, +8.788,+0.951
1694426880,+3.02,+20.387, +8.779,+0.950
1694427000,+3.02,+20.354, +8.780,+0.950
1694427120,+3.02,+20.329, +8.793,+0.951
1694427240,+3.02,+20.337, +8.783,+0.950
1694427360,+3.02,+20.320, +8.792,+0.950
1694427480,+3.02,+20.312, +8.791,+0.951
1694427600,+3.02,+20.279, +8.795,+0.950
1694427720,+3.02,+20.279, +8.793,+0.950
1694427840,+3.02,+20.270, +8.802,+0.951
1694427960,+3.02,+20.253, +8.800,+0.950
1694428080,+3.02,+20.220, +8.809,+0.950
1694428200,+3.02,+20.220, +8.809,+0.951
1694428320,+3.02,+20.187, +8.821,+0.951
1694428440,+3.02,+20.170, +8.819,+0.951
1694428560,+3.02,+20.145, +8.818,+0.950
1694428680,+3.02,+20.128, +8.819,+0.950
1694428800,+3.02,+20.094, +8.840,+0.951
1694428920,+3.02,+20.086, +8.833,+0.950
1694429040,+3.02,+20.053, +8.840,+0.950
1694429160,+3.02,+20.019, +8.844,+0.950
1694429280,+3.02,+20.019, +8.834,+0.950
1694429400,+3.02,+19.986, +8.854,+0.950
1694429520,+3.02,+19.977, +8.851,+0.950
1694429640,+3.02,+19.986, +8.842,+0.950
1694429760,+3.02,+19.986, +8.851,+0.951
1694429880,+3.02,+19.986, +8.855,+0.951
1694430000,+3.02,+19.969, +8.850,+0.950
1694430120,+3.02,+19.986, +8.858,+0.951
1694430240,+3.02,+19.952, +8.863,+0.951
1694430360,+3.02,+19.969, +8.854,+0.951
1694430480,+3.02,+19.969, +8.860,+0.951
1694430600,+3.02,+19.960, +8.858,+0.950
1694430720,+3.02,+19.986, +8.838,+0.950
1694430840,+3.02,+19.977, +8.852,+0.951
1694430960,+3.02,+19.969, +8.863,+0.951
1694431080,+3.02,+19.969, +8.859,+0.951
1694431200,+3.02,+19.986, +8.848,+0.950
1694431320,+3.02,+19.994, +8.844,+0.950
1694431440,+3.02,+20.011, +8.841,+0.950
1694431560,+3.02,+20.011, +8.844,+0.950
1694431680,+3.02,+20.044, +8.841,+0.950
1694431800,+3.02,+20.061, +8.842,+0.950
1694431920,+3.02,+20.078, +8.842,+0.951
1694432040,+3.02,+20.111, +8.830,+0.950
1694432160,+3.02,+20.128, +8.840,+0.951
1694432280,+3.02,+20.178, +8.830,+0.951
1694432400,+3.02,+20.203, +8.819,+0.950
1694432520,+3.02,+20.245, +8.826,+0.951
1694432640,+3.02,+20.304, +8.793,+0.950
1694432760,+3.02,+20.320, +8.802,+0.951
1694432880,+3.02,+20.346, +8.798,+0.951
1694433000,+3.02,+20.379, +8.795,+0.951
1694433120,+3.02,+20.421, +8.788,+0.951
1694433240,+3.02,+20.438, +8.788,+0.951
1694433360,+3.02,+20.463, +8.779,+0.951
1694433480,+3.02,+20.479, +8.774,+0.951
1694433600,+3.02,+20.505, +8.768,+0.950
1694433720,+3.02,+20.555, +8.752,+0.950
1694433840,+3.02,+20.580, +8.753,+0.950
1694433960,+3.02,+20.630, +8.752,+0.951
1694434080,+3.02,+20.680, +8.738,+0.951
1694434200,+3.02,+20.730, +8.733,+0.951
1694434320,+3.02,+20.764, +8.731,+0.951
1694434440,+3.02,+20.831, +8.730,+0.952
1694434560,+3.02,+20.898, +8.709,+0.951
1694434680,+3.02,+20.973, +8.690,+0.950
1694434800,+3.02,+21.073, +8.672,+0.950
1694434920,+3.02,+21.157, +8.665,+0.951
1694435040,+3.02,+21.207, +8.654,+0.951
1694435160,+3.02,+21.232, +8.660,+0.951
1694435280,+3.02,+21.249, +8.650,+0.951
1694435400,+3.02,+21.283, +8.651,+0.951
1694435520,+3.02,+21.375, +8.648,+0.952
1694435640,+3.02,+21.508, +8.621,+0.951
1694435760,+3.02,+21.667, +8.606,+0.952
1694435880,+3.02,+21.826, +8.568,+0.951
1694436000,+3.02,+21.952, +8.548,+0.951
1694436120,+3.01,+22.102, +8.537,+0.952
1694436240,+3.02,+22.244, +8.507,+0.952
1694436360,+3.02,+22.361, +8.476,+0.951
1694436480,+3.02,+22.428, +8.476,+0.951
1694436600,+3.02,+22.495, +8.476,+0.952
1694436720,+3.02,+22.629, +8.452,+0.951
1694436840,+3.02,+22.746, +8.444,+0.952
1694436960,+3.01,+22.880, +8.412,+0.952
1694437080,+3.01,+22.989, +8.400,+0.952
1694437200,+3.01,+23.006, +8.394,+0.952
1694437320,+3.01,+23.064, +8.370,+0.951
1694437440,+3.01,+23.031, +8.380,+0.952
1694437560,+3.01,+22.989, +8.381,+0.951
1694437680,+3.01,+22.930, +8.392,+0.951
1694437800,+3.01,+22.855, +8.411,+0.952
1694437920,+3.02,+22.746, +8.417,+0.951
1694438040,+3.02,+22.428, +8.437,+0.950
1694438160,+3.01,+22.077, +8.505,+0.950
1694438280,+3.02,+21.667, +8.561,+0.950
1694438400,+3.02,+21.408, +8.594,+0.950
1694438520,+3.02,+21.274, +8.630,+0.950
1694438640,+3.02,+21.174, +8.655,+0.950
1694438760,+3.02,+21.165, +8.655,+0.950
1694438880,+3.02,+21.157, +8.667,+0.950
1694439000,+3.02,+21.174, +8.661,+0.950
1694439120,+3.02,+21.191, +8.668,+0.951
1694439240,+3.02,+21.224, +8.673,+0.951
1694439360,+3.02,+21.249, +8.659,+0.950
1694439480,+3.02,+21.316, +8.652,+0.951
1694439600,+3.02,+21.333, +8.652,+0.951
1694439720,+3.02,+21.375, +8.647,+0.951
1694439840,+3.02,+21.450, +8.628,+0.951
1694439960,+3.02,+21.542, +8.609,+0.951
1694440080,+3.02,+21.667, +8.588,+0.951
1694440200,+3.02,+21.742, +8.583,+0.951
1694440320,+3.02,+21.868, +8.578,+0.951
1694440440,+3.02,+22.202, +8.569,+0.952
1694440560,+3.01,+22.888, +8.464,+0.953
1694440680,+3.01,+23.131, +8.373,+0.952
1694440800,+3.01,+23.190, +8.362,+0.952
1694440920,+3.01,+23.248, +8.355,+0.952
1694441040,+3.02,+23.274, +8.355,+0.952
1694441160,+3.02,+23.341, +8.355,+0.952
1694441280,+3.02,+23.449, +8.355,+0.952
1694441400,+3.02,+23.625, +8.346,+0.952
1694441520,+3.01,+23.818, +8.282,+0.952
1694441640,+3.01,+24.087, +8.281,+0.952
1694441760,+3.02,+24.389, +8.214,+0.952
1694441880,+3.02,+24.439, +8.175,+0.952
1694442000,+3.02,+24.456, +8.199,+0.952
1694442120,+3.02,+24.406, +8.220,+0.952
1694442240,+3.02,+24.473, +8.200,+0.953
1694442360,+3.02,+24.439, +8.185,+0.952
1694442480,+3.02,+24.456, +8.188,+0.952
1694442600,+3.02,+24.414, +8.197,+0.952
1694442720,+3.02,+24.347, +8.211,+0.952
1694442840,+3.01,+24.313, +8.210,+0.952
1694442960,+3.01,+24.313, +8.224,+0.952
1694443080,+3.01,+24.229, +8.240,+0.952
1694443200,+3.01,+24.322, +8.220,+0.952
1694443320,+3.02,+24.397, +8.213,+0.952
1694443440,+3.02,+24.439, +8.209,+0.953
1694443560,+3.02,+24.506, +8.212,+0.953
1694443680,+3.02,+24.557, +8.199,+0.953
1694443800,+3.02,+24.532, +8.209,+0.952
1694443920,+3.02,+24.523, +8.196,+0.952
1694444040,+3.02,+24.506, +8.200,+0.952
1694444160,+3.02,+24.439, +8.212,+0.952
1694444280,+3.02,+24.481, +8.217,+0.952
1694444400,+3.02,+24.557, +8.188,+0.952
1694444520,+3.02,+24.599, +8.173,+0.952
1694444640,+3.02,+24.574, +8.190,+0.953
1694444760,+3.02,+24.532, +8.207,+0.952
1694444880,+3.02,+24.565, +8.232,+0.952
1694445000,+3.01,+24.708, +8.177,+0.952
1694445120,+3.01,+24.708, +8.181,+0.953
1694445240,+3.01,+24.750, +8.154,+0.952
1694445360,+3.01,+24.834, +8.214,+0.953
1694445480,+3.01,+25.205, +8.130,+0.953
1694445600,+3.01,+25.272, +8.087,+0.953
1694445720,+3.01,+25.247, +8.105,+0.952
1694445840,+3.01,+25.255, +8.097,+0.953
1694445960,+3.01,+25.247, +8.118,+0.952
1694446080,+3.01,+25.542, +8.088,+0.954
1694446200,+3.01,+25.483, +8.072,+0.953
1694446320,+3.01,+25.617, +8.060,+0.953
1694446440,+3.01,+25.795, +8.091,+0.954
1694446560,+3.01,+25.887, +8.018,+0.953
1694446680,+3.01,+25.837, +8.020,+0.953
1694446800,+3.01,+25.862, +8.039,+0.953
1694446920,+3.01,+25.913, +8.022,+0.954
1694447040,+3.01,+25.972, +8.019,+0.954
1694447160,+3.01,+26.056, +8.026,+0.954
1694447280,+3.01,+26.361, +8.027,+0.954
1694447400,+3.01,+26.581, +7.954,+0.955
1694447520,+3.01,+26.606, +7.958,+0.954
1694447640,+3.01,+26.666, +7.931,+0.954
1694447760,+3.01,+26.674, +7.918,+0.954
1694447880,+3.01,+26.759, +7.928,+0.955
1694448000,+3.01,+26.861, +7.923,+0.955
1694448120,+3.01,+27.438, +7.965,+0.957
1694448240,+3.01,+27.821, +7.815,+0.956
1694448360,+3.01,+27.668, +7.812,+0.956
1694448480,+3.01,+27.583, +7.817,+0.955
1694448600,+3.01,+27.506, +7.854,+0.955
1694448720,+3.01,+27.821, +7.872,+0.957
1694448840,+3.01,+27.864, +7.813,+0.956
1694448960,+3.01,+27.677, +7.812,+0.955
1694449080,+3.01,+27.506, +7.817,+0.955
1694449200,+3.01,+27.379, +7.856,+0.955
1694449320,+3.01,+27.226, +7.839,+0.955
1694449440,+3.01,+27.081, +7.860,+0.954
1694449560,+3.01,+26.903, +7.921,+0.954
1694449680,+3.01,+26.759, +7.920,+0.954
1694449800,+3.01,+26.733, +7.915,+0.954
1694449920,+3.01,+26.623, +7.919,+0.954
1694450040,+3.01,+26.733, +7.925,+0.954
1694450160,+3.01,+26.750, +7.919,+0.954
1694450280,+3.01,+26.717, +7.908,+0.954
1694450400,+3.01,+26.674, +7.913,+0.954
1694450520,+3.01,+26.666, +7.930,+0.954
1694450640,+3.01,+26.564, +7.948,+0.954
1694450760,+3.01,+26.581, +7.983,+0.954
1694450880,+3.01,+26.615, +7.930,+0.954
1694451000,+3.01,+26.708, +7.952,+0.954
1694451120,+3.01,+26.801, +7.906,+0.954
1694451240,+3.01,+26.818, +7.914,+0.954
1694451360,+3.01,+26.979, +7.891,+0.955
1694451480,+3.01,+27.158, +7.874,+0.955
1694451600,+3.01,+27.345, +7.850,+0.954
1694451720,+3.01,+27.396, +7.836,+0.954
1694451840,+3.01,+27.404, +7.833,+0.955
1694451960,+3.01,+27.421, +7.835,+0.955
1694452080,+3.00,+27.464, +7.828,+0.954
1694452200,+3.01,+27.532, +7.817,+0.954
1694452320,+3.01,+27.651, +7.802,+0.955
1694452440,+3.01,+27.702, +7.786,+0.955
1694452560,+3.01,+27.677, +7.850,+0.954
1694452680,+3.01,+27.677, +7.792,+0.954
1694452800,+3.01,+27.617, +7.817,+0.955
1694452920,+3.01,+27.694, +7.793,+0.954
1694453040,+3.01,+27.736, +7.785,+0.954
1694453160,+3.01,+27.753, +7.779,+0.955
1694453280,+3.01,+27.753, +7.785,+0.954
1694453400,+3.01,+27.728, +7.792,+0.954
1694453520,+3.01,+27.677, +7.802,+0.954
1694453640,+3.01,+27.677, +7.811,+0.955
1694453760,+3.01,+27.660, +7.810,+0.954
1694453880,+3.01,+27.600, +7.816,+0.954
1694454000,+3.01,+27.549, +7.819,+0.954
1694454120,+3.01,+27.549, +7.804,+0.954
1694454240,+3.01,+27.549, +7.801,+0.954
1694454360,+3.01,+27.591, +7.808,+0.955
1694454480,+3.01,+27.583, +7.843,+0.954
1694454600,+3.01,+27.626, +7.792,+0.954
1694454720,+3.01,+27.702, +7.798,+0.954
1694454840,+3.01,+27.821, +7.771,+0.954
1694454960,+3.01,+27.881, +7.802,+0.955
1694455080,+3.01,+27.984, +7.811,+0.954
1694455200,+3.01,+28.248, +7.756,+0.955
1694455320,+3.00,+28.394, +7.742,+0.955
1694455440,+3.00,+28.513, +7.711,+0.955
1694455560,+3.01,+28.650, +7.690,+0.956
1694455680,+3.01,+28.685, +7.717,+0.956
1694455800,+3.01,+28.702, +7.674,+0.955
1694455920,+3.01,+28.659, +7.741,+0.955
1694456040,+3.00,+28.539, +7.724,+0.955
1694456160,+3.00,+28.479, +7.698,+0.954
1694456280,+3.00,+28.411, +7.718,+0.954
1694456400,+3.01,+28.265, +7.742,+0.955
1694456520,+3.01,+28.069, +7.754,+0.954
1694456640,+3.01,+28.052, +7.752,+0.954
1694456760,+3.01,+27.958, +7.771,+0.953
1694456880,+3.01,+28.001, +7.755,+0.955
1694457000,+3.01,+28.060, +7.753,+0.954
1694457120,+3.01,+28.154, +7.761,+0.955
1694457240,+3.01,+28.180, +7.755,+0.955
1694457360,+3.01,+28.274, +7.736,+0.954
1694457480,+3.00,+28.385, +7.733,+0.955
1694457600,+3.00,+28.419, +7.713,+0.955
1694457720,+3.00,+28.376, +7.756,+0.955
1694457840,+3.00,+28.582, +7.723,+0.955
1694457960,+3.00,+28.556, +7.750,+0.955
1694458080,+3.01,+28.633, +7.794,+0.956
1694458200,+3.00,+29.234, +7.699,+0.956
1694458320,+3.01,+29.019, +7.718,+0.956
1694458440,+3.01,+28.865, +7.682,+0.955
1694458560,+3.01,+28.642, +7.690,+0.955
1694458680,+3.00,+28.505, +7.690,+0.955
1694458800,+3.00,+28.359, +7.710,+0.954
1694458920,+3.01,+28.206, +7.740,+0.954
1694459040,+3.01,+28.035, +7.732,+0.954
1694459160,+3.01,+27.890, +7.777,+0.955
1694459280,+3.01,+27.787, +7.763,+0.954
1694459400,+3.01,+27.762, +7.790,+0.954
1694459520,+3.01,+27.745, +7.759,+0.954
1694459640,+3.01,+27.873, +7.768,+0.955
1694459760,+3.01,+28.077, +7.821,+0.955
1694459880,+3.01,+28.077, +7.747,+0.955
1694460000,+3.01,+28.069, +7.737,+0.954
1694460120,+3.01,+28.026, +7.731,+0.954
1694460240,+3.01,+27.949, +7.759,+0.954
1694460360,+3.01,+27.864, +7.775,+0.955
1694460480,+3.01,+27.804, +7.780,+0.955
1694460600,+3.01,+27.685, +7.807,+0.955
1694460720,+3.01,+27.540, +7.825,+0.955
1694460840,+3.00,+27.430, +7.816,+0.954
1694460960,+3.01,+27.294, +7.852,+0.954
1694461080,+3.01,+27.200, +7.857,+0.954
1694461200,+3.01,+27.166, +7.884,+0.954
1694461320,+3.01,+27.200, +7.858,+0.953
1694461440,+3.01,+27.209, +7.848,+0.954
1694461560,+3.01,+27.260, +7.836,+0.954
1694461680,+3.01,+27.234, +7.839,+0.954
1694461800,+3.01,+27.132, +7.890,+0.954
1694461920,+3.01,+27.098, +7.849,+0.954
1694462040,+3.01,+27.064, +7.839,+0.954
1694462160,+3.01,+27.013, +7.856,+0.954
1694462280,+3.01,+27.022, +7.876,+0.953
1694462400,+3.01,+27.013, +7.847,+0.954
1694462520,+3.01,+26.920, +7.872,+0.954
1694462640,+3.01,+26.954, +7.891,+0.954
1694462760,+3.01,+27.005, +7.859,+0.954
1694462880,+3.01,+27.090, +7.909,+0.955
1694463000,+3.01,+27.090, +7.857,+0.954
1694463120,+3.01,+27.030, +7.876,+0.954
1694463240,+3.01,+26.996, +7.885,+0.955
1694463360,+3.01,+26.996, +7.873,+0.954
1694463480,+3.01,+26.895, +7.880,+0.954
1694463600,+3.01,+26.793, +7.886,+0.954
1694463720,+3.01,+26.700, +7.885,+0.953
1694463840,+3.01,+26.598, +7.898,+0.954
1694463960,+3.01,+26.530, +7.900,+0.954
1694464080,+3.01,+26.445, +7.921,+0.953
1694464200,+3.01,+26.412, +7.923,+0.953
1694464320,+3.01,+26.344, +7.953,+0.953
1694464440,+3.01,+26.285, +7.940,+0.953
1694464560,+3.01,+26.209, +8.004,+0.954
1694464680,+3.01,+26.200, +7.981,+0.954
1694464800,+3.01,+26.166, +7.971,+0.954
1694464920,+3.01,+26.124, +7.974,+0.954
1694465040,+3.01,+26.090, +7.968,+0.953
1694465160,+3.01,+26.090, +7.967,+0.954
1694465280,+3.01,+26.065, +7.969,+0.953
1694465400,+3.01,+26.014, +7.971,+0.953
1694465520,+3.01,+25.997, +7.977,+0.953
1694465640,+3.01,+25.980, +7.994,+0.954
1694465760,+3.01,+25.947, +7.988,+0.953
1694465880,+3.01,+25.904, +7.993,+0.953
1694466000,+3.01,+25.845, +8.014,+0.953
1694466120,+3.01,+25.778, +8.018,+0.953
1694466240,+3.01,+25.752, +8.021,+0.953
1694466360,+3.01,+25.710, +8.024,+0.953
1694466480,+3.01,+25.668, +8.031,+0.953
1694466600,+3.01,+25.643, +8.033,+0.953
1694466720,+3.01,+25.634, +8.029,+0.953
1694466840,+3.01,+25.660, +8.054,+0.953
1694466960,+3.01,+25.676, +8.050,+0.953
1694467080,+3.01,+25.685, +8.051,+0.953
1694467200,+3.01,+25.744, +8.023,+0.953
1694467320,+3.01,+25.795, +8.018,+0.953
1694467440,+3.01,+25.854, +8.023,+0.954
1694467560,+3.01,+25.963, +8.001,+0.954
1694467680,+3.01,+25.989, +7.980,+0.952
1694467800,+3.01,+25.955, +7.991,+0.953
1694467920,+3.01,+25.913, +7.998,+0.953
1694468040,+3.01,+25.879, +8.004,+0.954
1694468160,+3.01,+25.828, +8.009,+0.953
1694468280,+3.01,+25.778, +8.018,+0.953
1694468400,+3.01,+25.710, +8.019,+0.953
1694468520,+3.01,+25.668, +8.031,+0.953
1694468640,+3.01,+25.626, +8.041,+0.953
1694468760,+3.01,+25.567, +8.037,+0.952
1694468880,+3.01,+25.516, +8.055,+0.953
1694469000,+3.01,+25.466, +8.049,+0.953
1694469120,+3.01,+25.407, +8.052,+0.952
1694469240,+3.01,+25.373, +8.055,+0.952
1694469360,+3.01,+25.356, +8.054,+0.952
1694469480,+3.01,+25.348, +8.057,+0.953
1694469600,+3.01,+25.373, +8.062,+0.953
1694469720,+3.01,+25.407, +8.052,+0.952
1694469840,+3.01,+25.381, +8.059,+0.953
1694469960,+3.01,+25.331, +8.082,+0.953
1694470080,+3.01,+25.272, +8.086,+0.953
1694470200,+3.01,+25.213, +8.079,+0.952
1694470320,+3.01,+25.137, +8.091,+0.952
1694470440,+3.01,+25.078, +8.086,+0.952
1694470560,+3.01,+25.019, +8.097,+0.952
1694470680,+3.01,+24.952, +8.125,+0.952
1694470800,+3.01,+24.876, +8.131,+0.952
1694470920,+3.01,+24.826, +8.135,+0.952
1694471040,+3.01,+24.767, +8.142,+0.952
1694471160,+3.01,+24.700, +8.152,+0.952
1694471280,+3.01,+24.641, +8.182,+0.952
1694471400,+3.01,+24.607, +8.161,+0.952
1694471520,+3.02,+24.565, +8.164,+0.951
1694471640,+3.02,+24.506, +8.194,+0.952
1694471760,+3.02,+24.456, +8.192,+0.952
1694471880,+3.02,+24.431, +8.185,+0.952
1694472000,+3.02,+24.380, +8.200,+0.952
1694472120,+3.02,+24.355, +8.196,+0.952
1694472240,+3.01,+24.355, +8.200,+0.952
1694472360,+3.01,+24.280, +8.217,+0.952
1694472480,+3.01,+24.263, +8.214,+0.952
1694472600,+3.01,+24.229, +8.213,+0.952
1694472720,+3.01,+24.196, +8.218,+0.951
1694472840,+3.01,+24.171, +8.223,+0.951
1694472960,+3.01,+24.145, +8.239,+0.952
1694473080,+3.01,+24.087, +8.250,+0.952
