7450-401396
OS REV: 1.05 Sensor Cal: 1618512290
Time (sec),  BV (Volts),  T (deg C),  DO (mg/l),  Q ()
1684350360,+3.11,+20.513, +5.809,+0.962
1684350480,+3.11,+20.513, +5.786,+0.961
1684350600,+3.11,+20.513, +5.809,+0.962
1684350720,+3.11,+20.530, +5.817,+0.962
1684350840,+3.11,+20.521, +5.813,+0.961
1684350960,+3.11,+20.538, +5.822,+0.962
1684351080,+3.11,+20.546, +5.823,+0.961
1684351200,+3.11,+20.538, +5.830,+0.962
1684351320,+3.11,+20.555, +5.830,+0.962
1684351440,+3.11,+20.555, +5.838,+0.962
1684351560,+3.11,+20.588, +5.837,+0.962
1684351680,+3.11,+20.588, +5.854,+0.962
1684351800,+3.11,+20.580, +5.863,+0.961
1684351920,+3.11,+20.588, +5.877,+0.962
1684352040,+3.11,+20.572, +5.879,+0.962
1684352160,+3.11,+20.588, +5.885,+0.962
1684352280,+3.11,+20.588, +5.881,+0.962
1684352400,+3.11,+20.588, +5.887,+0.961
1684352520,+3.11,+20.588, +5.911,+0.962
1684352640,+3.11,+20.613, +5.910,+0.962
1684352760,+3.11,+20.613, +5.909,+0.961
1684352880,+3.11,+20.630, +5.920,+0.962
1684353000,+3.11,+20.588, +5.935,+0.962
1684353120,+3.11,+20.613, +5.949,+0.962
1684353240,+3.11,+20.622, +5.950,+0.961
1684353360,+3.11,+20.622, +5.954,+0.962
1684353480,+3.11,+20.622, +5.956,+0.962
1684353600,+3.11,+20.597, +5.972,+0.962
1684353720,+3.11,+20.605, +5.977,+0.962
1684353840,+3.11,+20.613, +5.967,+0.962
1684353960,+3.11,+20.597, +5.978,+0.962
1684354080,+3.11,+20.605, +5.971,+0.962
1684354200,+3.11,+20.605, +5.967,+0.962
1684354320,+3.11,+20.605, +5.962,+0.961
1684354440,+3.11,+20.613, +5.960,+0.962
1684354560,+3.11,+20.605, +5.950,+0.962
1684354680,+3.11,+20.613, +5.945,+0.962
1684354800,+3.11,+20.622, +5.940,+0.962
1684354920,+3.11,+20.605, +5.924,+0.962
1684355040,+3.11,+20.597, +5.904,+0.962
1684355160,+3.11,+20.597, +5.883,+0.962
1684355280,+3.11,+20.605, +5.869,+0.962
1684355400,+3.11,+20.613, +5.870,+0.962
1684355520,+3.11,+20.588, +5.864,+0.961
1684355640,+3.11,+20.580, +5.839,+0.962
1684355760,+3.11,+20.572, +5.850,+0.962
1684355880,+3.11,+20.572, +5.834,+0.961
1684356000,+3.11,+20.580, +5.839,+0.962
1684356120,+3.11,+20.563, +5.832,+0.962
1684356240,+3.11,+20.563, +5.821,+0.962
1684356360,+3.11,+20.555, +5.797,+0.962
1684356480,+3.11,+20.546, +5.800,+0.962
1684356600,+3.11,+20.538, +5.789,+0.962
1684356720,+3.11,+20.546, +5.783,+0.962
1684356840,+3.11,+20.555, +5.773,+0.961
1684356960,+3.11,+20.555, +5.771,+0.961
1684357080,+3.11,+20.555, +5.788,+0.962
1684357200,+3.11,+20.538, +5.799,+0.962
1684357320,+3.11,+20.521, +5.743,+0.962
1684357440,+3.11,+20.530, +5.823,+0.961
1684357560,+3.11,+20.513, +5.880,+0.962
1684357680,+3.11,+20.521, +5.941,+0.961
1684357800,+3.11,+20.496, +5.955,+0.962
1684357920,+3.11,+20.496, +5.975,+0.961
1684358040,+3.11,+20.488, +6.007,+0.962
1684358160,+3.11,+20.471, +6.055,+0.962
1684358280,+3.11,+20.463, +6.082,+0.962
1684358400,+3.11,+20.454, +6.106,+0.962
1684358520,+3.11,+20.454, +6.118,+0.962
1684358640,+3.11,+20.429, +6.126,+0.962
1684358760,+3.11,+20.429, +6.106,+0.962
1684358880,+3.11,+20.421, +6.081,+0.962
1684359000,+3.11,+20.413, +6.058,+0.962
1684359120,+3.12,+20.404, +6.052,+0.962
1684359240,+3.11,+20.379, +6.077,+0.961
1684359360,+3.11,+20.371, +6.119,+0.961
1684359480,+3.12,+20.346, +6.149,+0.962
1684359600,+3.12,+20.337, +6.169,+0.962
1684359720,+3.12,+20.329, +6.153,+0.962
1684359840,+3.12,+20.320, +6.115,+0.962
1684359960,+3.12,+20.287, +6.113,+0.961
1684360080,+3.12,+20.262, +6.184,+0.962
1684360200,+3.12,+20.253, +6.231,+0.962
1684360320,+3.12,+20.245, +6.286,+0.961
1684360440,+3.12,+20.220, +6.304,+0.962
1684360560,+3.12,+20.203, +6.267,+0.961
1684360680,+3.12,+20.187, +6.270,+0.962
1684360800,+3.12,+20.170, +6.288,+0.962
1684360920,+3.12,+20.161, +6.333,+0.962
1684361040,+3.12,+20.128, +6.283,+0.962
1684361160,+3.12,+20.128, +6.350,+0.961
1684361280,+3.12,+20.103, +6.374,+0.961
1684361400,+3.11,+20.053, +6.420,+0.961
1684361520,+3.12,+20.061, +6.437,+0.961
1684361640,+3.11,+20.027, +6.457,+0.962
1684361760,+3.11,+20.019, +6.464,+0.961
1684361880,+3.11,+19.994, +6.474,+0.962
1684362000,+3.11,+19.960, +6.486,+0.962
1684362120,+3.11,+19.952, +6.470,+0.961
1684362240,+3.11,+19.935, +6.457,+0.961
1684362360,+3.11,+19.919, +6.471,+0.961
1684362480,+3.11,+19.893, +6.472,+0.962
1684362600,+3.11,+19.885, +6.465,+0.962
1684362720,+3.11,+19.860, +6.457,+0.961
1684362840,+3.11,+19.860, +6.457,+0.961
1684362960,+3.11,+19.843, +6.469,+0.962
1684363080,+3.11,+19.810, +6.434,+0.962
1684363200,+3.11,+19.784, +6.420,+0.961
1684363320,+3.11,+19.784, +6.408,+0.961
1684363440,+3.11,+19.743, +6.416,+0.961
1684363560,+3.11,+19.734, +6.405,+0.961
1684363680,+3.11,+19.726, +6.394,+0.961
1684363800,+3.11,+19.684, +6.395,+0.961
1684363920,+3.11,+19.684, +6.409,+0.961
1684364040,+3.11,+19.667, +6.434,+0.962
1684364160,+3.11,+19.659, +6.428,+0.961
1684364280,+3.11,+19.608, +6.433,+0.962
1684364400,+3.11,+19.608, +6.460,+0.961
1684364520,+3.11,+19.592, +6.476,+0.961
1684364640,+3.11,+19.567, +6.485,+0.962
1684364760,+3.11,+19.541, +6.483,+0.961
1684364880,+3.11,+19.541, +6.475,+0.961
1684365000,+3.11,+19.525, +6.463,+0.961
1684365120,+3.11,+19.491, +6.463,+0.961
1684365240,+3.11,+19.483, +6.443,+0.961
1684365360,+3.12,+19.441, +6.441,+0.961
1684365480,+3.12,+19.449, +6.449,+0.962
1684365600,+3.12,+19.424, +6.456,+0.961
1684365720,+3.12,+19.399, +6.442,+0.962
1684365840,+3.12,+19.407, +6.442,+0.961
1684365960,+3.12,+19.374, +6.454,+0.961
1684366080,+3.12,+19.357, +6.456,+0.961
1684366200,+3.12,+19.349, +6.474,+0.962
1684366320,+3.12,+19.323, +6.477,+0.961
1684366440,+3.12,+19.307, +6.476,+0.961
1684366560,+3.12,+19.298, +6.472,+0.962
1684366680,+3.12,+19.273, +6.451,+0.961
1684366800,+3.12,+19.273, +6.409,+0.962
1684366920,+3.12,+19.248, +6.411,+0.962
1684367040,+3.12,+19.231, +6.418,+0.962
1684367160,+3.12,+19.214, +6.386,+0.962
1684367280,+3.12,+19.189, +6.439,+0.962
1684367400,+3.12,+19.164, +6.464,+0.961
1684367520,+3.12,+19.147, +6.409,+0.961
1684367640,+3.12,+19.122, +6.385,+0.961
1684367760,+3.12,+19.105, +6.405,+0.961
1684367880,+3.12,+19.088, +6.433,+0.962
1684368000,+3.12,+19.080, +6.458,+0.961
1684368120,+3.12,+19.063, +6.467,+0.961
1684368240,+3.12,+19.055, +6.470,+0.962
1684368360,+3.12,+19.030, +6.461,+0.961
1684368480,+3.12,+19.013, +6.458,+0.961
1684368600,+3.12,+19.013, +6.437,+0.962
1684368720,+3.12,+18.988, +6.436,+0.962
1684368840,+3.11,+18.962, +6.428,+0.961
1684368960,+3.12,+18.962, +6.427,+0.962
1684369080,+3.12,+18.946, +6.423,+0.961
1684369200,+3.11,+18.929, +6.410,+0.962
1684369320,+3.11,+18.912, +6.376,+0.961
1684369440,+3.11,+18.887, +6.306,+0.962
1684369560,+3.11,+18.878, +6.212,+0.962
1684369680,+3.11,+18.870, +6.121,+0.962
1684369800,+3.11,+18.820, +6.122,+0.962
1684369920,+3.11,+18.820, +6.131,+0.962
1684370040,+3.11,+18.794, +6.151,+0.962
1684370160,+3.11,+18.778, +6.166,+0.962
1684370280,+3.11,+18.761, +6.142,+0.962
1684370400,+3.11,+18.769, +6.119,+0.962
1684370520,+3.11,+18.719, +6.096,+0.962
1684370640,+3.11,+18.710, +6.081,+0.962
1684370760,+3.11,+18.710, +6.082,+0.962
1684370880,+3.11,+18.660, +6.065,+0.962
1684371000,+3.11,+18.660, +6.059,+0.962
1684371120,+3.11,+18.643, +6.076,+0.962
1684371240,+3.11,+18.626, +6.089,+0.962
1684371360,+3.11,+18.601, +6.099,+0.962
1684371480,+3.11,+18.584, +6.087,+0.962
1684371600,+3.11,+18.576, +6.006,+0.962
1684371720,+3.11,+18.551, +5.996,+0.962
1684371840,+3.11,+18.542, +6.095,+0.962
1684371960,+3.12,+18.517, +6.144,+0.962
1684372080,+3.12,+18.517, +6.159,+0.962
1684372200,+3.12,+18.483, +6.163,+0.962
1684372320,+3.12,+18.475, +6.154,+0.962
1684372440,+3.12,+18.475, +6.165,+0.962
1684372560,+3.12,+18.458, +6.171,+0.962
1684372680,+3.12,+18.433, +6.157,+0.962
1684372800,+3.12,+18.416, +6.142,+0.961
1684372920,+3.12,+18.382, +6.145,+0.962
1684373040,+3.12,+18.391, +6.110,+0.962
1684373160,+3.12,+18.365, +6.089,+0.962
1684373280,+3.12,+18.349, +6.076,+0.962
1684373400,+3.12,+18.323, +6.049,+0.962
1684373520,+3.12,+18.306, +6.066,+0.962
1684373640,+3.12,+18.298, +6.058,+0.962
1684373760,+3.12,+18.290, +6.020,+0.962
1684373880,+3.12,+18.256, +5.974,+0.962
1684374000,+3.12,+18.264, +5.978,+0.962
1684374120,+3.12,+18.231, +5.974,+0.962
1684374240,+3.12,+18.222, +5.984,+0.962
1684374360,+3.12,+18.214, +6.013,+0.962
1684374480,+3.12,+18.180, +6.006,+0.962
1684374600,+3.12,+18.172, +6.015,+0.962
1684374720,+3.12,+18.155, +6.025,+0.962
1684374840,+3.12,+18.146, +6.024,+0.962
1684374960,+3.12,+18.130, +6.045,+0.962
1684375080,+3.12,+18.121, +6.037,+0.962
1684375200,+3.12,+18.096, +6.036,+0.962
1684375320,+3.12,+18.096, +6.046,+0.962
1684375440,+3.12,+18.062, +5.894,+0.962
1684375560,+3.12,+18.071, +5.944,+0.962
1684375680,+3.12,+18.037, +5.985,+0.962
1684375800,+3.12,+18.012, +6.005,+0.962
1684375920,+3.12,+18.012, +6.003,+0.962
1684376040,+3.12,+18.020, +6.000,+0.962
1684376160,+3.12,+17.969, +5.989,+0.962
1684376280,+3.12,+17.986, +5.976,+0.962
1684376400,+3.12,+17.978, +5.975,+0.962
1684376520,+3.12,+17.961, +5.988,+0.962
1684376640,+3.12,+17.936, +6.010,+0.962
1684376760,+3.12,+17.936, +6.000,+0.962
1684376880,+3.12,+17.919, +6.002,+0.962
1684377000,+3.12,+17.877, +6.013,+0.962
1684377120,+3.12,+17.894, +6.009,+0.962
1684377240,+3.12,+17.868, +6.009,+0.962
1684377360,+3.12,+17.834, +5.984,+0.962
1684377480,+3.11,+17.834, +5.953,+0.962
1684377600,+3.11,+17.792, +5.964,+0.962
1684377720,+3.11,+17.792, +5.957,+0.962
1684377840,+3.11,+17.784, +5.947,+0.962
1684377960,+3.11,+17.759, +5.944,+0.962
1684378080,+3.11,+17.742, +5.938,+0.962
1684378200,+3.11,+17.725, +5.947,+0.962
1684378320,+3.11,+17.725, +5.950,+0.962
1684378440,+3.11,+17.699, +5.948,+0.962
1684378560,+3.11,+17.683, +5.934,+0.962
1684378680,+3.11,+17.699, +5.905,+0.962
1684378800,+3.11,+17.674, +5.868,+0.962
1684378920,+3.11,+17.649, +5.822,+0.962
1684379040,+3.11,+17.666, +5.804,+0.962
1684379160,+3.12,+17.632, +5.822,+0.962
1684379280,+3.12,+17.640, +5.798,+0.962
1684379400,+3.12,+17.623, +5.788,+0.962
1684379520,+3.12,+17.623, +5.797,+0.962
1684379640,+3.12,+17.598, +5.802,+0.962
1684379760,+3.12,+17.606, +5.798,+0.962
1684379880,+3.12,+17.581, +5.773,+0.962
1684380000,+3.12,+17.564, +5.741,+0.962
1684380120,+3.12,+17.539, +5.747,+0.962
1684380240,+3.12,+17.530, +5.717,+0.962
1684380360,+3.12,+17.522, +5.686,+0.962
1684380480,+3.12,+17.480, +5.671,+0.962
1684380600,+3.12,+17.463, +5.661,+0.962
1684380720,+3.12,+17.463, +5.653,+0.962
1684380840,+3.12,+17.463, +5.649,+0.962
1684380960,+3.12,+17.454, +5.646,+0.962
1684381080,+3.12,+17.446, +5.641,+0.963
1684381200,+3.12,+17.446, +5.599,+0.962
1684381320,+3.12,+17.404, +5.578,+0.962
1684381440,+3.12,+17.387, +5.593,+0.963
1684381560,+3.12,+17.378, +5.617,+0.962
1684381680,+3.12,+17.387, +5.634,+0.962
1684381800,+3.12,+17.387, +5.609,+0.962
1684381920,+3.12,+17.353, +5.580,+0.963
1684382040,+3.12,+17.361, +5.567,+0.962
1684382160,+3.12,+17.353, +5.555,+0.963
1684382280,+3.12,+17.336, +5.547,+0.962
1684382400,+3.12,+17.311, +5.512,+0.963
1684382520,+3.12,+17.311, +5.442,+0.962
1684382640,+3.12,+17.311, +5.429,+0.963
1684382760,+3.12,+17.294, +5.447,+0.962
1684382880,+3.12,+17.285, +5.464,+0.962
1684383000,+3.12,+17.251, +5.504,+0.962
1684383120,+3.12,+17.260, +5.499,+0.963
1684383240,+3.12,+17.243, +5.468,+0.962
1684383360,+3.12,+17.234, +5.409,+0.962
1684383480,+3.12,+17.226, +5.359,+0.962
1684383600,+3.12,+17.217, +5.328,+0.963
1684383720,+3.12,+17.226, +5.300,+0.962
1684383840,+3.12,+17.209, +5.295,+0.962
1684383960,+3.12,+17.192, +5.292,+0.963
1684384080,+3.12,+17.167, +5.265,+0.963
1684384200,+3.12,+17.141, +5.213,+0.963
1684384320,+3.12,+17.150, +5.199,+0.962
1684384440,+3.12,+17.124, +5.193,+0.963
1684384560,+3.12,+17.099, +5.210,+0.963
1684384680,+3.12,+17.099, +5.186,+0.963
1684384800,+3.12,+17.065, +5.200,+0.963
1684384920,+3.12,+17.057, +5.218,+0.962
1684385040,+3.12,+17.048, +5.192,+0.963
1684385160,+3.12,+17.014, +5.218,+0.963
1684385280,+3.12,+17.014, +5.214,+0.963
1684385400,+3.12,+16.980, +5.217,+0.963
1684385520,+3.12,+16.989, +5.236,+0.962
1684385640,+3.12,+16.989, +5.250,+0.963
1684385760,+3.12,+16.955, +5.248,+0.963
1684385880,+3.12,+16.955, +5.189,+0.963
1684386000,+3.12,+16.946, +5.119,+0.963
1684386120,+3.12,+16.921, +5.148,+0.963
1684386240,+3.12,+16.887, +5.233,+0.963
1684386360,+3.12,+16.870, +5.235,+0.963
1684386480,+3.12,+16.878, +5.217,+0.963
1684386600,+3.12,+16.895, +5.202,+0.963
1684386720,+3.12,+16.878, +5.190,+0.963
1684386840,+3.12,+16.878, +5.153,+0.963
1684386960,+3.12,+16.878, +5.103,+0.963
1684387080,+3.12,+16.862, +5.086,+0.963
1684387200,+3.12,+16.853, +5.082,+0.963
1684387320,+3.12,+16.819, +5.057,+0.963
1684387440,+3.12,+16.828, +5.022,+0.963
1684387560,+3.12,+16.811, +5.009,+0.963
1684387680,+3.12,+16.802, +5.016,+0.963
1684387800,+3.12,+16.785, +5.015,+0.963
1684387920,+3.12,+16.768, +5.035,+0.963
1684388040,+3.12,+16.760, +5.048,+0.963
1684388160,+3.12,+16.743, +5.078,+0.963
1684388280,+3.12,+16.709, +5.076,+0.963
1684388400,+3.12,+16.726, +5.039,+0.963
1684388520,+3.12,+16.709, +5.000,+0.963
1684388640,+3.12,+16.700, +4.956,+0.963
1684388760,+3.12,+16.683, +4.930,+0.963
1684388880,+3.12,+16.666, +4.944,+0.963
1684389000,+3.12,+16.632, +4.986,+0.963
1684389120,+3.12,+16.649, +5.007,+0.963
1684389240,+3.12,+16.632, +5.017,+0.963
1684389360,+3.12,+16.615, +4.998,+0.963
1684389480,+3.12,+16.598, +5.007,+0.963
1684389600,+3.12,+16.573, +5.015,+0.963
1684389720,+3.12,+16.556, +5.001,+0.963
1684389840,+3.12,+16.564, +4.875,+0.963
1684389960,+3.12,+16.573, +4.875,+0.963
1684390080,+3.12,+16.547, +4.941,+0.963
1684390200,+3.12,+16.539, +5.001,+0.963
1684390320,+3.12,+16.539, +4.992,+0.963
1684390440,+3.12,+16.522, +4.939,+0.963
1684390560,+3.12,+16.505, +4.926,+0.963
1684390680,+3.12,+16.513, +4.939,+0.963
1684390800,+3.12,+16.479, +4.952,+0.963
1684390920,+3.12,+16.488, +4.937,+0.963
1684391040,+3.12,+16.488, +4.927,+0.963
1684391160,+3.12,+16.479, +4.910,+0.963
1684391280,+3.12,+16.454, +4.898,+0.963
1684391400,+3.12,+16.454, +4.871,+0.963
1684391520,+3.12,+16.454, +4.852,+0.963
1684391640,+3.12,+16.420, +4.880,+0.963
1684391760,+3.12,+16.403, +4.896,+0.963
1684391880,+3.12,+16.394, +4.904,+0.963
1684392000,+3.12,+16.403, +4.902,+0.963
1684392120,+3.12,+16.360, +4.941,+0.963
1684392240,+3.12,+16.360, +4.962,+0.963
1684392360,+3.12,+16.326, +4.977,+0.963
1684392480,+3.12,+16.326, +5.004,+0.963
1684392600,+3.12,+16.318, +4.998,+0.963
1684392720,+3.12,+16.292, +4.986,+0.963
1684392840,+3.12,+16.309, +4.972,+0.963
1684392960,+3.12,+16.283, +4.978,+0.963
1684393080,+3.12,+16.275, +4.987,+0.963
1684393200,+3.12,+16.266, +4.991,+0.963
1684393320,+3.12,+16.258, +4.991,+0.963
1684393440,+3.12,+16.232, +5.011,+0.963
1684393560,+3.12,+16.232, +5.007,+0.963
1684393680,+3.12,+16.232, +4.995,+0.963
1684393800,+3.12,+16.215, +4.988,+0.963
1684393920,+3.12,+16.215, +4.989,+0.963
1684394040,+3.12,+16.207, +4.978,+0.963
1684394160,+3.12,+16.190, +4.949,+0.963
1684394280,+3.12,+16.190, +4.917,+0.963
1684394400,+3.12,+16.198, +4.891,+0.963
1684394520,+3.12,+16.181, +4.882,+0.963
1684394640,+3.12,+16.147, +4.860,+0.963
1684394760,+3.12,+16.164, +4.807,+0.963
1684394880,+3.12,+16.156, +4.797,+0.963
1684395000,+3.12,+16.156, +4.802,+0.963
1684395120,+3.12,+16.147, +4.804,+0.963
1684395240,+3.12,+16.104, +4.808,+0.963
1684395360,+3.12,+16.079, +4.823,+0.963
1684395480,+3.12,+16.070, +4.845,+0.963
1684395600,+3.12,+16.045, +4.845,+0.963
1684395720,+3.12,+16.053, +4.863,+0.963
1684395840,+3.12,+16.036, +4.874,+0.963
1684395960,+3.12,+16.045, +4.858,+0.963
1684396080,+3.12,+16.019, +4.847,+0.963
1684396200,+3.12,+16.028, +4.837,+0.963
1684396320,+3.12,+16.002, +4.838,+0.963
1684396440,+3.12,+15.994, +4.852,+0.963
1684396560,+3.12,+15.976, +4.864,+0.963
1684396680,+3.12,+15.951, +4.861,+0.963
1684396800,+3.12,+15.959, +4.851,+0.963
1684396920,+3.12,+15.925, +4.873,+0.963
1684397040,+3.12,+15.908, +4.885,+0.964
1684397160,+3.12,+15.883, +4.898,+0.963
1684397280,+3.12,+15.908, +4.892,+0.963
1684397400,+3.12,+15.874, +4.883,+0.963
1684397520,+3.12,+15.883, +4.852,+0.963
1684397640,+3.12,+15.874, +4.821,+0.963
1684397760,+3.12,+15.883, +4.794,+0.963
1684397880,+3.12,+15.883, +4.802,+0.963
1684398000,+3.12,+15.857, +4.799,+0.963
1684398120,+3.12,+15.831, +4.791,+0.963
1684398240,+3.12,+15.848, +4.776,+0.963
1684398360,+3.12,+15.831, +4.772,+0.964
1684398480,+3.12,+15.823, +4.749,+0.963
1684398600,+3.12,+15.814, +4.759,+0.963
1684398720,+3.12,+15.797, +4.726,+0.963
1684398840,+3.12,+15.771, +4.733,+0.963
1684398960,+3.12,+15.746, +4.732,+0.963
1684399080,+3.12,+15.754, +4.748,+0.963
1684399200,+3.12,+15.737, +4.763,+0.964
1684399320,+3.12,+15.746, +4.754,+0.963
1684399440,+3.12,+15.737, +4.735,+0.963
1684399560,+3.12,+15.694, +4.733,+0.964
1684399680,+3.12,+15.677, +4.738,+0.963
1684399800,+3.12,+15.660, +4.753,+0.963
1684399920,+3.12,+15.652, +4.756,+0.963
1684400040,+3.12,+15.660, +4.744,+0.963
1684400160,+3.12,+15.626, +4.728,+0.963
1684400280,+3.12,+15.609, +4.729,+0.963
1684400400,+3.12,+15.575, +4.725,+0.964
1684400520,+3.12,+15.609, +4.689,+0.963
1684400640,+3.12,+15.575, +4.664,+0.963
1684400760,+3.12,+15.583, +4.648,+0.963
1684400880,+3.12,+15.566, +4.631,+0.963
1684401000,+3.12,+15.592, +4.589,+0.963
1684401120,+3.12,+15.558, +4.566,+0.964
1684401240,+3.12,+15.558, +4.566,+0.964
1684401360,+3.12,+15.549, +4.565,+0.963
1684401480,+3.12,+15.549, +4.576,+0.964
1684401600,+3.12,+15.532, +4.573,+0.964
1684401720,+3.12,+15.549, +4.563,+0.964
1684401840,+3.12,+15.523, +4.552,+0.964
1684401960,+3.12,+15.506, +4.553,+0.964
1684402080,+3.12,+15.498, +4.525,+0.964
1684402200,+3.12,+15.489, +4.516,+0.963
1684402320,+3.12,+15.489, +4.512,+0.963
1684402440,+3.12,+15.472, +4.510,+0.963
1684402560,+3.12,+15.463, +4.483,+0.964
1684402680,+3.12,+15.438, +4.477,+0.963
1684402800,+3.12,+15.429, +4.467,+0.964
1684402920,+3.12,+15.395, +4.464,+0.963
1684403040,+3.12,+15.369, +4.449,+0.964
1684403160,+3.12,+15.352, +4.458,+0.964
1684403280,+3.12,+15.335, +4.489,+0.963
1684403400,+3.12,+15.309, +4.516,+0.964
1684403520,+3.12,+15.300, +4.525,+0.964
1684403640,+3.12,+15.309, +4.521,+0.964
1684403760,+3.12,+15.275, +4.492,+0.964
1684403880,+3.12,+15.283, +4.468,+0.964
1684404000,+3.12,+15.266, +4.452,+0.964
1684404120,+3.12,+15.283, +4.430,+0.964
1684404240,+3.12,+15.283, +4.315,+0.963
1684404360,+3.12,+15.257, +4.373,+0.964
1684404480,+3.12,+15.240, +4.388,+0.964
1684404600,+3.12,+15.275, +4.385,+0.964
1684404720,+3.12,+15.275, +4.387,+0.964
1684404840,+3.12,+15.240, +4.401,+0.964
1684404960,+3.12,+15.240, +4.390,+0.964
1684405080,+3.12,+15.232, +4.362,+0.964
1684405200,+3.12,+15.214, +4.341,+0.964
1684405320,+3.12,+15.146, +4.342,+0.964
1684405440,+3.12,+15.146, +4.337,+0.964
1684405560,+3.12,+15.163, +4.333,+0.964
1684405680,+3.12,+15.146, +4.342,+0.964
1684405800,+3.12,+15.163, +4.332,+0.964
1684405920,+3.12,+15.137, +4.322,+0.964
1684406040,+3.12,+15.137, +4.339,+0.964
1684406160,+3.12,+15.120, +4.345,+0.964
1684406280,+3.12,+15.111, +4.324,+0.964
1684406400,+3.12,+15.111, +4.312,+0.964
1684406520,+3.12,+15.086, +4.291,+0.964
1684406640,+3.12,+15.077, +4.242,+0.964
1684406760,+3.12,+15.051, +4.226,+0.964
1684406880,+3.12,+15.068, +4.224,+0.964
1684407000,+3.12,+15.068, +4.232,+0.964
1684407120,+3.12,+15.060, +4.223,+0.964
1684407240,+3.12,+15.068, +4.192,+0.964
1684407360,+3.12,+15.051, +4.177,+0.964
1684407480,+3.12,+15.025, +4.173,+0.964
1684407600,+3.12,+15.043, +4.136,+0.964
1684407720,+3.12,+15.025, +4.092,+0.964
1684407840,+3.12,+15.017, +4.134,+0.964
1684407960,+3.12,+15.008, +4.196,+0.964
1684408080,+3.12,+15.017, +4.219,+0.964
1684408200,+3.12,+15.000, +4.224,+0.964
1684408320,+3.12,+14.974, +4.218,+0.964
1684408440,+3.12,+14.982, +4.191,+0.964
1684408560,+3.12,+14.948, +4.175,+0.964
1684408680,+3.12,+14.956, +4.167,+0.964
1684408800,+3.12,+14.956, +4.173,+0.964
1684408920,+3.12,+14.956, +4.160,+0.964
1684409040,+3.12,+14.939, +4.140,+0.964
1684409160,+3.12,+14.956, +4.111,+0.964
1684409280,+3.12,+14.939, +4.105,+0.964
1684409400,+3.12,+14.939, +4.087,+0.964
1684409520,+3.12,+14.922, +4.052,+0.964
1684409640,+3.12,+14.913, +4.033,+0.964
1684409760,+3.12,+14.905, +4.040,+0.964
1684409880,+3.12,+14.879, +4.015,+0.964
1684410000,+3.12,+14.888, +4.005,+0.964
1684410120,+3.12,+14.896, +3.995,+0.964
1684410240,+3.12,+14.879, +4.009,+0.964
1684410360,+3.12,+14.862, +4.018,+0.964
1684410480,+3.12,+14.845, +4.025,+0.964
1684410600,+3.12,+14.845, +4.040,+0.964
1684410720,+3.12,+14.845, +4.039,+0.964
1684410840,+3.12,+14.836, +4.016,+0.964
1684410960,+3.12,+14.819, +4.004,+0.964
1684411080,+3.12,+14.827, +3.998,+0.964
1684411200,+3.12,+14.810, +4.009,+0.964
1684411320,+3.12,+14.819, +4.001,+0.964
1684411440,+3.12,+14.801, +3.994,+0.964
1684411560,+3.12,+14.801, +4.005,+0.964
1684411680,+3.12,+14.784, +4.028,+0.964
1684411800,+3.12,+14.810, +4.012,+0.964
1684411920,+3.12,+14.810, +4.027,+0.964
1684412040,+3.12,+14.793, +4.060,+0.964
1684412160,+3.12,+14.819, +4.066,+0.964
1684412280,+3.12,+14.801, +4.070,+0.964
1684412400,+3.12,+14.793, +4.074,+0.964
1684412520,+3.12,+14.793, +4.058,+0.964
1684412640,+3.12,+14.784, +4.064,+0.964
1684412760,+3.12,+14.793, +4.042,+0.964
1684412880,+3.12,+14.793, +4.036,+0.964
1684413000,+3.12,+14.793, +4.038,+0.964
1684413120,+3.12,+14.784, +4.047,+0.964
1684413240,+3.12,+14.793, +4.052,+0.964
1684413360,+3.12,+14.767, +4.056,+0.964
1684413480,+3.12,+14.767, +4.058,+0.964
1684413600,+3.12,+14.767, +4.048,+0.964
1684413720,+3.12,+14.767, +4.041,+0.964
1684413840,+3.12,+14.758, +4.051,+0.964
1684413960,+3.12,+14.758, +4.058,+0.964
1684414080,+3.12,+14.750, +4.049,+0.964
1684414200,+3.12,+14.758, +4.039,+0.964
1684414320,+3.12,+14.741, +4.048,+0.964
1684414440,+3.12,+14.750, +4.062,+0.964
1684414560,+3.12,+14.758, +4.064,+0.964
1684414680,+3.12,+14.758, +4.065,+0.964
1684414800,+3.12,+14.758, +4.059,+0.964
1684414920,+3.12,+14.741, +4.047,+0.964
1684415040,+3.12,+14.767, +4.044,+0.964
1684415160,+3.12,+14.767, +4.046,+0.964
1684415280,+3.12,+14.767, +4.042,+0.964
1684415400,+3.12,+14.750, +4.042,+0.964
1684415520,+3.12,+14.767, +4.042,+0.964
1684415640,+3.12,+14.741, +4.048,+0.964
1684415760,+3.12,+14.758, +4.044,+0.964
1684415880,+3.12,+14.758, +4.047,+0.964
1684416000,+3.12,+14.741, +4.053,+0.964
1684416120,+3.12,+14.741, +4.052,+0.964
1684416240,+3.12,+14.724, +4.062,+0.964
1684416360,+3.12,+14.741, +4.068,+0.964
1684416480,+3.12,+14.750, +4.064,+0.964
1684416600,+3.12,+14.741, +4.067,+0.964
1684416720,+3.12,+14.750, +4.071,+0.964
1684416840,+3.12,+14.758, +4.064,+0.964
1684416960,+3.12,+14.750, +3.976,+0.964
1684417080,+3.12,+14.767, +3.902,+0.964
1684417200,+3.12,+14.776, +3.894,+0.964
1684417320,+3.12,+14.819, +3.899,+0.964
1684417440,+3.12,+14.810, +3.908,+0.964
1684417560,+3.12,+14.819, +3.909,+0.964
1684417680,+3.12,+14.845, +3.864,+0.964
1684417800,+3.12,+14.827, +3.829,+0.964
1684417920,+3.12,+14.836, +3.794,+0.964
1684418040,+3.12,+14.853, +3.740,+0.964
1684418160,+3.12,+14.810, +3.689,+0.964
1684418280,+3.12,+14.836, +3.623,+0.964
1684418400,+3.12,+14.845, +3.589,+0.964
1684418520,+3.12,+14.836, +3.562,+0.964
1684418640,+3.12,+14.836, +3.603,+0.965
1684418760,+3.12,+14.870, +3.647,+0.964
1684418880,+3.12,+14.879, +3.668,+0.964
1684419000,+3.12,+14.853, +3.688,+0.964
1684419120,+3.12,+14.870, +3.693,+0.964
1684419240,+3.12,+14.896, +3.693,+0.964
1684419360,+3.12,+14.888, +3.694,+0.964
1684419480,+3.12,+14.879, +3.690,+0.964
1684419600,+3.12,+14.896, +3.681,+0.964
1684419720,+3.12,+14.896, +3.672,+0.964
1684419840,+3.12,+14.922, +3.659,+0.964
1684419960,+3.12,+14.905, +3.659,+0.964
1684420080,+3.12,+14.905, +3.654,+0.964
1684420200,+3.12,+14.913, +3.655,+0.964
1684420320,+3.12,+14.948, +3.655,+0.964
1684420440,+3.12,+14.965, +3.642,+0.964
1684420560,+3.12,+14.956, +3.639,+0.964
1684420680,+3.12,+14.974, +3.634,+0.964
1684420800,+3.12,+14.974, +3.613,+0.964
1684420920,+3.12,+14.974, +3.599,+0.964
1684421040,+3.12,+14.991, +3.593,+0.964
1684421160,+3.12,+14.982, +3.589,+0.964
1684421280,+3.12,+15.000, +3.591,+0.964
1684421400,+3.12,+15.025, +3.597,+0.964
1684421520,+3.12,+15.034, +3.605,+0.964
1684421640,+3.12,+15.034, +3.614,+0.964
1684421760,+3.12,+15.051, +3.622,+0.964
1684421880,+3.12,+15.051, +3.626,+0.964
1684422000,+3.12,+15.060, +3.618,+0.964
1684422120,+3.12,+15.086, +3.617,+0.964
1684422240,+3.12,+15.077, +3.624,+0.964
1684422360,+3.12,+15.077, +3.641,+0.964
1684422480,+3.12,+15.103, +3.653,+0.964
1684422600,+3.12,+15.120, +3.659,+0.964
1684422720,+3.12,+15.163, +3.664,+0.964
1684422840,+3.12,+15.146, +3.670,+0.964
1684422960,+3.12,+15.163, +3.671,+0.964
1684423080,+3.12,+15.197, +3.666,+0.964
1684423200,+3.12,+15.206, +3.661,+0.964
1684423320,+3.12,+15.232, +3.650,+0.964
1684423440,+3.12,+15.240, +3.638,+0.964
1684423560,+3.12,+15.283, +3.629,+0.964
1684423680,+3.12,+15.257, +3.616,+0.964
1684423800,+3.12,+15.292, +3.611,+0.964
1684423920,+3.12,+15.317, +3.605,+0.964
1684424040,+3.12,+15.335, +3.605,+0.964
1684424160,+3.12,+15.360, +3.600,+0.964
1684424280,+3.12,+15.386, +3.595,+0.964
1684424400,+3.12,+15.395, +3.588,+0.964
1684424520,+3.12,+15.429, +3.572,+0.964
1684424640,+3.12,+15.455, +3.568,+0.964
1684424760,+3.12,+15.463, +3.543,+0.964
1684424880,+3.12,+15.472, +3.520,+0.964
1684425000,+3.12,+15.472, +3.528,+0.964
1684425120,+3.12,+15.498, +3.538,+0.964
1684425240,+3.12,+15.506, +3.546,+0.964
1684425360,+3.12,+15.532, +3.547,+0.964
1684425480,+3.12,+15.583, +3.539,+0.964
1684425600,+3.12,+15.558, +3.545,+0.964
1684425720,+3.12,+15.600, +3.545,+0.964
1684425840,+3.12,+15.617, +3.548,+0.964
1684425960,+3.12,+15.652, +3.546,+0.964
1684426080,+3.12,+15.669, +3.549,+0.964
1684426200,+3.12,+15.694, +3.548,+0.964
1684426320,+3.12,+15.703, +3.549,+0.964
1684426440,+3.12,+15.737, +3.547,+0.964
1684426560,+3.12,+15.737, +3.547,+0.964
1684426680,+3.12,+15.754, +3.558,+0.964
1684426800,+3.12,+15.754, +3.565,+0.964
1684426920,+3.12,+15.789, +3.571,+0.964
1684427040,+3.12,+15.831, +3.565,+0.964
1684427160,+3.12,+15.857, +3.557,+0.964
1684427280,+3.12,+15.874, +3.548,+0.964
1684427400,+3.12,+15.900, +3.541,+0.964
1684427520,+3.12,+15.934, +3.529,+0.964
1684427640,+3.12,+15.968, +3.530,+0.964
1684427760,+3.12,+15.985, +3.508,+0.964
1684427880,+3.12,+16.011, +3.490,+0.964
1684428000,+3.12,+16.036, +3.490,+0.964
1684428120,+3.12,+16.062, +3.484,+0.964
1684428240,+3.12,+16.087, +3.492,+0.964
1684428360,+3.12,+16.104, +3.514,+0.964
1684428480,+3.12,+16.122, +3.528,+0.964
1684428600,+3.12,+16.122, +3.540,+0.964
1684428720,+3.12,+16.156, +3.549,+0.964
1684428840,+3.12,+16.164, +3.547,+0.964
1684428960,+3.12,+16.198, +3.541,+0.964
1684429080,+3.12,+16.241, +3.536,+0.964
1684429200,+3.12,+16.249, +3.546,+0.964
1684429320,+3.12,+16.275, +3.555,+0.964
1684429440,+3.12,+16.309, +3.550,+0.964
1684429560,+3.12,+16.335, +3.549,+0.964
1684429680,+3.12,+16.360, +3.545,+0.964
1684429800,+3.12,+16.386, +3.539,+0.964
1684429920,+3.12,+16.411, +3.538,+0.964
1684430040,+3.12,+16.428, +3.527,+0.964
1684430160,+3.12,+16.462, +3.504,+0.964
1684430280,+3.12,+16.471, +3.490,+0.964
1684430400,+3.12,+16.505, +3.466,+0.964
1684430520,+3.12,+16.496, +3.450,+0.964
1684430640,+3.12,+16.547, +3.426,+0.964
1684430760,+3.12,+16.581, +3.412,+0.964
1684430880,+3.12,+16.590, +3.407,+0.964
1684431000,+3.12,+16.624, +3.402,+0.964
1684431120,+3.12,+16.641, +3.396,+0.964
1684431240,+3.12,+16.666, +3.395,+0.964
1684431360,+3.11,+16.700, +3.396,+0.964
1684431480,+3.11,+16.717, +3.391,+0.964
1684431600,+3.12,+16.743, +3.387,+0.964
1684431720,+3.12,+16.777, +3.368,+0.964
1684431840,+3.12,+16.811, +3.351,+0.964
1684431960,+3.12,+16.870, +3.333,+0.964
1684432080,+3.12,+16.862, +3.322,+0.964
1684432200,+3.12,+16.878, +3.319,+0.964
1684432320,+3.12,+16.912, +3.304,+0.964
1684432440,+3.12,+16.955, +3.296,+0.964
1684432560,+3.12,+16.989, +3.282,+0.964
1684432680,+3.12,+17.014, +3.264,+0.964
1684432800,+3.12,+17.006, +3.241,+0.963
1684432920,+3.12,+17.040, +3.213,+0.964
1684433040,+3.12,+17.048, +2.988,+0.964
1684433160,+3.12,+17.073, +3.057,+0.964
1684433280,+3.12,+17.116, +3.124,+0.964
1684433400,+3.12,+17.133, +3.167,+0.964
1684433520,+3.12,+17.158, +3.193,+0.964
1684433640,+3.12,+17.175, +3.204,+0.964
1684433760,+3.12,+17.209, +3.201,+0.964
1684433880,+3.12,+17.217, +3.217,+0.964
1684434000,+3.12,+17.243, +3.239,+0.964
1684434120,+3.12,+17.268, +3.271,+0.964
1684434240,+3.12,+17.294, +3.288,+0.964
1684434360,+3.12,+17.294, +3.270,+0.963
1684434480,+3.12,+17.328, +3.284,+0.964
1684434600,+3.12,+17.336, +3.208,+0.964
1684434720,+3.12,+17.344, +3.180,+0.964
1684434840,+3.12,+17.378, +3.190,+0.964
1684434960,+3.12,+17.387, +3.164,+0.964
1684435080,+3.12,+17.421, +3.153,+0.964
1684435200,+3.12,+17.480, +3.143,+0.964
1684435320,+3.12,+17.454, +3.129,+0.964
1684435440,+3.12,+17.463, +3.094,+0.964
1684435560,+3.12,+17.463, +3.071,+0.963
1684435680,+3.12,+17.497, +3.062,+0.963
1684435800,+3.12,+17.514, +3.061,+0.964
1684435920,+3.11,+17.556, +3.072,+0.964
1684436040,+3.11,+17.581, +3.072,+0.964
1684436160,+3.11,+17.573, +3.052,+0.964
1684436280,+3.11,+17.556, +3.036,+0.964
1684436400,+3.11,+17.598, +3.023,+0.964
1684436520,+3.11,+17.598, +3.048,+0.964
1684436640,+3.11,+17.623, +3.072,+0.964
1684436760,+3.11,+17.674, +3.079,+0.964
