7450-401396
OS REV: 1.05 Sensor Cal: 1618512290
Time (sec),  BV (Volts),  T (deg C),  DO (mg/l),  Q ()
1684782960,+3.11,+19.860, +5.410,+0.961
1684783080,+3.11,+19.826, +5.346,+0.962
1684783200,+3.11,+19.944, +5.460,+0.961
1684783320,+3.11,+19.919, +5.469,+0.961
1684783440,+3.11,+19.927, +5.477,+0.961
1684783560,+3.11,+19.919, +5.475,+0.961
1684783680,+3.11,+19.893, +5.412,+0.962
1684783800,+3.11,+19.910, +5.368,+0.961
1684783920,+3.11,+19.944, +5.376,+0.962
1684784040,+3.11,+19.977, +5.422,+0.962
1684784160,+3.11,+19.960, +5.412,+0.961
1684784280,+3.11,+19.986, +5.389,+0.961
1684784400,+3.11,+19.994, +5.373,+0.961
1684784520,+3.11,+20.027, +5.382,+0.961
1684784640,+3.11,+20.019, +5.374,+0.961
1684784760,+3.11,+20.044, +5.380,+0.961
1684784880,+3.11,+20.069, +5.388,+0.961
1684785000,+3.11,+20.061, +5.391,+0.961
1684785120,+3.11,+20.086, +5.422,+0.961
1684785240,+3.11,+20.103, +5.423,+0.962
1684785360,+3.11,+20.128, +5.400,+0.961
1684785480,+3.11,+20.111, +5.382,+0.961
1684785600,+3.11,+20.128, +5.337,+0.961
1684785720,+3.11,+20.120, +5.318,+0.961
1684785840,+3.11,+20.128, +5.275,+0.962
1684785960,+3.11,+20.111, +5.262,+0.961
1684786080,+3.11,+20.153, +5.275,+0.961
1684786200,+3.11,+20.145, +5.254,+0.961
1684786320,+3.11,+20.153, +5.241,+0.961
1684786440,+3.11,+20.170, +5.246,+0.962
1684786560,+3.11,+20.195, +5.263,+0.961
1684786680,+3.11,+20.195, +5.270,+0.961
1684786800,+3.11,+20.212, +5.251,+0.961
1684786920,+3.11,+20.220, +5.284,+0.962
1684787040,+3.11,+20.253, +5.261,+0.961
1684787160,+3.11,+20.237, +5.221,+0.961
1684787280,+3.11,+20.237, +5.197,+0.961
1684787400,+3.11,+20.245, +5.192,+0.961
1684787520,+3.11,+20.253, +5.198,+0.961
1684787640,+3.11,+20.270, +5.167,+0.961
1684787760,+3.11,+20.279, +5.126,+0.961
1684787880,+3.11,+20.270, +5.124,+0.961
1684788000,+3.11,+20.279, +5.110,+0.961
1684788120,+3.11,+20.262, +5.082,+0.961
1684788240,+3.11,+20.295, +5.059,+0.961
1684788360,+3.11,+20.279, +5.049,+0.961
1684788480,+3.11,+20.287, +5.059,+0.961
1684788600,+3.11,+20.295, +5.060,+0.961
1684788720,+3.11,+20.304, +5.079,+0.960
1684788840,+3.11,+20.320, +5.078,+0.960
1684788960,+3.11,+20.329, +5.088,+0.960
1684789080,+3.11,+20.346, +5.121,+0.960
1684789200,+3.11,+20.346, +5.139,+0.960
1684789320,+3.11,+20.362, +5.214,+0.960
1684789440,+3.11,+20.362, +5.190,+0.960
1684789560,+3.11,+20.371, +5.230,+0.961
1684789680,+3.11,+20.346, +5.183,+0.960
1684789800,+3.11,+20.371, +5.145,+0.961
1684789920,+3.11,+20.362, +5.099,+0.961
1684790040,+3.11,+20.387, +5.085,+0.961
1684790160,+3.11,+20.379, +5.056,+0.961
1684790280,+3.11,+20.362, +5.020,+0.961
1684790400,+3.11,+20.371, +5.004,+0.961
1684790520,+3.11,+20.396, +4.998,+0.961
1684790640,+3.11,+20.404, +5.043,+0.961
1684790760,+3.11,+20.396, +5.034,+0.961
1684790880,+3.11,+20.379, +4.976,+0.962
1684791000,+3.11,+20.404, +4.938,+0.961
1684791120,+3.11,+20.413, +4.916,+0.961
1684791240,+3.11,+20.404, +4.915,+0.961
1684791360,+3.11,+20.413, +4.877,+0.961
1684791480,+3.11,+20.413, +4.877,+0.961
1684791600,+3.11,+20.429, +4.846,+0.961
1684791720,+3.11,+20.413, +4.810,+0.961
1684791840,+3.11,+20.429, +4.812,+0.961
1684791960,+3.11,+20.421, +4.814,+0.961
1684792080,+3.11,+20.421, +4.794,+0.961
1684792200,+3.11,+20.438, +4.814,+0.961
1684792320,+3.11,+20.446, +4.804,+0.961
1684792440,+3.11,+20.438, +4.784,+0.961
1684792560,+3.11,+20.413, +4.779,+0.961
1684792680,+3.11,+20.429, +4.772,+0.961
1684792800,+3.11,+20.438, +4.783,+0.961
1684792920,+3.11,+20.446, +4.794,+0.961
1684793040,+3.11,+20.446, +4.757,+0.962
1684793160,+3.11,+20.463, +4.884,+0.962
1684793280,+3.11,+20.454, +4.931,+0.961
1684793400,+3.11,+20.438, +4.962,+0.962
1684793520,+3.11,+20.438, +4.971,+0.962
1684793640,+3.11,+20.404, +4.973,+0.962
1684793760,+3.11,+20.438, +4.973,+0.961
1684793880,+3.11,+20.454, +4.989,+0.962
1684794000,+3.11,+20.438, +5.048,+0.962
1684794120,+3.11,+20.421, +5.067,+0.961
1684794240,+3.11,+20.421, +5.075,+0.961
1684794360,+3.11,+20.446, +5.074,+0.961
1684794480,+3.11,+20.438, +5.101,+0.961
1684794600,+3.11,+20.429, +5.197,+0.961
1684794720,+3.11,+20.421, +5.197,+0.961
1684794840,+3.11,+20.429, +5.187,+0.961
1684794960,+3.11,+20.421, +5.237,+0.962
1684795080,+3.11,+20.446, +5.252,+0.961
1684795200,+3.11,+20.429, +5.221,+0.961
1684795320,+3.11,+20.429, +5.216,+0.961
1684795440,+3.11,+20.404, +5.204,+0.961
1684795560,+3.11,+20.421, +5.186,+0.961
1684795680,+3.11,+20.413, +5.186,+0.961
1684795800,+3.11,+20.413, +5.178,+0.961
1684795920,+3.11,+20.396, +5.180,+0.961
1684796040,+3.11,+20.404, +5.177,+0.961
1684796160,+3.11,+20.413, +5.149,+0.961
1684796280,+3.11,+20.396, +5.139,+0.961
1684796400,+3.11,+20.396, +5.131,+0.961
1684796520,+3.11,+20.387, +5.119,+0.961
1684796640,+3.11,+20.387, +5.098,+0.961
1684796760,+3.11,+20.379, +5.099,+0.961
1684796880,+3.11,+20.379, +5.133,+0.961
1684797000,+3.11,+20.371, +5.206,+0.961
1684797120,+3.11,+20.354, +5.220,+0.961
1684797240,+3.11,+20.371, +5.305,+0.961
1684797360,+3.11,+20.354, +5.357,+0.961
1684797480,+3.11,+20.346, +5.401,+0.961
1684797600,+3.11,+20.354, +5.450,+0.961
1684797720,+3.11,+20.337, +5.487,+0.961
1684797840,+3.11,+20.346, +5.527,+0.961
1684797960,+3.11,+20.346, +5.561,+0.961
1684798080,+3.11,+20.346, +5.583,+0.961
1684798200,+3.11,+20.329, +5.619,+0.961
1684798320,+3.11,+20.320, +5.653,+0.961
1684798440,+3.11,+20.320, +5.682,+0.962
1684798560,+3.11,+20.304, +5.718,+0.962
1684798680,+3.11,+20.329, +5.742,+0.961
1684798800,+3.11,+20.320, +5.760,+0.961
1684798920,+3.11,+20.320, +5.766,+0.962
1684799040,+3.11,+20.287, +5.771,+0.962
1684799160,+3.11,+20.295, +5.768,+0.962
1684799280,+3.11,+20.287, +5.762,+0.962
1684799400,+3.11,+20.262, +5.754,+0.962
1684799520,+3.11,+20.279, +5.740,+0.962
1684799640,+3.11,+20.203, +5.566,+0.962
1684799760,+3.11,+20.237, +5.713,+0.961
1684799880,+3.11,+20.228, +5.877,+0.961
1684800000,+3.11,+20.212, +5.906,+0.961
1684800120,+3.11,+20.195, +5.929,+0.961
1684800240,+3.11,+20.203, +5.933,+0.961
1684800360,+3.11,+20.195, +5.932,+0.961
1684800480,+3.11,+20.170, +5.864,+0.961
1684800600,+3.11,+20.170, +5.917,+0.961
1684800720,+3.11,+20.170, +5.873,+0.961
1684800840,+3.11,+20.128, +5.835,+0.961
1684800960,+3.11,+20.136, +5.815,+0.961
1684801080,+3.11,+20.128, +5.821,+0.961
1684801200,+3.11,+20.111, +5.806,+0.961
1684801320,+3.11,+20.094, +5.779,+0.961
1684801440,+3.11,+20.078, +5.764,+0.962
1684801560,+3.11,+20.044, +5.625,+0.962
1684801680,+3.11,+20.053, +5.792,+0.961
1684801800,+3.11,+20.053, +5.946,+0.962
1684801920,+3.11,+20.036, +5.964,+0.961
1684802040,+3.11,+20.036, +5.942,+0.961
1684802160,+3.11,+20.011, +5.882,+0.961
1684802280,+3.11,+19.994, +5.818,+0.961
1684802400,+3.11,+19.960, +5.797,+0.961
1684802520,+3.11,+19.952, +5.778,+0.962
1684802640,+3.11,+19.944, +5.755,+0.961
1684802760,+3.11,+19.919, +5.749,+0.962
1684802880,+3.11,+19.919, +5.728,+0.961
1684803000,+3.11,+19.893, +5.710,+0.961
1684803120,+3.11,+19.902, +5.691,+0.962
1684803240,+3.11,+19.877, +5.660,+0.961
1684803360,+3.11,+19.818, +5.649,+0.962
1684803480,+3.11,+19.818, +5.625,+0.962
1684803600,+3.11,+19.818, +5.586,+0.962
1684803720,+3.11,+19.784, +5.553,+0.962
1684803840,+3.11,+19.759, +5.498,+0.961
1684803960,+3.11,+19.759, +5.442,+0.962
1684804080,+3.11,+19.734, +5.399,+0.962
1684804200,+3.11,+19.717, +5.384,+0.962
1684804320,+3.11,+19.692, +5.357,+0.962
1684804440,+3.11,+19.684, +5.330,+0.962
1684804560,+3.11,+19.667, +5.318,+0.962
1684804680,+3.11,+19.642, +5.323,+0.962
1684804800,+3.11,+19.625, +5.315,+0.962
1684804920,+3.11,+19.617, +5.302,+0.962
1684805040,+3.11,+19.608, +5.274,+0.962
1684805160,+3.11,+19.558, +5.252,+0.962
1684805280,+3.11,+19.533, +5.324,+0.962
1684805400,+3.11,+19.533, +5.463,+0.962
1684805520,+3.11,+19.508, +5.554,+0.962
1684805640,+3.11,+19.491, +5.535,+0.961
1684805760,+3.11,+19.499, +5.466,+0.962
1684805880,+3.11,+19.458, +5.406,+0.962
1684806000,+3.11,+19.458, +5.374,+0.961
1684806120,+3.11,+19.424, +5.359,+0.962
1684806240,+3.11,+19.399, +5.368,+0.961
1684806360,+3.11,+19.382, +5.361,+0.962
1684806480,+3.11,+19.399, +5.293,+0.962
1684806600,+3.11,+19.357, +5.235,+0.962
1684806720,+3.11,+19.332, +5.172,+0.962
1684806840,+3.11,+19.323, +5.126,+0.962
1684806960,+3.11,+19.307, +5.068,+0.962
1684807080,+3.11,+19.298, +5.130,+0.962
1684807200,+3.11,+19.273, +5.251,+0.962
1684807320,+3.11,+19.273, +5.304,+0.961
1684807440,+3.11,+19.239, +5.352,+0.962
1684807560,+3.11,+19.223, +5.463,+0.961
1684807680,+3.11,+19.197, +5.661,+0.961
1684807800,+3.11,+19.197, +5.812,+0.961
1684807920,+3.11,+19.172, +5.939,+0.961
1684808040,+3.11,+19.172, +6.036,+0.961
1684808160,+3.11,+19.156, +6.127,+0.961
1684808280,+3.11,+19.114, +6.202,+0.961
1684808400,+3.11,+19.114, +6.223,+0.961
1684808520,+3.11,+19.088, +6.107,+0.961
1684808640,+3.11,+19.080, +5.994,+0.962
1684808760,+3.11,+19.072, +5.914,+0.961
1684808880,+3.11,+19.055, +5.869,+0.961
1684809000,+3.11,+19.030, +5.849,+0.961
1684809120,+3.11,+19.013, +5.856,+0.962
1684809240,+3.11,+19.013, +5.869,+0.962
1684809360,+3.11,+18.988, +5.939,+0.961
1684809480,+3.11,+18.979, +6.042,+0.962
1684809600,+3.11,+18.971, +6.148,+0.961
1684809720,+3.11,+18.962, +6.227,+0.961
1684809840,+3.11,+18.929, +6.239,+0.962
1684809960,+3.11,+18.929, +6.188,+0.961
1684810080,+3.11,+18.912, +6.160,+0.961
1684810200,+3.11,+18.895, +6.142,+0.961
1684810320,+3.11,+18.887, +6.156,+0.961
1684810440,+3.11,+18.878, +6.190,+0.961
1684810560,+3.11,+18.853, +6.223,+0.961
1684810680,+3.11,+18.845, +6.249,+0.961
1684810800,+3.11,+18.820, +6.279,+0.962
1684810920,+3.11,+18.803, +6.329,+0.961
1684811040,+3.11,+18.786, +6.337,+0.961
1684811160,+3.11,+18.769, +6.330,+0.961
1684811280,+3.11,+18.752, +6.327,+0.961
1684811400,+3.11,+18.761, +6.322,+0.961
1684811520,+3.11,+18.736, +6.345,+0.961
1684811640,+3.11,+18.719, +6.353,+0.961
1684811760,+3.11,+18.719, +6.347,+0.961
1684811880,+3.11,+18.702, +6.359,+0.962
1684812000,+3.11,+18.668, +6.347,+0.961
1684812120,+3.11,+18.660, +6.348,+0.961
1684812240,+3.11,+18.651, +6.310,+0.961
1684812360,+3.11,+18.626, +6.295,+0.961
1684812480,+3.11,+18.626, +6.259,+0.962
1684812600,+3.11,+18.609, +6.223,+0.961
1684812720,+3.11,+18.601, +6.173,+0.961
1684812840,+3.11,+18.609, +6.152,+0.961
1684812960,+3.11,+18.584, +6.177,+0.962
1684813080,+3.11,+18.559, +6.196,+0.961
1684813200,+3.11,+18.559, +6.223,+0.961
1684813320,+3.11,+18.525, +6.251,+0.962
1684813440,+3.11,+18.500, +6.263,+0.961
1684813560,+3.11,+18.500, +6.271,+0.961
1684813680,+3.11,+18.508, +6.251,+0.961
1684813800,+3.11,+18.466, +6.240,+0.961
1684813920,+3.11,+18.458, +6.212,+0.961
1684814040,+3.11,+18.433, +6.165,+0.961
1684814160,+3.11,+18.424, +6.170,+0.962
1684814280,+3.11,+18.416, +6.199,+0.961
1684814400,+3.11,+18.391, +6.225,+0.961
1684814520,+3.11,+18.374, +6.228,+0.961
1684814640,+3.11,+18.365, +6.246,+0.961
1684814760,+3.11,+18.365, +6.266,+0.961
1684814880,+3.11,+18.340, +6.294,+0.961
1684815000,+3.11,+18.340, +6.292,+0.961
1684815120,+3.11,+18.323, +6.285,+0.962
1684815240,+3.11,+18.315, +6.254,+0.961
1684815360,+3.11,+18.306, +6.237,+0.961
1684815480,+3.11,+18.264, +6.283,+0.961
1684815600,+3.11,+18.281, +6.286,+0.961
1684815720,+3.11,+18.273, +6.288,+0.962
1684815840,+3.11,+18.239, +6.262,+0.961
1684815960,+3.11,+18.248, +6.228,+0.961
1684816080,+3.11,+18.231, +6.174,+0.961
1684816200,+3.11,+18.189, +6.241,+0.962
1684816320,+3.11,+18.197, +6.222,+0.962
1684816440,+3.11,+18.172, +6.231,+0.962
1684816560,+3.11,+18.163, +6.191,+0.961
1684816680,+3.11,+18.172, +6.126,+0.962
1684816800,+3.11,+18.146, +6.100,+0.961
1684816920,+3.11,+18.130, +6.090,+0.961
1684817040,+3.11,+18.121, +6.130,+0.961
1684817160,+3.11,+18.113, +6.171,+0.962
1684817280,+3.11,+18.087, +6.195,+0.961
1684817400,+3.11,+18.087, +6.213,+0.961
1684817520,+3.11,+18.079, +6.232,+0.961
1684817640,+3.11,+18.062, +6.225,+0.961
1684817760,+3.11,+18.045, +6.212,+0.961
1684817880,+3.11,+18.045, +6.190,+0.961
1684818000,+3.11,+18.028, +6.175,+0.962
1684818120,+3.11,+18.028, +6.159,+0.961
1684818240,+3.11,+18.012, +6.165,+0.961
1684818360,+3.11,+17.995, +6.187,+0.962
1684818480,+3.11,+17.986, +6.201,+0.962
1684818600,+3.11,+17.978, +6.214,+0.961
1684818720,+3.11,+17.969, +6.230,+0.962
1684818840,+3.11,+17.961, +6.238,+0.961
1684818960,+3.11,+17.944, +6.242,+0.961
1684819080,+3.11,+17.927, +6.241,+0.962
1684819200,+3.11,+17.910, +6.247,+0.962
1684819320,+3.11,+17.902, +6.239,+0.961
1684819440,+3.11,+17.877, +6.285,+0.962
1684819560,+3.11,+17.868, +6.287,+0.961
1684819680,+3.11,+17.868, +6.289,+0.961
1684819800,+3.11,+17.851, +6.299,+0.961
1684819920,+3.11,+17.834, +6.283,+0.962
1684820040,+3.11,+17.834, +6.242,+0.961
1684820160,+3.11,+17.826, +6.207,+0.961
1684820280,+3.11,+17.801, +6.169,+0.962
1684820400,+3.11,+17.818, +6.160,+0.961
1684820520,+3.11,+17.801, +6.165,+0.961
1684820640,+3.11,+17.792, +6.171,+0.962
1684820760,+3.11,+17.784, +6.175,+0.961
1684820880,+3.11,+17.784, +6.182,+0.961
1684821000,+3.11,+17.750, +6.191,+0.961
1684821120,+3.11,+17.750, +6.065,+0.961
1684821240,+3.11,+17.742, +5.956,+0.961
1684821360,+3.11,+17.742, +5.999,+0.961
1684821480,+3.11,+17.725, +5.995,+0.962
1684821600,+3.11,+17.699, +5.904,+0.962
1684821720,+3.11,+17.699, +5.911,+0.962
1684821840,+3.11,+17.691, +6.018,+0.961
1684821960,+3.11,+17.683, +6.070,+0.962
1684822080,+3.11,+17.683, +6.094,+0.961
1684822200,+3.11,+17.657, +6.113,+0.962
1684822320,+3.11,+17.657, +6.120,+0.962
1684822440,+3.11,+17.657, +6.138,+0.962
1684822560,+3.11,+17.640, +6.152,+0.961
1684822680,+3.11,+17.623, +6.149,+0.961
1684822800,+3.11,+17.623, +6.137,+0.961
1684822920,+3.11,+17.615, +6.113,+0.962
1684823040,+3.11,+17.581, +6.102,+0.961
1684823160,+3.11,+17.598, +6.098,+0.961
1684823280,+3.11,+17.598, +6.107,+0.962
1684823400,+3.11,+17.581, +6.116,+0.961
1684823520,+3.11,+17.556, +6.142,+0.962
1684823640,+3.11,+17.556, +6.157,+0.962
1684823760,+3.11,+17.547, +6.177,+0.962
1684823880,+3.11,+17.539, +6.197,+0.962
1684824000,+3.11,+17.522, +6.215,+0.961
1684824120,+3.11,+17.522, +6.209,+0.962
1684824240,+3.11,+17.514, +6.198,+0.961
1684824360,+3.11,+17.514, +6.199,+0.962
1684824480,+3.11,+17.497, +6.213,+0.962
1684824600,+3.11,+17.488, +6.222,+0.962
1684824720,+3.11,+17.480, +6.218,+0.962
1684824840,+3.11,+17.480, +6.209,+0.961
1684824960,+3.11,+17.463, +6.199,+0.961
1684825080,+3.11,+17.463, +6.194,+0.961
1684825200,+3.11,+17.446, +6.184,+0.962
1684825320,+3.11,+17.437, +6.170,+0.961
1684825440,+3.11,+17.429, +6.149,+0.962
1684825560,+3.11,+17.412, +6.151,+0.962
1684825680,+3.11,+17.387, +6.126,+0.962
1684825800,+3.11,+17.404, +6.095,+0.961
1684825920,+3.11,+17.387, +6.083,+0.962
1684826040,+3.11,+17.395, +6.076,+0.962
1684826160,+3.11,+17.378, +6.105,+0.962
1684826280,+3.11,+17.370, +6.100,+0.962
1684826400,+3.11,+17.353, +6.087,+0.962
1684826520,+3.11,+17.353, +6.058,+0.962
1684826640,+3.11,+17.336, +6.043,+0.962
1684826760,+3.11,+17.328, +6.035,+0.962
1684826880,+3.11,+17.344, +6.018,+0.962
1684827000,+3.11,+17.311, +6.020,+0.961
1684827120,+3.11,+17.319, +6.011,+0.961
1684827240,+3.11,+17.294, +6.036,+0.962
1684827360,+3.11,+17.277, +6.072,+0.962
1684827480,+3.11,+17.294, +6.101,+0.962
1684827600,+3.11,+17.268, +6.106,+0.962
1684827720,+3.11,+17.277, +6.090,+0.962
1684827840,+3.11,+17.268, +6.103,+0.961
1684827960,+3.11,+17.251, +6.123,+0.962
1684828080,+3.11,+17.234, +6.118,+0.961
1684828200,+3.11,+17.226, +6.117,+0.962
1684828320,+3.11,+17.217, +6.092,+0.962
1684828440,+3.11,+17.234, +6.071,+0.961
1684828560,+3.11,+17.217, +6.069,+0.962
1684828680,+3.11,+17.201, +6.051,+0.962
1684828800,+3.11,+17.192, +6.031,+0.961
1684828920,+3.11,+17.184, +6.038,+0.961
1684829040,+3.11,+17.184, +6.046,+0.961
1684829160,+3.11,+17.167, +6.046,+0.962
1684829280,+3.11,+17.184, +6.040,+0.961
1684829400,+3.11,+17.150, +6.057,+0.962
1684829520,+3.11,+17.158, +6.107,+0.962
1684829640,+3.11,+17.150, +6.164,+0.962
1684829760,+3.11,+17.133, +6.187,+0.961
1684829880,+3.11,+17.124, +6.208,+0.962
1684830000,+3.11,+17.116, +6.202,+0.961
1684830120,+3.11,+17.124, +6.174,+0.962
1684830240,+3.11,+17.099, +6.157,+0.961
1684830360,+3.11,+17.090, +6.149,+0.962
1684830480,+3.11,+17.090, +6.128,+0.962
1684830600,+3.11,+17.090, +6.106,+0.962
1684830720,+3.11,+17.090, +6.092,+0.962
1684830840,+3.11,+17.065, +6.103,+0.962
1684830960,+3.11,+17.031, +6.110,+0.962
1684831080,+3.11,+17.040, +6.105,+0.961
1684831200,+3.11,+17.031, +6.078,+0.962
1684831320,+3.11,+17.006, +6.077,+0.962
1684831440,+3.11,+17.040, +6.036,+0.962
1684831560,+3.11,+17.014, +6.028,+0.962
1684831680,+3.11,+17.006, +6.041,+0.962
1684831800,+3.11,+16.997, +6.039,+0.961
1684831920,+3.11,+17.006, +6.036,+0.961
1684832040,+3.11,+16.972, +6.064,+0.962
1684832160,+3.11,+16.980, +6.072,+0.961
1684832280,+3.11,+16.989, +6.074,+0.962
1684832400,+3.11,+16.980, +6.075,+0.962
1684832520,+3.11,+16.972, +6.064,+0.962
1684832640,+3.11,+16.972, +6.056,+0.962
1684832760,+3.11,+16.946, +6.051,+0.962
1684832880,+3.11,+16.963, +6.030,+0.962
1684833000,+3.11,+16.946, +6.024,+0.962
1684833120,+3.11,+16.938, +6.018,+0.962
1684833240,+3.11,+16.938, +5.999,+0.961
1684833360,+3.11,+16.929, +5.991,+0.962
1684833480,+3.11,+16.912, +5.975,+0.962
1684833600,+3.11,+16.912, +5.953,+0.962
1684833720,+3.11,+16.904, +5.962,+0.962
1684833840,+3.11,+16.895, +5.995,+0.962
1684833960,+3.12,+16.887, +6.021,+0.962
1684834080,+3.11,+16.887, +6.027,+0.962
1684834200,+3.12,+16.895, +6.036,+0.962
1684834320,+3.11,+16.870, +6.029,+0.962
1684834440,+3.11,+16.845, +6.020,+0.962
1684834560,+3.11,+16.845, +6.007,+0.962
1684834680,+3.11,+16.836, +6.005,+0.962
1684834800,+3.11,+16.836, +5.977,+0.961
1684834920,+3.11,+16.845, +5.962,+0.962
1684835040,+3.11,+16.836, +5.991,+0.962
1684835160,+3.11,+16.819, +6.027,+0.962
1684835280,+3.11,+16.802, +6.057,+0.962
1684835400,+3.11,+16.819, +6.071,+0.962
1684835520,+3.11,+16.802, +6.070,+0.962
1684835640,+3.11,+16.819, +6.055,+0.962
1684835760,+3.11,+16.794, +6.045,+0.962
1684835880,+3.11,+16.785, +6.045,+0.962
1684836000,+3.11,+16.794, +6.047,+0.962
1684836120,+3.11,+16.785, +6.053,+0.962
1684836240,+3.11,+16.743, +5.901,+0.962
1684836360,+3.11,+16.760, +5.975,+0.961
1684836480,+3.11,+16.760, +6.010,+0.962
1684836600,+3.11,+16.760, +6.016,+0.962
1684836720,+3.11,+16.751, +5.992,+0.962
1684836840,+3.11,+16.743, +6.092,+0.962
1684836960,+3.11,+16.743, +6.089,+0.962
1684837080,+3.11,+16.734, +6.078,+0.962
1684837200,+3.11,+16.726, +6.071,+0.962
1684837320,+3.11,+16.692, +6.073,+0.962
1684837440,+3.11,+16.700, +6.049,+0.962
1684837560,+3.11,+16.700, +6.006,+0.961
1684837680,+3.11,+16.700, +5.992,+0.961
1684837800,+3.11,+16.683, +5.999,+0.962
1684837920,+3.11,+16.675, +5.985,+0.962
1684838040,+3.11,+16.683, +5.991,+0.962
1684838160,+3.11,+16.641, +5.995,+0.962
1684838280,+3.11,+16.632, +6.009,+0.962
1684838400,+3.11,+16.649, +6.024,+0.962
1684838520,+3.11,+16.632, +6.032,+0.962
1684838640,+3.11,+16.641, +6.032,+0.962
1684838760,+3.11,+16.624, +6.054,+0.962
1684838880,+3.11,+16.641, +6.048,+0.962
1684839000,+3.11,+16.632, +6.040,+0.962
1684839120,+3.11,+16.641, +6.033,+0.962
1684839240,+3.11,+16.624, +6.041,+0.962
1684839360,+3.11,+16.615, +6.036,+0.962
1684839480,+3.11,+16.607, +6.016,+0.962
1684839600,+3.11,+16.632, +5.971,+0.962
1684839720,+3.11,+16.632, +5.960,+0.962
1684839840,+3.11,+16.615, +5.945,+0.962
1684839960,+3.11,+16.598, +5.938,+0.962
1684840080,+3.11,+16.598, +5.931,+0.962
1684840200,+3.11,+16.607, +5.918,+0.962
1684840320,+3.11,+16.590, +5.897,+0.962
1684840440,+3.11,+16.607, +5.877,+0.962
1684840560,+3.11,+16.607, +5.858,+0.962
1684840680,+3.11,+16.581, +5.863,+0.962
1684840800,+3.11,+16.598, +5.849,+0.962
1684840920,+3.11,+16.590, +5.863,+0.962
1684841040,+3.11,+16.590, +5.870,+0.962
1684841160,+3.11,+16.581, +5.883,+0.962
1684841280,+3.11,+16.573, +5.897,+0.962
1684841400,+3.11,+16.581, +5.889,+0.962
1684841520,+3.11,+16.556, +5.884,+0.962
1684841640,+3.11,+16.547, +5.886,+0.962
1684841760,+3.11,+16.573, +5.868,+0.962
1684841880,+3.11,+16.564, +5.853,+0.962
1684842000,+3.11,+16.581, +5.829,+0.961
1684842120,+3.11,+16.556, +5.855,+0.962
1684842240,+3.11,+16.547, +5.873,+0.962
1684842360,+3.11,+16.564, +5.857,+0.962
1684842480,+3.11,+16.556, +5.859,+0.962
1684842600,+3.11,+16.556, +5.878,+0.962
1684842720,+3.11,+16.556, +5.887,+0.962
1684842840,+3.11,+16.556, +5.877,+0.962
1684842960,+3.11,+16.564, +5.864,+0.962
1684843080,+3.11,+16.564, +5.839,+0.962
1684843200,+3.11,+16.556, +5.835,+0.962
1684843320,+3.11,+16.564, +5.843,+0.962
1684843440,+3.11,+16.564, +5.853,+0.962
1684843560,+3.11,+16.556, +5.839,+0.962
1684843680,+3.11,+16.547, +5.835,+0.962
1684843800,+3.11,+16.564, +5.818,+0.962
1684843920,+3.11,+16.556, +5.822,+0.962
1684844040,+3.11,+16.556, +5.832,+0.962
1684844160,+3.11,+16.564, +5.843,+0.962
1684844280,+3.11,+16.547, +5.852,+0.962
1684844400,+3.11,+16.564, +5.840,+0.962
1684844520,+3.11,+16.564, +5.826,+0.962
1684844640,+3.11,+16.573, +5.800,+0.962
1684844760,+3.11,+16.573, +5.803,+0.962
1684844880,+3.11,+16.556, +5.796,+0.962
1684845000,+3.11,+16.581, +5.774,+0.962
1684845120,+3.11,+16.581, +5.764,+0.962
1684845240,+3.11,+16.573, +5.773,+0.962
1684845360,+3.11,+16.590, +5.765,+0.962
1684845480,+3.11,+16.564, +5.761,+0.961
1684845600,+3.11,+16.598, +5.757,+0.962
1684845720,+3.11,+16.581, +5.762,+0.962
1684845840,+3.11,+16.598, +5.757,+0.962
1684845960,+3.11,+16.598, +5.746,+0.962
1684846080,+3.11,+16.590, +5.751,+0.962
1684846200,+3.11,+16.607, +5.751,+0.962
1684846320,+3.11,+16.598, +5.760,+0.962
1684846440,+3.11,+16.615, +5.765,+0.962
1684846560,+3.11,+16.598, +5.769,+0.962
1684846680,+3.11,+16.615, +5.761,+0.962
1684846800,+3.11,+16.607, +5.751,+0.962
1684846920,+3.11,+16.598, +5.753,+0.962
1684847040,+3.11,+16.615, +5.755,+0.962
1684847160,+3.11,+16.624, +5.731,+0.962
1684847280,+3.11,+16.615, +5.717,+0.962
1684847400,+3.11,+16.624, +5.678,+0.962
1684847520,+3.11,+16.607, +5.653,+0.962
1684847640,+3.11,+16.632, +5.688,+0.962
1684847760,+3.11,+16.632, +5.712,+0.962
1684847880,+3.11,+16.658, +5.722,+0.962
1684848000,+3.11,+16.666, +5.725,+0.962
1684848120,+3.11,+16.658, +5.727,+0.962
1684848240,+3.11,+16.658, +5.733,+0.962
1684848360,+3.11,+16.683, +5.737,+0.962
1684848480,+3.11,+16.692, +5.763,+0.962
1684848600,+3.11,+16.675, +5.784,+0.962
1684848720,+3.11,+16.700, +5.808,+0.962
1684848840,+3.11,+16.700, +5.836,+0.962
1684848960,+3.11,+16.709, +5.872,+0.962
1684849080,+3.11,+16.726, +5.896,+0.962
1684849200,+3.11,+16.726, +5.924,+0.962
1684849320,+3.11,+16.726, +5.943,+0.961
1684849440,+3.11,+16.751, +5.982,+0.962
1684849560,+3.11,+16.751, +6.004,+0.962
1684849680,+3.11,+16.777, +6.029,+0.962
1684849800,+3.11,+16.785, +6.055,+0.961
1684849920,+3.11,+16.768, +6.060,+0.962
1684850040,+3.11,+16.768, +6.009,+0.962
1684850160,+3.11,+16.760, +5.974,+0.962
1684850280,+3.11,+16.777, +5.942,+0.962
1684850400,+3.11,+16.768, +5.923,+0.961
1684850520,+3.11,+16.785, +5.934,+0.962
1684850640,+3.11,+16.785, +5.762,+0.962
1684850760,+3.11,+16.777, +5.798,+0.962
1684850880,+3.11,+16.785, +5.811,+0.962
1684851000,+3.11,+16.785, +5.822,+0.962
1684851120,+3.11,+16.802, +5.828,+0.962
1684851240,+3.11,+16.819, +5.817,+0.962
1684851360,+3.11,+16.828, +5.856,+0.962
1684851480,+3.11,+16.845, +5.889,+0.962
1684851600,+3.11,+16.845, +5.904,+0.962
1684851720,+3.11,+16.853, +5.904,+0.962
1684851840,+3.11,+16.845, +5.910,+0.962
1684851960,+3.11,+16.853, +5.910,+0.962
1684852080,+3.11,+16.862, +5.909,+0.962
1684852200,+3.11,+16.887, +5.906,+0.962
1684852320,+3.11,+16.878, +5.904,+0.962
1684852440,+3.11,+16.878, +5.912,+0.962
1684852560,+3.11,+16.912, +5.898,+0.961
1684852680,+3.11,+16.895, +5.904,+0.962
1684852800,+3.11,+16.912, +5.901,+0.962
1684852920,+3.11,+16.938, +5.890,+0.961
1684853040,+3.11,+16.929, +5.889,+0.962
1684853160,+3.11,+16.938, +5.879,+0.961
1684853280,+3.11,+16.972, +5.872,+0.962
1684853400,+3.11,+16.963, +5.872,+0.962
1684853520,+3.11,+16.972, +5.849,+0.961
1684853640,+3.11,+16.989, +5.846,+0.962
1684853760,+3.11,+16.989, +5.841,+0.962
1684853880,+3.11,+16.989, +5.831,+0.962
1684854000,+3.11,+16.997, +5.815,+0.962
1684854120,+3.11,+16.997, +5.803,+0.962
1684854240,+3.11,+17.014, +5.791,+0.962
1684854360,+3.11,+17.048, +5.790,+0.962
1684854480,+3.11,+17.031, +5.776,+0.962
1684854600,+3.11,+17.023, +5.772,+0.962
1684854720,+3.11,+17.057, +5.762,+0.962
1684854840,+3.11,+17.048, +5.765,+0.962
1684854960,+3.11,+17.065, +5.741,+0.962
1684855080,+3.11,+17.082, +5.737,+0.962
1684855200,+3.11,+17.065, +5.750,+0.962
1684855320,+3.11,+17.107, +5.736,+0.961
1684855440,+3.11,+17.116, +5.741,+0.962
1684855560,+3.11,+17.116, +5.735,+0.962
1684855680,+3.11,+17.141, +5.714,+0.961
1684855800,+3.11,+17.158, +5.713,+0.962
1684855920,+3.11,+17.158, +5.717,+0.962
1684856040,+3.11,+17.184, +5.709,+0.962
1684856160,+3.11,+17.184, +5.703,+0.962
1684856280,+3.11,+17.184, +5.692,+0.962
1684856400,+3.11,+17.217, +5.680,+0.962
1684856520,+3.11,+17.217, +5.677,+0.962
1684856640,+3.11,+17.217, +5.660,+0.962
1684856760,+3.11,+17.243, +5.657,+0.962
1684856880,+3.11,+17.243, +5.634,+0.962
1684857000,+3.11,+17.260, +5.626,+0.962
1684857120,+3.11,+17.294, +5.620,+0.962
1684857240,+3.11,+17.319, +5.605,+0.962
1684857360,+3.11,+17.319, +5.593,+0.962
1684857480,+3.11,+17.336, +5.575,+0.962
1684857600,+3.11,+17.361, +5.581,+0.962
1684857720,+3.11,+17.378, +5.571,+0.962
1684857840,+3.11,+17.378, +5.565,+0.962
1684857960,+3.11,+17.387, +5.554,+0.962
1684858080,+3.11,+17.412, +5.545,+0.962
1684858200,+3.11,+17.412, +5.560,+0.962
1684858320,+3.11,+17.429, +5.539,+0.962
1684858440,+3.11,+17.463, +5.528,+0.962
1684858560,+3.11,+17.488, +5.523,+0.962
1684858680,+3.11,+17.488, +5.509,+0.962
1684858800,+3.11,+17.505, +5.497,+0.962
1684858920,+3.11,+17.539, +5.471,+0.961
1684859040,+3.11,+17.539, +5.470,+0.962
1684859160,+3.11,+17.564, +5.451,+0.962
1684859280,+3.11,+17.590, +5.441,+0.962
1684859400,+3.11,+17.606, +5.427,+0.962
1684859520,+3.11,+17.632, +5.411,+0.962
1684859640,+3.11,+17.657, +5.403,+0.962
1684859760,+3.11,+17.657, +5.406,+0.962
1684859880,+3.11,+17.691, +5.383,+0.962
1684860000,+3.11,+17.708, +5.360,+0.961
1684860120,+3.11,+17.742, +5.354,+0.962
1684860240,+3.11,+17.759, +5.342,+0.962
1684860360,+3.11,+17.784, +5.313,+0.962
1684860480,+3.11,+17.801, +5.301,+0.962
1684860600,+3.11,+17.818, +5.279,+0.962
1684860720,+3.11,+17.826, +5.252,+0.962
1684860840,+3.11,+17.851, +5.227,+0.962
1684860960,+3.11,+17.851, +5.200,+0.962
1684861080,+3.11,+17.868, +5.167,+0.962
1684861200,+3.11,+17.910, +5.151,+0.962
1684861320,+3.11,+17.910, +5.145,+0.962
1684861440,+3.11,+17.936, +5.139,+0.962
1684861560,+3.11,+17.961, +5.131,+0.962
1684861680,+3.11,+17.969, +5.134,+0.962
1684861800,+3.11,+18.012, +5.144,+0.962
1684861920,+3.11,+18.045, +5.156,+0.962
1684862040,+3.11,+18.062, +5.201,+0.962
1684862160,+3.11,+18.062, +5.237,+0.962
1684862280,+3.11,+18.104, +5.261,+0.962
1684862400,+3.11,+18.121, +5.271,+0.962
1684862520,+3.11,+18.155, +5.276,+0.962
1684862640,+3.11,+18.163, +5.277,+0.962
1684862760,+3.11,+18.172, +5.299,+0.962
1684862880,+3.11,+18.197, +5.314,+0.962
1684863000,+3.11,+18.222, +5.318,+0.962
1684863120,+3.11,+18.248, +5.341,+0.962
1684863240,+3.11,+18.273, +5.356,+0.961
1684863360,+3.11,+18.281, +5.361,+0.961
1684863480,+3.11,+18.306, +5.375,+0.962
1684863600,+3.11,+18.315, +5.391,+0.962
1684863720,+3.11,+18.332, +5.383,+0.962
1684863840,+3.11,+18.357, +5.376,+0.962
1684863960,+3.11,+18.365, +5.378,+0.962
1684864080,+3.11,+18.399, +5.362,+0.962
1684864200,+3.11,+18.416, +5.343,+0.962
1684864320,+3.11,+18.450, +5.314,+0.962
1684864440,+3.11,+18.458, +5.300,+0.961
1684864560,+3.11,+18.475, +5.283,+0.962
1684864680,+3.11,+18.500, +5.266,+0.962
1684864800,+3.11,+18.500, +5.249,+0.962
1684864920,+3.11,+18.551, +5.229,+0.962
1684865040,+3.11,+18.559, +5.044,+0.962
1684865160,+3.11,+18.542, +5.067,+0.962
1684865280,+3.11,+18.567, +5.057,+0.962
1684865400,+3.11,+18.576, +5.035,+0.962
1684865520,+3.11,+18.601, +5.014,+0.962
1684865640,+3.11,+18.618, +5.016,+0.962
1684865760,+3.11,+18.635, +5.003,+0.962
1684865880,+3.11,+18.635, +4.972,+0.962
1684866000,+3.11,+18.660, +4.929,+0.962
1684866120,+3.11,+18.685, +4.919,+0.962
1684866240,+3.11,+18.710, +4.939,+0.962
1684866360,+3.11,+18.736, +4.941,+0.962
1684866480,+3.11,+18.761, +4.949,+0.962
1684866600,+3.11,+18.769, +4.962,+0.962
1684866720,+3.11,+18.786, +4.969,+0.962
1684866840,+3.11,+18.828, +4.958,+0.961
1684866960,+3.11,+18.836, +4.968,+0.962
1684867080,+3.11,+18.862, +4.983,+0.962
1684867200,+3.11,+18.887, +4.985,+0.962
1684867320,+3.11,+18.904, +4.988,+0.962
1684867440,+3.11,+18.937, +4.995,+0.962
1684867560,+3.11,+18.962, +4.960,+0.962
1684867680,+3.11,+18.971, +4.941,+0.961
1684867800,+3.11,+18.954, +4.902,+0.962
1684867920,+3.11,+18.996, +4.858,+0.962
1684868040,+3.11,+19.004, +4.771,+0.962
1684868160,+3.11,+18.988, +4.728,+0.962
1684868280,+3.11,+19.004, +4.655,+0.962
1684868400,+3.11,+19.004, +4.605,+0.962
1684868520,+3.11,+19.013, +4.574,+0.962
1684868640,+3.11,+19.004, +4.557,+0.962
1684868760,+3.11,+19.013, +4.548,+0.962
1684868880,+3.11,+19.021, +4.534,+0.962
1684869000,+3.11,+18.988, +4.565,+0.962
1684869120,+3.11,+19.030, +4.662,+0.962
1684869240,+3.11,+19.046, +4.720,+0.962
1684869360,+3.11,+19.072, +4.764,+0.962
