7450-401396
OS REV: 1.05 Sensor Cal: 1618512290
Time (sec),  BV (Volts),  T (deg C),  DO (mg/l),  Q ()
1693261920,+3.03,+22.621, +8.435,+0.951
1693262040,+3.03,+22.596, +8.445,+0.951
1693262160,+3.03,+22.579, +8.452,+0.951
1693262280,+3.03,+22.545, +8.446,+0.951
1693262400,+3.03,+22.537, +8.446,+0.951
1693262520,+3.03,+22.504, +8.452,+0.951
1693262640,+3.03,+22.495, +8.456,+0.951
1693262760,+3.03,+22.487, +8.455,+0.951
1693262880,+3.03,+22.478, +8.449,+0.950
1693263000,+3.03,+22.470, +8.451,+0.950
1693263120,+3.03,+22.445, +8.470,+0.951
1693263240,+3.03,+22.453, +8.460,+0.951
1693263360,+3.03,+22.428, +8.453,+0.950
1693263480,+3.03,+22.403, +8.485,+0.952
1693263600,+3.03,+22.403, +8.462,+0.950
1693263720,+3.03,+22.378, +8.469,+0.951
1693263840,+3.03,+22.370, +8.466,+0.950
1693263960,+3.03,+22.320, +8.486,+0.951
1693264080,+3.03,+22.311, +8.490,+0.951
1693264200,+3.03,+22.311, +8.478,+0.951
1693264320,+3.03,+22.286, +8.488,+0.951
1693264440,+3.03,+22.269, +8.487,+0.951
1693264560,+3.03,+22.261, +8.488,+0.951
1693264680,+3.03,+22.244, +8.493,+0.951
1693264800,+3.03,+22.194, +8.506,+0.951
1693264920,+3.03,+22.169, +8.511,+0.951
1693265040,+3.03,+22.169, +8.509,+0.951
1693265160,+3.03,+22.161, +8.518,+0.951
1693265280,+3.03,+22.144, +8.517,+0.951
1693265400,+3.02,+22.161, +8.506,+0.951
1693265520,+3.03,+22.161, +8.504,+0.951
1693265640,+3.02,+22.135, +8.512,+0.951
1693265760,+3.02,+22.135, +8.513,+0.951
1693265880,+3.02,+22.127, +8.514,+0.951
1693266000,+3.02,+22.119, +8.509,+0.951
1693266120,+3.02,+22.085, +8.521,+0.951
1693266240,+3.02,+22.069, +8.524,+0.951
1693266360,+3.02,+22.069, +8.520,+0.951
1693266480,+3.02,+22.069, +8.525,+0.951
1693266600,+3.02,+22.060, +8.514,+0.950
1693266720,+3.02,+22.060, +8.515,+0.950
1693266840,+3.02,+22.044, +8.531,+0.951
1693266960,+3.02,+22.060, +8.522,+0.951
1693267080,+3.02,+22.044, +8.524,+0.951
1693267200,+3.02,+22.035, +8.535,+0.951
1693267320,+3.02,+22.035, +8.526,+0.951
1693267440,+3.02,+22.027, +8.517,+0.950
1693267560,+3.02,+22.035, +8.531,+0.951
1693267680,+3.02,+22.035, +8.520,+0.950
1693267800,+3.02,+22.052, +8.524,+0.951
1693267920,+3.02,+22.035, +8.522,+0.951
1693268040,+3.02,+22.010, +8.536,+0.951
1693268160,+3.02,+22.035, +8.522,+0.951
1693268280,+3.02,+22.035, +8.528,+0.951
1693268400,+3.02,+22.010, +8.530,+0.951
1693268520,+3.02,+22.010, +8.527,+0.950
1693268640,+3.02,+22.002, +8.532,+0.951
1693268760,+3.02,+22.010, +8.524,+0.950
1693268880,+3.02,+21.985, +8.532,+0.950
1693269000,+3.02,+21.977, +8.519,+0.950
1693269120,+3.02,+21.952, +8.541,+0.950
1693269240,+3.02,+21.960, +8.526,+0.950
1693269360,+3.02,+21.926, +8.548,+0.951
1693269480,+3.02,+21.935, +8.542,+0.951
1693269600,+3.02,+21.910, +8.548,+0.950
1693269720,+3.02,+21.910, +8.546,+0.950
1693269840,+3.02,+21.885, +8.549,+0.950
1693269960,+3.02,+21.901, +8.550,+0.950
1693270080,+3.02,+21.885, +8.551,+0.950
1693270200,+3.02,+21.885, +8.546,+0.950
1693270320,+3.02,+21.876, +8.557,+0.951
1693270440,+3.02,+21.885, +8.544,+0.950
1693270560,+3.02,+21.876, +8.540,+0.950
1693270680,+3.02,+21.876, +8.553,+0.950
1693270800,+3.02,+21.851, +8.561,+0.951
1693270920,+3.02,+21.876, +8.550,+0.951
1693271040,+3.02,+21.851, +8.557,+0.951
1693271160,+3.02,+21.851, +8.553,+0.950
1693271280,+3.02,+21.843, +8.564,+0.951
1693271400,+3.02,+21.834, +8.559,+0.951
1693271520,+3.03,+21.818, +8.557,+0.950
1693271640,+3.02,+21.801, +8.567,+0.951
1693271760,+3.02,+21.809, +8.553,+0.950
1693271880,+3.03,+21.801, +8.570,+0.951
1693272000,+3.03,+21.784, +8.564,+0.950
1693272120,+3.02,+21.793, +8.565,+0.950
1693272240,+3.03,+21.784, +8.561,+0.950
1693272360,+3.03,+21.768, +8.573,+0.951
1693272480,+3.03,+21.784, +8.565,+0.950
1693272600,+3.02,+21.784, +8.559,+0.950
1693272720,+3.03,+21.784, +8.566,+0.951
1693272840,+3.03,+21.776, +8.563,+0.950
1693272960,+3.02,+21.776, +8.574,+0.951
1693273080,+3.02,+21.784, +8.559,+0.950
1693273200,+3.02,+21.793, +8.571,+0.951
1693273320,+3.03,+21.776, +8.566,+0.950
1693273440,+3.03,+21.776, +8.566,+0.950
1693273560,+3.03,+21.768, +8.580,+0.951
1693273680,+3.03,+21.759, +8.570,+0.950
1693273800,+3.03,+21.768, +8.568,+0.951
1693273920,+3.03,+21.768, +8.552,+0.950
1693274040,+3.03,+21.742, +8.572,+0.950
1693274160,+3.03,+21.742, +8.568,+0.950
1693274280,+3.03,+21.759, +8.564,+0.950
1693274400,+3.03,+21.742, +8.563,+0.950
1693274520,+3.03,+21.751, +8.578,+0.951
1693274640,+3.03,+21.759, +8.562,+0.950
1693274760,+3.03,+21.768, +8.570,+0.951
1693274880,+3.03,+21.776, +8.568,+0.951
1693275000,+3.02,+21.776, +8.568,+0.951
1693275120,+3.02,+21.768, +8.571,+0.951
1693275240,+3.03,+21.776, +8.568,+0.951
1693275360,+3.03,+21.759, +8.569,+0.950
1693275480,+3.03,+21.776, +8.562,+0.950
1693275600,+3.03,+21.759, +8.576,+0.951
1693275720,+3.03,+21.776, +8.558,+0.950
1693275840,+3.02,+21.784, +8.561,+0.950
1693275960,+3.03,+21.768, +8.567,+0.950
1693276080,+3.03,+21.768, +8.558,+0.950
1693276200,+3.03,+21.784, +8.553,+0.950
1693276320,+3.03,+21.759, +8.574,+0.951
1693276440,+3.03,+21.768, +8.569,+0.951
1693276560,+3.03,+21.759, +8.566,+0.950
1693276680,+3.03,+21.776, +8.564,+0.950
1693276800,+3.03,+21.759, +8.566,+0.950
1693276920,+3.03,+21.759, +8.569,+0.950
1693277040,+3.03,+21.759, +8.570,+0.951
1693277160,+3.03,+21.784, +8.556,+0.950
1693277280,+3.03,+21.768, +8.567,+0.950
1693277400,+3.03,+21.759, +8.571,+0.951
1693277520,+3.03,+21.759, +8.570,+0.951
1693277640,+3.03,+21.751, +8.573,+0.951
1693277760,+3.03,+21.742, +8.581,+0.951
1693277880,+3.03,+21.742, +8.565,+0.950
1693278000,+3.03,+21.726, +8.576,+0.951
1693278120,+3.03,+21.742, +8.564,+0.950
1693278240,+3.03,+21.751, +8.567,+0.951
1693278360,+3.03,+21.742, +8.569,+0.950
1693278480,+3.03,+21.759, +8.560,+0.950
1693278600,+3.03,+21.734, +8.574,+0.950
1693278720,+3.02,+21.759, +8.576,+0.951
1693278840,+3.03,+21.751, +8.569,+0.950
1693278960,+3.02,+21.759, +8.567,+0.950
1693279080,+3.02,+21.784, +8.562,+0.951
1693279200,+3.02,+21.784, +8.559,+0.950
1693279320,+3.02,+21.776, +8.569,+0.951
1693279440,+3.03,+21.768, +8.571,+0.951
1693279560,+3.03,+21.768, +8.565,+0.950
1693279680,+3.02,+21.801, +8.560,+0.951
1693279800,+3.02,+21.801, +8.553,+0.950
1693279920,+3.02,+21.793, +8.567,+0.951
1693280040,+3.02,+21.818, +8.549,+0.950
1693280160,+3.02,+21.834, +8.553,+0.950
1693280280,+3.02,+21.826, +8.557,+0.951
1693280400,+3.02,+21.818, +8.557,+0.951
1693280520,+3.02,+21.826, +8.556,+0.950
1693280640,+3.02,+21.826, +8.561,+0.951
1693280760,+3.02,+21.834, +8.563,+0.951
1693280880,+3.02,+21.843, +8.547,+0.950
1693281000,+3.02,+21.843, +8.556,+0.951
1693281120,+3.02,+21.843, +8.551,+0.950
1693281240,+3.02,+21.860, +8.557,+0.951
1693281360,+3.02,+21.868, +8.551,+0.951
1693281480,+3.02,+21.876, +8.547,+0.951
1693281600,+3.02,+21.868, +8.554,+0.951
1693281720,+3.02,+21.885, +8.546,+0.951
1693281840,+3.02,+21.868, +8.547,+0.950
1693281960,+3.02,+21.876, +8.545,+0.950
1693282080,+3.02,+21.876, +8.556,+0.951
1693282200,+3.02,+21.868, +8.550,+0.951
1693282320,+3.02,+21.860, +8.553,+0.950
1693282440,+3.02,+21.876, +8.544,+0.950
1693282560,+3.02,+21.860, +8.554,+0.951
1693282680,+3.02,+21.851, +8.563,+0.951
1693282800,+3.02,+21.834, +8.550,+0.950
1693282920,+3.02,+21.826, +8.555,+0.950
1693283040,+3.02,+21.843, +8.558,+0.951
1693283160,+3.02,+21.834, +8.560,+0.951
1693283280,+3.02,+21.818, +8.559,+0.951
1693283400,+3.02,+21.809, +8.564,+0.951
1693283520,+3.02,+21.793, +8.561,+0.950
1693283640,+3.03,+21.784, +8.570,+0.951
1693283760,+3.02,+21.784, +8.563,+0.951
1693283880,+3.02,+21.784, +8.562,+0.950
1693284000,+3.02,+21.776, +8.566,+0.951
1693284120,+3.03,+21.768, +8.569,+0.950
1693284240,+3.02,+21.776, +8.571,+0.951
1693284360,+3.02,+21.768, +8.570,+0.951
1693284480,+3.02,+21.768, +8.572,+0.951
1693284600,+3.02,+21.759, +8.567,+0.951
1693284720,+3.03,+21.759, +8.569,+0.951
1693284840,+3.03,+21.751, +8.566,+0.950
1693284960,+3.03,+21.751, +8.566,+0.950
1693285080,+3.03,+21.734, +8.572,+0.950
1693285200,+3.03,+21.726, +8.567,+0.950
1693285320,+3.03,+21.742, +8.572,+0.951
1693285440,+3.03,+21.726, +8.572,+0.950
1693285560,+3.02,+21.751, +8.568,+0.951
1693285680,+3.03,+21.734, +8.582,+0.951
1693285800,+3.03,+21.742, +8.564,+0.950
1693285920,+3.03,+21.742, +8.579,+0.951
1693286040,+3.03,+21.726, +8.580,+0.951
1693286160,+3.02,+21.751, +8.571,+0.951
1693286280,+3.03,+21.734, +8.579,+0.951
1693286400,+3.03,+21.734, +8.571,+0.951
1693286520,+3.03,+21.717, +8.572,+0.950
1693286640,+3.03,+21.709, +8.583,+0.951
1693286760,+3.03,+21.709, +8.570,+0.950
1693286880,+3.03,+21.701, +8.575,+0.951
1693287000,+3.03,+21.684, +8.573,+0.950
1693287120,+3.03,+21.701, +8.579,+0.951
1693287240,+3.03,+21.701, +8.587,+0.951
1693287360,+3.03,+21.701, +8.575,+0.951
1693287480,+3.03,+21.709, +8.569,+0.950
1693287600,+3.03,+21.701, +8.590,+0.952
1693287720,+3.03,+21.709, +8.578,+0.951
1693287840,+3.03,+21.701, +8.573,+0.951
1693287960,+3.03,+21.701, +8.572,+0.951
1693288080,+3.03,+21.701, +8.565,+0.950
1693288200,+3.03,+21.692, +8.575,+0.951
1693288320,+3.03,+21.676, +8.576,+0.950
1693288440,+3.03,+21.676, +8.583,+0.951
1693288560,+3.03,+21.676, +8.574,+0.950
1693288680,+3.03,+21.676, +8.569,+0.950
1693288800,+3.03,+21.676, +8.578,+0.951
1693288920,+3.03,+21.667, +8.573,+0.950
1693289040,+3.03,+21.667, +8.575,+0.951
1693289160,+3.03,+21.642, +8.578,+0.950
1693289280,+3.03,+21.650, +8.579,+0.951
1693289400,+3.03,+21.634, +8.588,+0.951
1693289520,+3.03,+21.634, +8.591,+0.951
1693289640,+3.03,+21.625, +8.590,+0.951
1693289760,+3.03,+21.625, +8.582,+0.951
1693289880,+3.03,+21.625, +8.586,+0.951
1693290000,+3.03,+21.617, +8.584,+0.951
1693290120,+3.03,+21.609, +8.579,+0.950
1693290240,+3.03,+21.600, +8.588,+0.950
1693290360,+3.03,+21.625, +8.563,+0.950
1693290480,+3.03,+21.625, +8.578,+0.951
1693290600,+3.03,+21.617, +8.578,+0.951
1693290720,+3.03,+21.600, +8.581,+0.950
1693290840,+3.03,+21.600, +8.583,+0.950
1693290960,+3.03,+21.592, +8.587,+0.951
1693291080,+3.03,+21.584, +8.588,+0.951
1693291200,+3.03,+21.592, +8.599,+0.952
1693291320,+3.03,+21.600, +8.580,+0.951
1693291440,+3.03,+21.584, +8.586,+0.951
1693291560,+3.03,+21.584, +8.580,+0.950
1693291680,+3.03,+21.575, +8.583,+0.950
1693291800,+3.03,+21.575, +8.589,+0.951
1693291920,+3.03,+21.567, +8.586,+0.951
1693292040,+3.03,+21.558, +8.586,+0.950
1693292160,+3.03,+21.542, +8.592,+0.951
1693292280,+3.03,+21.550, +8.599,+0.951
1693292400,+3.03,+21.558, +8.593,+0.951
1693292520,+3.03,+21.575, +8.585,+0.951
1693292640,+3.03,+21.558, +8.588,+0.950
1693292760,+3.03,+21.558, +8.585,+0.951
1693292880,+3.03,+21.550, +8.597,+0.951
1693293000,+3.03,+21.542, +8.590,+0.951
1693293120,+3.03,+21.533, +8.598,+0.951
1693293240,+3.03,+21.542, +8.591,+0.951
1693293360,+3.03,+21.533, +8.596,+0.951
1693293480,+3.03,+21.525, +8.596,+0.951
1693293600,+3.03,+21.533, +8.593,+0.951
1693293720,+3.03,+21.533, +8.589,+0.950
1693293840,+3.03,+21.542, +8.582,+0.950
1693293960,+3.03,+21.550, +8.579,+0.950
1693294080,+3.03,+21.533, +8.603,+0.951
1693294200,+3.03,+21.542, +8.583,+0.950
1693294320,+3.03,+21.550, +8.584,+0.950
1693294440,+3.03,+21.525, +8.597,+0.951
1693294560,+3.03,+21.525, +8.595,+0.951
1693294680,+3.03,+21.542, +8.596,+0.951
1693294800,+3.03,+21.525, +8.593,+0.950
1693294920,+3.03,+21.533, +8.593,+0.951
1693295040,+3.03,+21.533, +8.590,+0.950
1693295160,+3.03,+21.525, +8.592,+0.950
1693295280,+3.03,+21.525, +8.592,+0.951
1693295400,+3.03,+21.533, +8.593,+0.951
1693295520,+3.03,+21.542, +8.586,+0.951
1693295640,+3.03,+21.525, +8.596,+0.951
1693295760,+3.03,+21.525, +8.594,+0.951
1693295880,+3.03,+21.550, +8.587,+0.951
1693296000,+3.03,+21.542, +8.589,+0.951
1693296120,+3.03,+21.525, +8.588,+0.950
1693296240,+3.03,+21.550, +8.569,+0.950
1693296360,+3.03,+21.517, +8.589,+0.950
1693296480,+3.03,+21.517, +8.601,+0.951
1693296600,+3.03,+21.525, +8.586,+0.950
1693296720,+3.03,+21.517, +8.584,+0.950
1693296840,+3.03,+21.533, +8.590,+0.951
1693296960,+3.03,+21.525, +8.584,+0.950
1693297080,+3.03,+21.508, +8.592,+0.951
1693297200,+3.03,+21.525, +8.579,+0.950
1693297320,+3.03,+21.508, +8.592,+0.951
1693297440,+3.03,+21.517, +8.592,+0.951
1693297560,+3.03,+21.508, +8.594,+0.951
1693297680,+3.03,+21.508, +8.586,+0.950
1693297800,+3.03,+21.533, +8.579,+0.950
1693297920,+3.03,+21.517, +8.584,+0.950
1693298040,+3.03,+21.508, +8.586,+0.950
1693298160,+3.03,+21.508, +8.586,+0.950
1693298280,+3.03,+21.492, +8.592,+0.951
1693298400,+3.03,+21.508, +8.589,+0.951
1693298520,+3.03,+21.508, +8.591,+0.951
1693298640,+3.03,+21.508, +8.583,+0.950
1693298760,+3.03,+21.500, +8.591,+0.951
1693298880,+3.03,+21.500, +8.589,+0.951
1693299000,+3.03,+21.492, +8.582,+0.950
1693299120,+3.03,+21.508, +8.585,+0.950
1693299240,+3.03,+21.500, +8.598,+0.951
1693299360,+3.03,+21.483, +8.601,+0.951
1693299480,+3.03,+21.492, +8.599,+0.951
1693299600,+3.03,+21.492, +8.597,+0.951
1693299720,+3.03,+21.492, +8.597,+0.951
1693299840,+3.03,+21.500, +8.595,+0.951
1693299960,+3.03,+21.500, +8.583,+0.950
1693300080,+3.03,+21.508, +8.588,+0.951
1693300200,+3.03,+21.500, +8.591,+0.951
1693300320,+3.03,+21.508, +8.583,+0.950
1693300440,+3.03,+21.517, +8.582,+0.950
1693300560,+3.03,+21.500, +8.587,+0.950
1693300680,+3.03,+21.517, +8.577,+0.950
1693300800,+3.03,+21.508, +8.586,+0.951
1693300920,+3.03,+21.492, +8.590,+0.951
1693301040,+3.03,+21.492, +8.590,+0.951
1693301160,+3.03,+21.483, +8.598,+0.951
1693301280,+3.03,+21.467, +8.593,+0.950
1693301400,+3.03,+21.467, +8.602,+0.951
1693301520,+3.03,+21.475, +8.589,+0.950
1693301640,+3.03,+21.475, +8.585,+0.950
1693301760,+3.03,+21.467, +8.596,+0.951
1693301880,+3.03,+21.483, +8.588,+0.950
1693302000,+3.03,+21.475, +8.596,+0.951
1693302120,+3.03,+21.458, +8.598,+0.951
1693302240,+3.03,+21.458, +8.600,+0.951
1693302360,+3.03,+21.467, +8.595,+0.950
1693302480,+3.03,+21.475, +8.598,+0.951
1693302600,+3.03,+21.475, +8.601,+0.951
1693302720,+3.03,+21.483, +8.595,+0.951
1693302840,+3.03,+21.475, +8.599,+0.951
1693302960,+3.03,+21.458, +8.602,+0.951
1693303080,+3.03,+21.467, +8.594,+0.951
1693303200,+3.03,+21.458, +8.594,+0.950
1693303320,+3.03,+21.483, +8.600,+0.951
1693303440,+3.03,+21.467, +8.600,+0.951
1693303560,+3.03,+21.467, +8.610,+0.951
1693303680,+3.03,+21.467, +8.593,+0.950
1693303800,+3.03,+21.441, +8.601,+0.951
1693303920,+3.03,+21.433, +8.611,+0.951
1693304040,+3.03,+21.433, +8.598,+0.950
1693304160,+3.03,+21.441, +8.604,+0.951
1693304280,+3.03,+21.441, +8.602,+0.951
1693304400,+3.03,+21.441, +8.600,+0.950
1693304520,+3.03,+21.450, +8.597,+0.951
1693304640,+3.03,+21.425, +8.603,+0.951
1693304760,+3.03,+21.441, +8.600,+0.951
1693304880,+3.03,+21.433, +8.599,+0.950
1693305000,+3.03,+21.425, +8.594,+0.950
1693305120,+3.03,+21.441, +8.596,+0.950
1693305240,+3.03,+21.441, +8.598,+0.950
1693305360,+3.03,+21.441, +8.605,+0.951
1693305480,+3.03,+21.408, +8.613,+0.951
1693305600,+3.03,+21.433, +8.600,+0.950
1693305720,+3.03,+21.433, +8.601,+0.951
1693305840,+3.03,+21.450, +8.590,+0.950
1693305960,+3.03,+21.425, +8.601,+0.951
1693306080,+3.03,+21.416, +8.609,+0.951
1693306200,+3.03,+21.416, +8.603,+0.950
1693306320,+3.03,+21.416, +8.612,+0.951
1693306440,+3.03,+21.416, +8.607,+0.951
1693306560,+3.03,+21.400, +8.613,+0.951
1693306680,+3.03,+21.425, +8.604,+0.951
1693306800,+3.03,+21.416, +8.615,+0.951
1693306920,+3.03,+21.416, +8.608,+0.951
1693307040,+3.03,+21.425, +8.614,+0.951
1693307160,+3.03,+21.425, +8.606,+0.951
1693307280,+3.03,+21.433, +8.604,+0.951
1693307400,+3.03,+21.458, +8.596,+0.950
1693307520,+3.03,+21.467, +8.601,+0.951
1693307640,+3.03,+21.492, +8.595,+0.951
1693307760,+3.03,+21.500, +8.595,+0.951
1693307880,+3.03,+21.500, +8.596,+0.951
1693308000,+3.03,+21.517, +8.601,+0.951
1693308120,+3.03,+21.533, +8.589,+0.951
1693308240,+3.03,+21.550, +8.601,+0.952
1693308360,+3.03,+21.592, +8.580,+0.951
1693308480,+3.03,+21.600, +8.574,+0.951
1693308600,+3.03,+21.609, +8.585,+0.951
1693308720,+3.03,+21.634, +8.568,+0.951
1693308840,+3.03,+21.634, +8.577,+0.951
1693308960,+3.03,+21.659, +8.564,+0.951
1693309080,+3.03,+21.667, +8.576,+0.951
1693309200,+3.03,+21.676, +8.567,+0.951
1693309320,+3.03,+21.701, +8.558,+0.951
1693309440,+3.03,+21.684, +8.570,+0.951
1693309560,+3.03,+21.692, +8.565,+0.951
1693309680,+3.03,+21.684, +8.571,+0.951
1693309800,+3.03,+21.684, +8.563,+0.951
1693309920,+3.03,+21.692, +8.558,+0.950
1693310040,+3.03,+21.709, +8.561,+0.951
1693310160,+3.03,+21.692, +8.567,+0.951
1693310280,+3.03,+21.692, +8.567,+0.951
1693310400,+3.03,+21.709, +8.554,+0.951
1693310520,+3.03,+21.709, +8.561,+0.951
1693310640,+3.02,+21.709, +8.566,+0.951
1693310760,+3.03,+21.709, +8.567,+0.951
1693310880,+3.03,+21.717, +8.564,+0.951
1693311000,+3.02,+21.734, +8.554,+0.951
1693311120,+3.02,+21.742, +8.557,+0.951
1693311240,+3.03,+21.734, +8.571,+0.951
1693311360,+3.02,+21.759, +8.551,+0.951
1693311480,+3.02,+21.768, +8.546,+0.950
1693311600,+3.02,+21.776, +8.545,+0.950
1693311720,+3.02,+21.818, +8.547,+0.951
1693311840,+3.02,+21.818, +8.554,+0.951
1693311960,+3.02,+21.834, +8.547,+0.951
1693312080,+3.02,+21.876, +8.544,+0.951
1693312200,+3.02,+21.885, +8.546,+0.951
1693312320,+3.02,+21.901, +8.539,+0.951
1693312440,+3.02,+21.910, +8.529,+0.951
1693312560,+3.02,+21.910, +8.532,+0.951
1693312680,+3.02,+21.893, +8.535,+0.951
1693312800,+3.02,+21.901, +8.534,+0.951
1693312920,+3.02,+21.910, +8.537,+0.951
1693313040,+3.02,+21.926, +8.537,+0.951
1693313160,+3.02,+21.926, +8.527,+0.951
1693313280,+3.02,+21.952, +8.521,+0.951
1693313400,+3.02,+21.968, +8.527,+0.951
1693313520,+3.02,+21.968, +8.531,+0.951
1693313640,+3.02,+22.010, +8.516,+0.951
1693313760,+3.02,+22.027, +8.527,+0.951
1693313880,+3.02,+22.060, +8.520,+0.951
1693314000,+3.02,+22.094, +8.511,+0.951
1693314120,+3.02,+22.127, +8.509,+0.951
1693314240,+3.02,+22.177, +8.505,+0.952
1693314360,+3.03,+22.194, +8.503,+0.951
1693314480,+3.03,+22.244, +8.486,+0.951
1693314600,+3.03,+22.253, +8.482,+0.951
1693314720,+3.03,+22.269, +8.486,+0.952
1693314840,+3.03,+22.311, +8.487,+0.952
1693314960,+3.03,+22.361, +8.466,+0.951
1693315080,+3.03,+22.420, +8.462,+0.951
1693315200,+3.03,+22.470, +8.447,+0.951
1693315320,+3.03,+22.520, +8.449,+0.951
1693315440,+3.03,+22.596, +8.441,+0.952
1693315560,+3.02,+22.654, +8.424,+0.951
1693315680,+3.02,+22.713, +8.417,+0.951
1693315800,+3.02,+22.780, +8.408,+0.952
1693315920,+3.02,+22.805, +8.415,+0.952
1693316040,+3.02,+22.830, +8.401,+0.952
1693316160,+3.02,+22.880, +8.396,+0.952
1693316280,+3.02,+22.947, +8.394,+0.952
1693316400,+3.02,+23.031, +8.384,+0.952
1693316520,+3.02,+23.140, +8.376,+0.953
1693316640,+3.02,+23.232, +8.354,+0.952
1693316760,+3.03,+23.315, +8.338,+0.952
1693316880,+3.03,+23.374, +8.323,+0.952
1693317000,+3.03,+23.382, +8.328,+0.952
1693317120,+3.03,+23.391, +8.330,+0.952
1693317240,+3.03,+23.433, +8.319,+0.952
1693317360,+3.03,+23.491, +8.307,+0.952
1693317480,+3.03,+23.558, +8.290,+0.952
1693317600,+3.02,+23.600, +8.303,+0.953
1693317720,+3.02,+23.642, +8.296,+0.953
1693317840,+3.02,+23.684, +8.281,+0.952
1693317960,+3.02,+23.734, +8.271,+0.953
1693318080,+3.02,+23.776, +8.273,+0.953
1693318200,+3.02,+23.818, +8.261,+0.953
1693318320,+3.02,+23.860, +8.250,+0.952
1693318440,+3.02,+23.919, +8.245,+0.953
1693318560,+3.02,+23.961, +8.231,+0.952
1693318680,+3.02,+23.978, +8.238,+0.953
1693318800,+3.02,+23.986, +8.230,+0.952
1693318920,+3.02,+23.978, +8.223,+0.953
1693319040,+3.02,+24.011, +8.233,+0.953
1693319160,+3.02,+24.045, +8.224,+0.952
1693319280,+3.02,+24.070, +8.222,+0.952
1693319400,+3.02,+24.103, +8.214,+0.952
1693319520,+3.02,+24.137, +8.219,+0.953
1693319640,+3.02,+24.187, +8.206,+0.953
1693319760,+3.02,+24.179, +8.208,+0.952
1693319880,+3.02,+24.213, +8.200,+0.953
1693320000,+3.02,+24.179, +8.206,+0.952
1693320120,+3.02,+24.179, +8.206,+0.952
1693320240,+3.02,+24.179, +8.207,+0.953
1693320360,+3.02,+24.196, +8.205,+0.953
1693320480,+3.02,+24.221, +8.205,+0.953
1693320600,+3.02,+24.246, +8.205,+0.953
1693320720,+3.02,+24.246, +8.196,+0.952
1693320840,+3.02,+24.246, +8.197,+0.953
1693320960,+3.02,+24.179, +8.202,+0.952
1693321080,+3.02,+24.137, +8.209,+0.952
1693321200,+3.02,+24.120, +8.211,+0.952
1693321320,+3.02,+24.103, +8.204,+0.952
1693321440,+3.02,+24.053, +8.227,+0.952
1693321560,+3.02,+24.053, +8.226,+0.952
1693321680,+3.02,+24.011, +8.226,+0.952
1693321800,+3.02,+24.020, +8.217,+0.952
1693321920,+3.02,+23.969, +8.230,+0.952
1693322040,+3.02,+24.020, +8.226,+0.952
1693322160,+3.02,+24.103, +8.228,+0.953
1693322280,+3.02,+24.204, +8.199,+0.952
1693322400,+3.02,+24.288, +8.206,+0.953
1693322520,+3.02,+24.397, +8.192,+0.952
1693322640,+3.02,+24.490, +8.163,+0.952
1693322760,+3.02,+24.532, +8.167,+0.952
1693322880,+3.02,+24.574, +8.170,+0.953
1693323000,+3.02,+24.624, +8.157,+0.952
1693323120,+3.02,+24.641, +8.156,+0.953
1693323240,+3.02,+24.641, +8.157,+0.952
1693323360,+3.02,+24.700, +8.158,+0.953
1693323480,+3.02,+24.700, +8.150,+0.952
1693323600,+3.02,+24.666, +8.157,+0.952
1693323720,+3.02,+24.683, +8.143,+0.951
1693323840,+3.02,+24.675, +8.155,+0.953
1693323960,+3.02,+24.666, +8.163,+0.953
1693324080,+3.02,+24.717, +8.149,+0.952
1693324200,+3.02,+24.750, +8.144,+0.952
1693324320,+3.02,+24.801, +8.139,+0.952
1693324440,+3.02,+24.792, +8.139,+0.952
1693324560,+3.02,+24.834, +8.149,+0.952
1693324680,+3.02,+24.969, +8.120,+0.952
1693324800,+3.02,+25.019, +8.111,+0.953
1693324920,+3.02,+25.053, +8.108,+0.952
1693325040,+3.02,+25.053, +8.106,+0.953
1693325160,+3.02,+25.078, +8.102,+0.953
1693325280,+3.02,+25.095, +8.097,+0.953
1693325400,+3.02,+25.112, +8.097,+0.953
1693325520,+3.02,+25.095, +8.098,+0.952
1693325640,+3.02,+25.053, +8.094,+0.952
1693325760,+3.02,+24.994, +8.116,+0.953
1693325880,+3.02,+24.935, +8.117,+0.952
1693326000,+3.02,+24.859, +8.109,+0.951
1693326120,+3.02,+24.759, +8.148,+0.952
1693326240,+3.02,+24.733, +8.150,+0.953
1693326360,+3.02,+24.708, +8.147,+0.952
1693326480,+3.02,+24.683, +8.151,+0.952
1693326600,+3.02,+24.649, +8.154,+0.952
1693326720,+3.02,+24.624, +8.157,+0.952
1693326840,+3.02,+24.616, +8.176,+0.953
1693326960,+3.02,+24.590, +8.171,+0.952
1693327080,+3.02,+24.607, +8.166,+0.952
1693327200,+3.02,+24.616, +8.161,+0.952
1693327320,+3.02,+24.649, +8.154,+0.953
1693327440,+3.02,+24.641, +8.147,+0.952
1693327560,+3.02,+24.624, +8.171,+0.952
1693327680,+3.02,+24.599, +8.151,+0.952
1693327800,+3.02,+24.599, +8.165,+0.953
1693327920,+3.02,+24.641, +8.135,+0.952
1693328040,+3.02,+24.742, +8.135,+0.953
1693328160,+3.02,+24.801, +8.129,+0.953
1693328280,+3.02,+24.843, +8.120,+0.952
1693328400,+3.02,+24.859, +8.122,+0.953
1693328520,+3.02,+24.851, +8.123,+0.952
1693328640,+3.02,+24.851, +8.127,+0.953
1693328760,+3.02,+24.834, +8.116,+0.952
1693328880,+3.02,+24.792, +8.143,+0.952
1693329000,+3.02,+24.792, +8.132,+0.953
1693329120,+3.02,+24.817, +8.119,+0.952
1693329240,+3.02,+24.859, +8.125,+0.953
1693329360,+3.02,+24.910, +8.115,+0.953
1693329480,+3.02,+25.011, +8.103,+0.952
1693329600,+3.02,+25.070, +8.121,+0.953
1693329720,+3.02,+25.196, +8.083,+0.953
1693329840,+3.02,+25.365, +8.067,+0.953
1693329960,+3.02,+25.499, +8.059,+0.953
1693330080,+3.02,+25.575, +8.050,+0.953
1693330200,+3.02,+25.609, +8.043,+0.953
1693330320,+3.02,+25.651, +8.040,+0.953
1693330440,+3.02,+25.702, +8.045,+0.953
1693330560,+3.02,+25.769, +8.040,+0.954
1693330680,+3.02,+25.871, +8.008,+0.954
1693330800,+3.02,+25.989, +8.002,+0.954
1693330920,+3.02,+26.166, +7.997,+0.954
1693331040,+3.02,+26.302, +7.973,+0.953
1693331160,+3.02,+26.327, +7.962,+0.954
1693331280,+3.02,+26.352, +7.948,+0.954
1693331400,+3.02,+26.344, +7.940,+0.954
1693331520,+3.01,+26.310, +7.938,+0.953
1693331640,+3.02,+26.268, +7.958,+0.954
1693331760,+3.02,+26.217, +7.958,+0.952
1693331880,+3.02,+26.175, +7.959,+0.953
1693332000,+3.02,+26.149, +7.959,+0.954
1693332120,+3.02,+26.107, +7.960,+0.953
1693332240,+3.02,+26.048, +7.978,+0.953
1693332360,+3.02,+26.023, +7.980,+0.953
1693332480,+3.02,+25.997, +7.984,+0.953
1693332600,+3.02,+25.997, +7.985,+0.953
1693332720,+3.02,+26.006, +7.974,+0.953
1693332840,+3.02,+26.048, +7.993,+0.954
1693332960,+3.02,+26.073, +7.982,+0.953
1693333080,+3.02,+26.116, +7.965,+0.953
1693333200,+3.02,+26.158, +8.000,+0.954
1693333320,+3.02,+26.183, +7.971,+0.953
1693333440,+3.02,+26.251, +7.982,+0.954
1693333560,+3.02,+26.386, +7.957,+0.954
1693333680,+3.01,+26.378, +7.967,+0.954
1693333800,+3.01,+26.403, +7.945,+0.953
1693333920,+3.02,+26.479, +7.960,+0.954
1693334040,+3.02,+26.556, +7.941,+0.955
1693334160,+3.02,+26.674, +7.913,+0.954
1693334280,+3.02,+26.793, +7.891,+0.954
1693334400,+3.02,+26.869, +7.894,+0.954
1693334520,+3.02,+26.937, +7.878,+0.954
1693334640,+3.02,+26.929, +7.884,+0.953
1693334760,+3.02,+26.954, +7.899,+0.954
1693334880,+3.02,+26.937, +7.880,+0.954
1693335000,+3.02,+26.971, +7.863,+0.954
1693335120,+3.02,+27.047, +7.862,+0.954
1693335240,+3.02,+27.149, +7.846,+0.954
1693335360,+3.01,+27.277, +7.833,+0.954
1693335480,+3.01,+27.379, +7.818,+0.954
1693335600,+3.01,+27.464, +7.805,+0.954
1693335720,+3.02,+27.549, +7.812,+0.955
1693335840,+3.01,+27.523, +7.811,+0.954
1693335960,+3.01,+27.498, +7.804,+0.954
1693336080,+3.01,+27.464, +7.808,+0.954
1693336200,+3.01,+27.387, +7.818,+0.954
1693336320,+3.01,+27.277, +7.843,+0.954
1693336440,+3.02,+27.166, +7.860,+0.955
1693336560,+3.02,+27.073, +7.863,+0.954
1693336680,+3.02,+27.039, +7.855,+0.954
1693336800,+3.02,+27.013, +7.849,+0.954
1693336920,+3.02,+26.988, +7.877,+0.954
1693337040,+3.02,+27.039, +7.850,+0.954
1693337160,+3.02,+27.047, +7.846,+0.953
1693337280,+3.02,+27.098, +7.857,+0.954
1693337400,+3.02,+27.124, +7.843,+0.954
1693337520,+3.02,+27.158, +7.842,+0.955
1693337640,+3.01,+27.183, +7.846,+0.954
1693337760,+3.01,+27.217, +7.846,+0.954
1693337880,+3.01,+27.251, +7.832,+0.953
1693338000,+3.01,+27.336, +7.829,+0.954
1693338120,+3.01,+27.387, +7.819,+0.955
1693338240,+3.01,+27.438, +7.808,+0.954
1693338360,+3.01,+27.498, +7.802,+0.954
1693338480,+3.02,+27.557, +7.802,+0.954
1693338600,+3.02,+27.549, +7.796,+0.954
1693338720,+3.02,+27.566, +7.809,+0.954
1693338840,+3.02,+27.591, +7.794,+0.954
1693338960,+3.02,+27.626, +7.790,+0.954
1693339080,+3.02,+27.634, +7.800,+0.954
1693339200,+3.02,+27.600, +7.795,+0.954
1693339320,+3.02,+27.626, +7.794,+0.954
1693339440,+3.02,+27.643, +7.798,+0.955
1693339560,+3.02,+27.557, +7.794,+0.955
1693339680,+3.02,+27.540, +7.797,+0.954
1693339800,+3.01,+27.472, +7.809,+0.954
1693339920,+3.01,+27.353, +7.837,+0.954
1693340040,+3.01,+27.294, +7.819,+0.954
1693340160,+3.01,+27.200, +7.838,+0.953
1693340280,+3.02,+27.098, +7.851,+0.954
1693340400,+3.02,+27.005, +7.858,+0.953
1693340520,+3.02,+26.920, +7.858,+0.953
1693340640,+3.02,+26.869, +7.880,+0.954
1693340760,+3.02,+26.835, +7.883,+0.954
1693340880,+3.02,+26.776, +7.890,+0.953
1693341000,+3.02,+26.810, +7.890,+0.954
1693341120,+3.02,+26.844, +7.868,+0.953
1693341240,+3.02,+26.844, +7.879,+0.954
1693341360,+3.02,+26.869, +7.882,+0.954
1693341480,+3.02,+26.861, +7.884,+0.954
1693341600,+3.02,+26.869, +7.867,+0.953
1693341720,+3.02,+26.869, +7.869,+0.954
1693341840,+3.02,+26.852, +7.897,+0.953
1693341960,+3.02,+26.844, +7.879,+0.954
1693342080,+3.02,+26.810, +7.904,+0.954
1693342200,+3.02,+26.801, +7.880,+0.954
1693342320,+3.02,+26.810, +7.882,+0.954
1693342440,+3.02,+26.793, +7.887,+0.954
1693342560,+3.02,+26.776, +7.881,+0.953
1693342680,+3.02,+26.776, +7.880,+0.954
1693342800,+3.02,+26.776, +7.893,+0.954
1693342920,+3.02,+26.810, +7.872,+0.954
1693343040,+3.02,+26.793, +7.882,+0.954
1693343160,+3.02,+26.776, +7.888,+0.954
1693343280,+3.02,+26.801, +7.880,+0.953
1693343400,+3.02,+26.784, +7.884,+0.954
1693343520,+3.02,+26.767, +7.882,+0.954
1693343640,+3.02,+26.733, +7.893,+0.954
1693343760,+3.02,+26.691, +7.891,+0.953
1693343880,+3.02,+26.674, +7.891,+0.953
1693344000,+3.02,+26.598, +7.888,+0.953
1693344120,+3.02,+26.547, +7.889,+0.953
1693344240,+3.02,+26.462, +7.901,+0.953
1693344360,+3.01,+26.369, +7.923,+0.953
1693344480,+3.01,+26.310, +7.919,+0.953
1693344600,+3.02,+26.242, +7.932,+0.953
1693344720,+3.02,+26.158, +7.951,+0.954
1693344840,+3.02,+26.082, +7.956,+0.953
1693344960,+3.02,+26.023, +7.967,+0.953
1693345080,+3.02,+25.980, +7.977,+0.953
1693345200,+3.02,+25.930, +7.979,+0.953
1693345320,+3.02,+25.887, +7.982,+0.953
1693345440,+3.02,+25.828, +7.981,+0.953
1693345560,+3.02,+25.803, +7.988,+0.953
1693345680,+3.02,+25.761, +8.004,+0.953
1693345800,+3.02,+25.736, +7.997,+0.953
1693345920,+3.02,+25.685, +8.011,+0.953
1693346040,+3.02,+25.643, +8.010,+0.953
1693346160,+3.02,+25.626, +8.009,+0.953
1693346280,+3.02,+25.626, +8.011,+0.953
1693346400,+3.02,+25.609, +8.002,+0.952
1693346520,+3.02,+25.592, +8.020,+0.953
1693346640,+3.02,+25.558, +8.030,+0.953
1693346760,+3.02,+25.525, +8.028,+0.953
1693346880,+3.02,+25.508, +8.035,+0.953
1693347000,+3.02,+25.508, +8.039,+0.952
1693347120,+3.02,+25.508, +8.034,+0.953
1693347240,+3.02,+25.491, +8.024,+0.953
1693347360,+3.02,+25.466, +8.037,+0.953
1693347480,+3.02,+25.466, +8.040,+0.953
1693347600,+3.02,+25.424, +8.039,+0.953
1693347720,+3.02,+25.390, +8.043,+0.953
1693347840,+3.02,+25.356, +8.035,+0.952
1693347960,+3.02,+25.297, +8.050,+0.953
1693348080,+3.02,+25.272, +8.049,+0.952
1693348200,+3.02,+25.221, +8.062,+0.952
1693348320,+3.02,+25.188, +8.066,+0.952
