7450-401396
OS REV: 1.05 Sensor Cal: 1618512290
Time (sec),  BV (Volts),  T (deg C),  DO (mg/l),  Q ()
1702260000,+2.97, +8.445,+10.541,+0.937
1702260120,+2.97, +8.426,+10.550,+0.937
1702260240,+2.97, +8.398,+10.559,+0.937
1702260360,+2.97, +8.398,+10.559,+0.937
1702260480,+2.97, +8.398,+10.558,+0.937
1702260600,+2.97, +8.370,+10.577,+0.938
1702260720,+2.97, +8.361,+10.578,+0.937
1702260840,+2.97, +8.332,+10.595,+0.938
1702260960,+2.97, +8.323,+10.598,+0.937
1702261080,+2.97, +8.304,+10.605,+0.937
1702261200,+2.97, +8.314,+10.591,+0.937
1702261320,+2.97, +8.276,+10.608,+0.937
1702261440,+2.97, +8.267,+10.599,+0.937
1702261560,+2.97, +8.248,+10.612,+0.937
1702261680,+2.97, +8.248,+10.618,+0.937
1702261800,+2.97, +8.210,+10.637,+0.938
1702261920,+2.97, +8.229,+10.613,+0.937
1702262040,+2.97, +8.201,+10.627,+0.937
1702262160,+2.97, +8.173,+10.635,+0.937
1702262280,+2.97, +8.154,+10.630,+0.937
1702262400,+2.97, +8.154,+10.623,+0.937
1702262520,+2.97, +8.135,+10.631,+0.937
1702262640,+2.97, +8.144,+10.625,+0.937
1702262760,+2.97, +8.116,+10.641,+0.937
1702262880,+2.97, +8.097,+10.639,+0.937
1702263000,+2.97, +8.097,+10.651,+0.938
1702263120,+2.97, +8.088,+10.639,+0.937
1702263240,+2.97, +8.078,+10.653,+0.937
1702263360,+2.97, +8.088,+10.646,+0.937
1702263480,+2.97, +8.022,+10.660,+0.937
1702263600,+2.97, +8.003,+10.688,+0.938
1702263720,+2.97, +8.012,+10.667,+0.937
1702263840,+2.97, +7.974,+10.694,+0.938
1702263960,+2.97, +7.965,+10.697,+0.938
1702264080,+2.97, +7.974,+10.684,+0.938
1702264200,+2.97, +7.936,+10.688,+0.937
1702264320,+2.97, +7.918,+10.702,+0.937
1702264440,+2.97, +7.936,+10.697,+0.938
1702264560,+2.97, +7.880,+10.704,+0.937
1702264680,+2.97, +7.880,+10.721,+0.938
1702264800,+2.97, +7.842,+10.723,+0.937
1702264920,+2.98, +7.861,+10.721,+0.938
1702265040,+2.98, +7.832,+10.724,+0.937
1702265160,+2.98, +7.832,+10.719,+0.937
1702265280,+2.98, +7.794,+10.734,+0.937
1702265400,+2.98, +7.775,+10.746,+0.937
1702265520,+2.98, +7.785,+10.729,+0.937
1702265640,+2.97, +7.756,+10.744,+0.937
1702265760,+2.98, +7.756,+10.750,+0.937
1702265880,+2.98, +7.756,+10.740,+0.937
1702266000,+2.97, +7.718,+10.757,+0.937
1702266120,+2.97, +7.699,+10.751,+0.937
1702266240,+2.97, +7.680,+10.773,+0.937
1702266360,+2.97, +7.671,+10.767,+0.937
1702266480,+2.97, +7.661,+10.773,+0.937
1702266600,+2.97, +7.661,+10.773,+0.937
1702266720,+2.97, +7.623,+10.777,+0.937
1702266840,+2.97, +7.623,+10.775,+0.937
1702266960,+2.97, +7.595,+10.801,+0.938
1702267080,+2.97, +7.604,+10.781,+0.937
1702267200,+2.97, +7.595,+10.794,+0.937
1702267320,+2.97, +7.566,+10.803,+0.938
1702267440,+2.97, +7.557,+10.808,+0.938
1702267560,+2.97, +7.519,+10.806,+0.937
1702267680,+2.97, +7.547,+10.801,+0.938
1702267800,+2.97, +7.528,+10.803,+0.937
1702267920,+2.97, +7.500,+10.808,+0.937
1702268040,+2.97, +7.509,+10.801,+0.937
1702268160,+2.97, +7.490,+10.807,+0.937
1702268280,+2.97, +7.490,+10.816,+0.937
1702268400,+2.97, +7.461,+10.822,+0.937
1702268520,+2.97, +7.442,+10.830,+0.937
1702268640,+2.97, +7.433,+10.828,+0.937
1702268760,+2.97, +7.414,+10.841,+0.937
1702268880,+2.97, +7.414,+10.843,+0.937
1702269000,+2.97, +7.404,+10.834,+0.937
1702269120,+2.97, +7.395,+10.851,+0.938
1702269240,+2.97, +7.385,+10.844,+0.937
1702269360,+2.97, +7.366,+10.859,+0.937
1702269480,+2.97, +7.347,+10.874,+0.938
1702269600,+2.97, +7.337,+10.857,+0.937
1702269720,+2.97, +7.347,+10.839,+0.937
1702269840,+2.97, +7.328,+10.863,+0.937
1702269960,+2.97, +7.318,+10.864,+0.938
1702270080,+2.97, +7.309,+10.878,+0.938
1702270200,+2.97, +7.280,+10.882,+0.937
1702270320,+2.97, +7.299,+10.868,+0.937
1702270440,+2.97, +7.270,+10.881,+0.937
1702270560,+2.97, +7.289,+10.866,+0.937
1702270680,+2.97, +7.251,+10.884,+0.937
1702270800,+2.97, +7.251,+10.873,+0.937
1702270920,+2.97, +7.232,+10.883,+0.937
1702271040,+2.97, +7.242,+10.875,+0.937
1702271160,+2.97, +7.203,+10.899,+0.938
1702271280,+2.97, +7.174,+10.903,+0.937
1702271400,+2.97, +7.194,+10.882,+0.937
1702271520,+2.97, +7.194,+10.889,+0.937
1702271640,+2.97, +7.174,+10.889,+0.937
1702271760,+2.97, +7.165,+10.898,+0.937
1702271880,+2.97, +7.165,+10.886,+0.937
1702272000,+2.97, +7.136,+10.899,+0.937
1702272120,+2.97, +7.098,+10.919,+0.937
1702272240,+2.97, +7.107,+10.918,+0.938
1702272360,+2.97, +7.107,+10.915,+0.937
1702272480,+2.97, +7.098,+10.930,+0.938
1702272600,+2.97, +7.059,+10.933,+0.937
1702272720,+2.97, +7.088,+10.925,+0.937
1702272840,+2.97, +7.059,+10.930,+0.937
1702272960,+2.97, +7.050,+10.937,+0.937
1702273080,+2.97, +7.059,+10.925,+0.937
1702273200,+2.97, +7.030,+10.940,+0.937
1702273320,+2.97, +7.040,+10.936,+0.937
1702273440,+2.97, +7.021,+10.941,+0.937
1702273560,+2.97, +7.011,+10.952,+0.938
1702273680,+2.97, +7.021,+10.938,+0.937
1702273800,+2.97, +6.992,+10.946,+0.937
1702273920,+2.97, +6.982,+10.950,+0.937
1702274040,+2.97, +6.963,+10.964,+0.938
1702274160,+2.97, +6.944,+10.962,+0.937
1702274280,+2.97, +6.944,+10.954,+0.937
1702274400,+2.97, +6.934,+10.950,+0.937
1702274520,+2.97, +6.905,+10.968,+0.937
1702274640,+2.98, +6.905,+10.970,+0.938
1702274760,+2.98, +6.925,+10.949,+0.937
1702274880,+2.98, +6.886,+10.964,+0.937
1702275000,+2.98, +6.886,+10.955,+0.937
1702275120,+2.98, +6.867,+10.977,+0.937
1702275240,+2.98, +6.857,+10.996,+0.938
1702275360,+2.98, +6.857,+10.987,+0.937
1702275480,+2.98, +6.847,+10.992,+0.938
1702275600,+2.98, +6.847,+10.985,+0.937
1702275720,+2.98, +6.838,+10.997,+0.938
1702275840,+2.98, +6.819,+11.007,+0.938
1702275960,+2.98, +6.809,+10.998,+0.937
1702276080,+2.98, +6.799,+10.995,+0.937
1702276200,+2.98, +6.790,+11.003,+0.937
1702276320,+2.98, +6.780,+11.014,+0.938
1702276440,+2.98, +6.780,+11.001,+0.937
1702276560,+2.98, +6.761,+11.012,+0.937
1702276680,+2.98, +6.761,+11.004,+0.937
1702276800,+2.98, +6.761,+11.007,+0.938
1702276920,+2.98, +6.741,+11.011,+0.937
1702277040,+2.98, +6.732,+11.010,+0.937
1702277160,+2.98, +6.712,+11.021,+0.937
1702277280,+2.98, +6.703,+11.022,+0.937
1702277400,+2.98, +6.703,+11.029,+0.937
1702277520,+2.98, +6.703,+11.023,+0.937
1702277640,+2.98, +6.674,+11.034,+0.937
1702277760,+2.98, +6.664,+11.047,+0.937
1702277880,+2.98, +6.664,+11.045,+0.937
1702278000,+2.98, +6.683,+11.034,+0.937
1702278120,+2.98, +6.664,+11.039,+0.937
1702278240,+2.98, +6.635,+11.056,+0.938
1702278360,+2.98, +6.645,+11.046,+0.937
1702278480,+2.98, +6.654,+11.027,+0.937
1702278600,+2.98, +6.625,+11.050,+0.937
1702278720,+2.98, +6.615,+11.045,+0.937
1702278840,+2.98, +6.615,+11.057,+0.938
1702278960,+2.98, +6.596,+11.065,+0.937
1702279080,+2.98, +6.577,+11.061,+0.937
1702279200,+2.98, +6.567,+11.073,+0.937
1702279320,+2.98, +6.577,+11.051,+0.937
1702279440,+2.98, +6.548,+11.086,+0.938
1702279560,+2.98, +6.557,+11.066,+0.937
1702279680,+2.98, +6.538,+11.087,+0.938
1702279800,+2.98, +6.528,+11.086,+0.938
1702279920,+2.98, +6.509,+11.086,+0.937
1702280040,+2.98, +6.528,+11.079,+0.937
1702280160,+2.98, +6.499,+11.084,+0.937
1702280280,+2.98, +6.528,+11.079,+0.937
1702280400,+2.98, +6.528,+11.081,+0.937
1702280520,+2.98, +6.499,+11.091,+0.937
1702280640,+2.98, +6.470,+11.103,+0.937
1702280760,+2.97, +6.470,+11.115,+0.938
1702280880,+2.98, +6.480,+11.107,+0.937
1702281000,+2.97, +6.441,+11.115,+0.937
1702281120,+2.97, +6.431,+11.123,+0.937
1702281240,+2.97, +6.421,+11.127,+0.937
1702281360,+2.97, +6.431,+11.111,+0.937
1702281480,+2.97, +6.412,+11.134,+0.937
1702281600,+2.97, +6.392,+11.142,+0.937
1702281720,+2.97, +6.392,+11.128,+0.937
1702281840,+2.97, +6.392,+11.137,+0.937
1702281960,+2.97, +6.402,+11.132,+0.937
1702282080,+2.97, +6.392,+11.124,+0.937
1702282200,+2.97, +6.382,+11.142,+0.937
1702282320,+2.97, +6.373,+11.151,+0.938
1702282440,+2.97, +6.363,+11.149,+0.937
1702282560,+2.97, +6.353,+11.142,+0.937
1702282680,+2.97, +6.344,+11.152,+0.937
1702282800,+2.97, +6.344,+11.149,+0.937
1702282920,+2.97, +6.324,+11.160,+0.937
1702283040,+2.97, +6.314,+11.173,+0.937
1702283160,+2.97, +6.305,+11.162,+0.937
1702283280,+2.97, +6.314,+11.165,+0.937
1702283400,+2.97, +6.314,+11.172,+0.938
1702283520,+2.97, +6.305,+11.168,+0.937
1702283640,+2.97, +6.285,+11.170,+0.937
1702283760,+2.97, +6.256,+11.200,+0.938
1702283880,+2.97, +6.266,+11.183,+0.937
1702284000,+2.97, +6.236,+11.195,+0.937
1702284120,+2.97, +6.275,+11.175,+0.937
1702284240,+2.97, +6.236,+11.194,+0.937
1702284360,+2.97, +6.227,+11.199,+0.937
1702284480,+2.97, +6.217,+11.195,+0.937
1702284600,+2.97, +6.217,+11.196,+0.937
1702284720,+2.97, +6.217,+11.189,+0.937
1702284840,+2.97, +6.178,+11.202,+0.937
1702284960,+2.97, +6.187,+11.197,+0.937
1702285080,+2.97, +6.178,+11.210,+0.937
1702285200,+2.97, +6.168,+11.209,+0.937
1702285320,+2.97, +6.158,+11.207,+0.937
1702285440,+2.97, +6.139,+11.228,+0.938
1702285560,+2.97, +6.129,+11.228,+0.937
1702285680,+2.97, +6.119,+11.218,+0.937
1702285800,+2.97, +6.139,+11.215,+0.937
1702285920,+2.97, +6.109,+11.236,+0.938
1702286040,+2.97, +6.090,+11.241,+0.937
1702286160,+2.97, +6.090,+11.237,+0.937
1702286280,+2.97, +6.100,+11.217,+0.937
1702286400,+2.97, +6.080,+11.236,+0.937
1702286520,+2.97, +6.080,+11.234,+0.937
1702286640,+2.97, +6.080,+11.230,+0.937
1702286760,+2.97, +6.070,+11.244,+0.937
1702286880,+2.97, +6.051,+11.248,+0.937
1702287000,+2.97, +6.041,+11.244,+0.937
1702287120,+2.97, +6.021,+11.253,+0.937
1702287240,+2.97, +6.031,+11.248,+0.937
1702287360,+2.97, +6.002,+11.260,+0.937
1702287480,+2.97, +6.002,+11.259,+0.937
1702287600,+2.97, +6.002,+11.254,+0.937
1702287720,+2.97, +6.011,+11.253,+0.937
1702287840,+2.97, +5.992,+11.260,+0.937
1702287960,+2.97, +5.982,+11.265,+0.937
1702288080,+2.97, +5.992,+11.270,+0.938
1702288200,+2.97, +5.943,+11.289,+0.937
1702288320,+2.97, +5.953,+11.275,+0.937
1702288440,+2.97, +5.943,+11.284,+0.937
1702288560,+2.97, +5.933,+11.284,+0.937
1702288680,+2.97, +5.953,+11.286,+0.937
1702288800,+2.97, +5.933,+11.288,+0.937
1702288920,+2.97, +5.933,+11.290,+0.937
1702289040,+2.97, +5.923,+11.293,+0.937
1702289160,+2.97, +5.913,+11.299,+0.937
1702289280,+2.97, +5.884,+11.299,+0.937
1702289400,+2.97, +5.874,+11.307,+0.937
1702289520,+2.97, +5.864,+11.315,+0.937
1702289640,+2.97, +5.864,+11.324,+0.937
1702289760,+2.97, +5.864,+11.315,+0.937
1702289880,+2.97, +5.864,+11.310,+0.937
1702290000,+2.98, +5.845,+11.311,+0.937
1702290120,+2.97, +5.854,+11.323,+0.937
1702290240,+2.98, +5.825,+11.328,+0.937
1702290360,+2.98, +5.835,+11.319,+0.937
1702290480,+2.98, +5.835,+11.319,+0.937
1702290600,+2.97, +5.835,+11.319,+0.937
1702290720,+2.98, +5.815,+11.340,+0.937
1702290840,+2.98, +5.825,+11.337,+0.938
1702290960,+2.97, +5.825,+11.333,+0.938
1702291080,+2.97, +5.815,+11.338,+0.937
1702291200,+2.97, +5.825,+11.324,+0.937
1702291320,+2.98, +5.795,+11.335,+0.937
1702291440,+2.98, +5.776,+11.348,+0.937
1702291560,+2.98, +5.795,+11.344,+0.937
1702291680,+2.98, +5.766,+11.351,+0.937
1702291800,+2.98, +5.776,+11.349,+0.937
1702291920,+2.98, +5.776,+11.354,+0.938
1702292040,+2.98, +5.736,+11.366,+0.937
1702292160,+2.98, +5.756,+11.362,+0.937
1702292280,+2.98, +5.736,+11.368,+0.937
1702292400,+2.98, +5.726,+11.356,+0.937
1702292520,+2.98, +5.717,+11.372,+0.937
1702292640,+2.98, +5.717,+11.366,+0.937
1702292760,+2.98, +5.707,+11.364,+0.937
1702292880,+2.98, +5.707,+11.364,+0.937
1702293000,+2.98, +5.697,+11.368,+0.937
1702293120,+2.98, +5.687,+11.380,+0.937
1702293240,+2.98, +5.667,+11.397,+0.938
1702293360,+2.98, +5.677,+11.390,+0.938
1702293480,+2.98, +5.657,+11.385,+0.937
1702293600,+2.98, +5.648,+11.401,+0.937
1702293720,+2.98, +5.638,+11.391,+0.937
1702293840,+2.98, +5.648,+11.399,+0.937
1702293960,+2.98, +5.628,+11.404,+0.937
1702294080,+2.98, +5.628,+11.394,+0.937
1702294200,+2.98, +5.648,+11.391,+0.937
1702294320,+2.98, +5.618,+11.404,+0.937
1702294440,+2.98, +5.608,+11.403,+0.937
1702294560,+2.98, +5.598,+11.404,+0.937
1702294680,+2.98, +5.598,+11.406,+0.937
1702294800,+2.98, +5.598,+11.404,+0.937
1702294920,+2.98, +5.598,+11.407,+0.937
1702295040,+2.98, +5.569,+11.415,+0.937
1702295160,+2.98, +5.559,+11.425,+0.937
1702295280,+2.98, +5.569,+11.423,+0.937
1702295400,+2.98, +5.559,+11.421,+0.937
1702295520,+2.98, +5.559,+11.430,+0.937
1702295640,+2.98, +5.539,+11.436,+0.937
1702295760,+2.98, +5.549,+11.427,+0.937
1702295880,+2.98, +5.539,+11.430,+0.937
1702296000,+2.98, +5.509,+11.446,+0.937
1702296120,+2.98, +5.549,+11.426,+0.938
1702296240,+2.98, +5.509,+11.437,+0.937
1702296360,+2.98, +5.519,+11.441,+0.938
1702296480,+2.98, +5.499,+11.440,+0.937
1702296600,+2.98, +5.499,+11.432,+0.937
1702296720,+2.98, +5.499,+11.440,+0.937
1702296840,+2.98, +5.499,+11.434,+0.937
1702296960,+2.98, +5.460,+11.446,+0.937
1702297080,+2.98, +5.450,+11.458,+0.937
1702297200,+2.98, +5.450,+11.456,+0.937
1702297320,+2.98, +5.460,+11.451,+0.937
1702297440,+2.98, +5.450,+11.467,+0.937
1702297560,+2.98, +5.450,+11.452,+0.937
1702297680,+2.98, +5.440,+11.457,+0.937
1702297800,+2.98, +5.450,+11.452,+0.937
1702297920,+2.98, +5.430,+11.463,+0.937
1702298040,+2.98, +5.430,+11.474,+0.937
1702298160,+2.98, +5.400,+11.478,+0.937
1702298280,+2.98, +5.410,+11.473,+0.937
1702298400,+2.98, +5.381,+11.484,+0.937
1702298520,+2.98, +5.400,+11.476,+0.937
1702298640,+2.98, +5.381,+11.492,+0.938
1702298760,+2.98, +5.390,+11.474,+0.937
1702298880,+2.98, +5.381,+11.485,+0.937
1702299000,+2.98, +5.361,+11.502,+0.937
1702299120,+2.98, +5.371,+11.491,+0.937
1702299240,+2.98, +5.361,+11.499,+0.937
1702299360,+2.98, +5.381,+11.478,+0.937
1702299480,+2.98, +5.351,+11.504,+0.937
1702299600,+2.98, +5.361,+11.486,+0.937
1702299720,+2.98, +5.331,+11.501,+0.937
1702299840,+2.98, +5.331,+11.510,+0.937
1702299960,+2.98, +5.311,+11.514,+0.937
1702300080,+2.98, +5.311,+11.516,+0.937
1702300200,+2.98, +5.311,+11.523,+0.937
1702300320,+2.98, +5.301,+11.515,+0.937
1702300440,+2.98, +5.291,+11.525,+0.937
1702300560,+2.98, +5.291,+11.529,+0.937
1702300680,+2.98, +5.291,+11.523,+0.937
1702300800,+2.98, +5.271,+11.531,+0.937
1702300920,+2.98, +5.291,+11.527,+0.937
1702301040,+2.98, +5.271,+11.529,+0.937
1702301160,+2.98, +5.281,+11.534,+0.937
1702301280,+2.98, +5.271,+11.534,+0.937
1702301400,+2.98, +5.261,+11.534,+0.937
1702301520,+2.98, +5.261,+11.534,+0.937
1702301640,+2.98, +5.271,+11.527,+0.937
1702301760,+2.98, +5.242,+11.538,+0.937
1702301880,+2.98, +5.251,+11.539,+0.937
1702302000,+2.98, +5.232,+11.541,+0.937
1702302120,+2.98, +5.261,+11.543,+0.937
1702302240,+2.98, +5.242,+11.537,+0.937
1702302360,+2.98, +5.242,+11.540,+0.937
1702302480,+2.98, +5.222,+11.542,+0.937
1702302600,+2.98, +5.232,+11.545,+0.937
1702302720,+2.98, +5.222,+11.554,+0.937
1702302840,+2.98, +5.212,+11.562,+0.937
1702302960,+2.98, +5.222,+11.561,+0.937
1702303080,+2.98, +5.212,+11.555,+0.937
1702303200,+2.98, +5.212,+11.557,+0.937
1702303320,+2.98, +5.212,+11.565,+0.937
1702303440,+2.98, +5.202,+11.552,+0.937
1702303560,+2.98, +5.192,+11.564,+0.937
1702303680,+2.98, +5.192,+11.559,+0.937
1702303800,+2.98, +5.182,+11.571,+0.937
1702303920,+2.98, +5.192,+11.559,+0.937
1702304040,+2.97, +5.202,+11.567,+0.937
1702304160,+2.98, +5.192,+11.573,+0.937
1702304280,+2.98, +5.192,+11.571,+0.937
1702304400,+2.98, +5.172,+11.563,+0.936
1702304520,+2.98, +5.182,+11.573,+0.937
1702304640,+2.97, +5.162,+11.575,+0.937
1702304760,+2.98, +5.172,+11.574,+0.937
1702304880,+2.98, +5.182,+11.567,+0.937
1702305000,+2.98, +5.172,+11.570,+0.937
1702305120,+2.97, +5.162,+11.582,+0.937
1702305240,+2.98, +5.182,+11.572,+0.937
1702305360,+2.98, +5.172,+11.568,+0.937
1702305480,+2.97, +5.162,+11.566,+0.937
1702305600,+2.97, +5.142,+11.585,+0.937
1702305720,+2.97, +5.172,+11.572,+0.937
1702305840,+2.98, +5.162,+11.577,+0.937
1702305960,+2.97, +5.162,+11.584,+0.937
1702306080,+2.98, +5.172,+11.574,+0.937
1702306200,+2.97, +5.172,+11.570,+0.937
1702306320,+2.97, +5.172,+11.578,+0.937
1702306440,+2.98, +5.162,+11.582,+0.937
1702306560,+2.97, +5.172,+11.559,+0.937
1702306680,+2.98, +5.172,+11.565,+0.937
1702306800,+2.97, +5.152,+11.582,+0.937
1702306920,+2.98, +5.162,+11.575,+0.937
1702307040,+2.97, +5.162,+11.579,+0.937
1702307160,+2.97, +5.142,+11.585,+0.937
1702307280,+2.97, +5.132,+11.578,+0.937
1702307400,+2.98, +5.172,+11.567,+0.937
1702307520,+2.97, +5.172,+11.568,+0.937
1702307640,+2.98, +5.182,+11.567,+0.937
1702307760,+2.97, +5.162,+11.584,+0.937
1702307880,+2.98, +5.162,+11.577,+0.937
1702308000,+2.97, +5.172,+11.569,+0.937
1702308120,+2.97, +5.142,+11.581,+0.937
1702308240,+2.97, +5.152,+11.576,+0.937
1702308360,+2.97, +5.152,+11.574,+0.937
1702308480,+2.98, +5.162,+11.577,+0.937
1702308600,+2.97, +5.162,+11.575,+0.937
1702308720,+2.97, +5.142,+11.582,+0.937
1702308840,+2.97, +5.162,+11.567,+0.937
1702308960,+2.97, +5.172,+11.570,+0.937
1702309080,+2.97, +5.152,+11.573,+0.937
1702309200,+2.98, +5.172,+11.563,+0.937
1702309320,+2.98, +5.172,+11.565,+0.937
1702309440,+2.97, +5.192,+11.551,+0.937
1702309560,+2.98, +5.162,+11.575,+0.937
1702309680,+2.97, +5.162,+11.582,+0.937
1702309800,+2.97, +5.172,+11.564,+0.937
1702309920,+2.97, +5.162,+11.571,+0.937
1702310040,+2.97, +5.182,+11.563,+0.937
1702310160,+2.97, +5.142,+11.579,+0.937
1702310280,+2.97, +5.142,+11.582,+0.937
1702310400,+2.97, +5.152,+11.568,+0.937
1702310520,+2.97, +5.142,+11.573,+0.937
1702310640,+2.97, +5.152,+11.578,+0.937
1702310760,+2.97, +5.142,+11.575,+0.937
1702310880,+2.97, +5.162,+11.560,+0.937
1702311000,+2.97, +5.152,+11.579,+0.937
1702311120,+2.97, +5.132,+11.578,+0.937
1702311240,+2.97, +5.152,+11.579,+0.937
1702311360,+2.97, +5.142,+11.560,+0.937
1702311480,+2.97, +5.122,+11.577,+0.937
1702311600,+2.97, +5.142,+11.565,+0.937
1702311720,+2.97, +5.142,+11.564,+0.937
1702311840,+2.97, +5.142,+11.567,+0.937
1702311960,+2.97, +5.122,+11.577,+0.937
1702312080,+2.97, +5.122,+11.582,+0.937
1702312200,+2.97, +5.112,+11.585,+0.937
1702312320,+2.97, +5.122,+11.571,+0.937
1702312440,+2.97, +5.132,+11.579,+0.937
1702312560,+2.97, +5.132,+11.562,+0.937
1702312680,+2.97, +5.112,+11.586,+0.937
1702312800,+2.97, +5.132,+11.573,+0.937
1702312920,+2.97, +5.132,+11.578,+0.937
1702313040,+2.97, +5.132,+11.570,+0.937
1702313160,+2.97, +5.122,+11.560,+0.936
1702313280,+2.97, +5.122,+11.584,+0.937
1702313400,+2.97, +5.132,+11.577,+0.937
1702313520,+2.97, +5.132,+11.573,+0.937
1702313640,+2.97, +5.132,+11.570,+0.937
1702313760,+2.97, +5.132,+11.573,+0.937
1702313880,+2.97, +5.132,+11.579,+0.937
1702314000,+2.97, +5.132,+11.566,+0.937
1702314120,+2.97, +5.142,+11.569,+0.937
1702314240,+2.97, +5.152,+11.564,+0.937
1702314360,+2.97, +5.122,+11.576,+0.937
1702314480,+2.97, +5.132,+11.566,+0.937
1702314600,+2.97, +5.152,+11.562,+0.937
1702314720,+2.97, +5.132,+11.572,+0.937
1702314840,+2.97, +5.162,+11.561,+0.937
1702314960,+2.97, +5.142,+11.571,+0.937
1702315080,+2.97, +5.162,+11.561,+0.937
1702315200,+2.97, +5.152,+11.566,+0.937
1702315320,+2.97, +5.162,+11.561,+0.937
1702315440,+2.97, +5.162,+11.561,+0.937
1702315560,+2.97, +5.152,+11.568,+0.937
1702315680,+2.98, +5.162,+11.567,+0.937
1702315800,+2.98, +5.192,+11.554,+0.937
1702315920,+2.98, +5.192,+11.547,+0.937
1702316040,+2.98, +5.202,+11.544,+0.937
1702316160,+2.98, +5.202,+11.550,+0.937
1702316280,+2.98, +5.202,+11.556,+0.937
1702316400,+2.97, +5.172,+11.561,+0.937
1702316520,+2.97, +5.212,+11.543,+0.937
1702316640,+2.98, +5.192,+11.574,+0.938
1702316760,+2.97, +5.212,+11.547,+0.937
1702316880,+2.98, +5.192,+11.553,+0.937
1702317000,+2.98, +5.182,+11.579,+0.938
1702317120,+2.98, +5.192,+11.568,+0.937
1702317240,+2.98, +5.202,+11.555,+0.937
1702317360,+2.98, +5.212,+11.544,+0.937
1702317480,+2.98, +5.222,+11.546,+0.937
1702317600,+2.98, +5.222,+11.540,+0.937
1702317720,+2.98, +5.242,+11.538,+0.937
1702317840,+2.98, +5.222,+11.551,+0.937
1702317960,+2.98, +5.232,+11.547,+0.937
1702318080,+2.98, +5.242,+11.544,+0.937
1702318200,+2.98, +5.251,+11.537,+0.937
1702318320,+2.98, +5.242,+11.544,+0.937
1702318440,+2.98, +5.261,+11.538,+0.937
1702318560,+2.98, +5.271,+11.542,+0.937
1702318680,+2.98, +5.271,+11.535,+0.937
1702318800,+2.98, +5.261,+11.540,+0.937
1702318920,+2.98, +5.261,+11.538,+0.937
1702319040,+2.98, +5.271,+11.524,+0.937
1702319160,+2.98, +5.291,+11.529,+0.937
1702319280,+2.98, +5.301,+11.532,+0.937
1702319400,+2.98, +5.291,+11.535,+0.937
1702319520,+2.98, +5.281,+11.545,+0.938
1702319640,+2.98, +5.301,+11.526,+0.937
1702319760,+2.98, +5.291,+11.528,+0.937
1702319880,+2.98, +5.321,+11.511,+0.937
1702320000,+2.98, +5.311,+11.527,+0.937
1702320120,+2.98, +5.301,+11.550,+0.938
1702320240,+2.98, +5.331,+11.516,+0.937
1702320360,+2.98, +5.311,+11.526,+0.937
1702320480,+2.98, +5.341,+11.513,+0.937
1702320600,+2.98, +5.331,+11.523,+0.937
1702320720,+2.98, +5.341,+11.520,+0.937
1702320840,+2.98, +5.331,+11.526,+0.937
1702320960,+2.98, +5.341,+11.517,+0.937
1702321080,+2.98, +5.331,+11.529,+0.937
1702321200,+2.98, +5.351,+11.513,+0.937
1702321320,+2.98, +5.341,+11.508,+0.937
1702321440,+2.98, +5.351,+11.522,+0.937
1702321560,+2.98, +5.351,+11.522,+0.937
1702321680,+2.98, +5.351,+11.523,+0.937
1702321800,+2.98, +5.361,+11.512,+0.937
1702321920,+2.98, +5.381,+11.504,+0.937
1702322040,+2.98, +5.390,+11.517,+0.938
1702322160,+2.98, +5.361,+11.525,+0.937
1702322280,+2.98, +5.390,+11.511,+0.938
1702322400,+2.98, +5.420,+11.489,+0.937
1702322520,+2.98, +5.400,+11.507,+0.937
1702322640,+2.98, +5.381,+11.517,+0.937
1702322760,+2.98, +5.410,+11.507,+0.937
1702322880,+2.98, +5.430,+11.490,+0.937
1702323000,+2.98, +5.440,+11.501,+0.938
1702323120,+2.98, +5.460,+11.486,+0.937
1702323240,+2.98, +5.460,+11.486,+0.937
1702323360,+2.98, +5.470,+11.491,+0.937
1702323480,+2.98, +5.509,+11.463,+0.937
1702323600,+2.98, +5.499,+11.475,+0.937
1702323720,+2.98, +5.509,+11.474,+0.937
1702323840,+2.98, +5.519,+11.465,+0.937
1702323960,+2.98, +5.499,+11.476,+0.937
1702324080,+2.98, +5.549,+11.466,+0.937
1702324200,+2.98, +5.529,+11.472,+0.937
1702324320,+2.98, +5.549,+11.470,+0.937
1702324440,+2.98, +5.549,+11.465,+0.937
1702324560,+2.98, +5.559,+11.457,+0.937
1702324680,+2.98, +5.539,+11.470,+0.937
1702324800,+2.98, +5.539,+11.470,+0.937
1702324920,+2.98, +5.559,+11.467,+0.937
1702325040,+2.98, +5.529,+11.482,+0.937
1702325160,+2.98, +5.529,+11.487,+0.937
1702325280,+2.98, +5.539,+11.485,+0.938
1702325400,+2.98, +5.569,+11.462,+0.937
1702325520,+2.98, +5.559,+11.486,+0.938
1702325640,+2.98, +5.559,+11.477,+0.937
1702325760,+2.98, +5.579,+11.463,+0.937
1702325880,+2.98, +5.569,+11.466,+0.937
1702326000,+2.98, +5.569,+11.473,+0.937
1702326120,+2.98, +5.588,+11.470,+0.937
1702326240,+2.98, +5.579,+11.469,+0.937
1702326360,+2.98, +5.588,+11.466,+0.937
1702326480,+2.98, +5.588,+11.472,+0.937
1702326600,+2.98, +5.579,+11.475,+0.937
1702326720,+2.98, +5.579,+11.487,+0.938
1702326840,+2.98, +5.598,+11.461,+0.937
1702326960,+2.98, +5.598,+11.469,+0.937
1702327080,+2.98, +5.588,+11.483,+0.938
1702327200,+2.98, +5.608,+11.463,+0.937
1702327320,+2.98, +5.588,+11.481,+0.937
1702327440,+2.98, +5.608,+11.474,+0.937
1702327560,+2.98, +5.588,+11.474,+0.937
1702327680,+2.98, +5.618,+11.467,+0.937
1702327800,+2.98, +5.618,+11.466,+0.937
1702327920,+2.98, +5.618,+11.476,+0.937
1702328040,+2.98, +5.618,+11.476,+0.938
1702328160,+2.98, +5.608,+11.474,+0.937
1702328280,+2.98, +5.608,+11.472,+0.937
1702328400,+2.98, +5.608,+11.465,+0.937
1702328520,+2.98, +5.598,+11.471,+0.937
1702328640,+2.98, +5.618,+11.471,+0.937
1702328760,+2.98, +5.608,+11.481,+0.937
1702328880,+2.98, +5.608,+11.474,+0.937
1702329000,+2.98, +5.588,+11.490,+0.937
1702329120,+2.98, +5.588,+11.495,+0.938
1702329240,+2.98, +5.618,+11.484,+0.938
1702329360,+2.98, +5.598,+11.469,+0.937
1702329480,+2.98, +5.608,+11.475,+0.937
1702329600,+2.98, +5.598,+11.479,+0.937
1702329720,+2.98, +5.598,+11.479,+0.937
1702329840,+2.98, +5.598,+11.485,+0.937
1702329960,+2.98, +5.608,+11.471,+0.937
1702330080,+2.98, +5.608,+11.478,+0.937
1702330200,+2.98, +5.608,+11.485,+0.937
1702330320,+2.98, +5.598,+11.487,+0.937
1702330440,+2.98, +5.588,+11.484,+0.937
1702330560,+2.98, +5.598,+11.476,+0.937
1702330680,+2.98, +5.579,+11.500,+0.938
1702330800,+2.98, +5.598,+11.482,+0.937
1702330920,+2.98, +5.579,+11.489,+0.937
1702331040,+2.98, +5.579,+11.493,+0.937
1702331160,+2.98, +5.598,+11.490,+0.937
1702331280,+2.98, +5.579,+11.489,+0.937
1702331400,+2.98, +5.588,+11.484,+0.937
1702331520,+2.98, +5.559,+11.506,+0.937
1702331640,+2.98, +5.588,+11.479,+0.937
1702331760,+2.98, +5.588,+11.486,+0.937
1702331880,+2.98, +5.579,+11.507,+0.938
1702332000,+2.98, +5.579,+11.485,+0.937
1702332120,+2.98, +5.559,+11.510,+0.937
1702332240,+2.98, +5.579,+11.487,+0.937
1702332360,+2.98, +5.559,+11.498,+0.937
1702332480,+2.98, +5.559,+11.498,+0.937
1702332600,+2.98, +5.539,+11.510,+0.937
1702332720,+2.98, +5.529,+11.507,+0.937
1702332840,+2.98, +5.539,+11.521,+0.938
1702332960,+2.98, +5.539,+11.506,+0.937
1702333080,+2.98, +5.519,+11.516,+0.937
1702333200,+2.98, +5.539,+11.493,+0.937
1702333320,+2.98, +5.529,+11.500,+0.937
1702333440,+2.98, +5.499,+11.516,+0.937
1702333560,+2.98, +5.499,+11.522,+0.937
1702333680,+2.98, +5.470,+11.547,+0.937
1702333800,+2.98, +5.499,+11.518,+0.937
1702333920,+2.98, +5.509,+11.513,+0.937
1702334040,+2.98, +5.480,+11.529,+0.937
1702334160,+2.98, +5.480,+11.527,+0.937
1702334280,+2.98, +5.490,+11.532,+0.937
1702334400,+2.98, +5.460,+11.540,+0.937
1702334520,+2.98, +5.480,+11.525,+0.937
1702334640,+2.98, +5.470,+11.532,+0.937
1702334760,+2.98, +5.450,+11.538,+0.937
1702334880,+2.98, +5.430,+11.547,+0.937
1702335000,+2.98, +5.410,+11.554,+0.937
1702335120,+2.98, +5.430,+11.553,+0.937
1702335240,+2.98, +5.410,+11.560,+0.937
1702335360,+2.98, +5.410,+11.555,+0.937
1702335480,+2.98, +5.400,+11.562,+0.937
1702335600,+2.98, +5.371,+11.560,+0.937
1702335720,+2.98, +5.361,+11.575,+0.937
1702335840,+2.98, +5.351,+11.572,+0.937
1702335960,+2.98, +5.321,+11.596,+0.937
1702336080,+2.98, +5.331,+11.580,+0.937
1702336200,+2.98, +5.321,+11.585,+0.937
1702336320,+2.98, +5.311,+11.592,+0.937
1702336440,+2.98, +5.321,+11.596,+0.937
1702336560,+2.98, +5.281,+11.599,+0.937
1702336680,+2.98, +5.281,+11.605,+0.937
1702336800,+2.98, +5.271,+11.611,+0.937
1702336920,+2.98, +5.281,+11.605,+0.937
1702337040,+2.98, +5.271,+11.605,+0.937
1702337160,+2.98, +5.232,+11.617,+0.937
1702337280,+2.98, +5.251,+11.609,+0.937
1702337400,+2.98, +5.242,+11.614,+0.937
1702337520,+2.98, +5.242,+11.621,+0.937
1702337640,+2.98, +5.222,+11.628,+0.937
1702337760,+2.98, +5.222,+11.615,+0.937
1702337880,+2.98, +5.202,+11.630,+0.937
1702338000,+2.98, +5.202,+11.621,+0.936
1702338120,+2.98, +5.182,+11.640,+0.937
1702338240,+2.98, +5.162,+11.653,+0.937
1702338360,+2.97, +5.162,+11.649,+0.937
1702338480,+2.97, +5.142,+11.659,+0.937
1702338600,+2.97, +5.142,+11.648,+0.937
1702338720,+2.97, +5.132,+11.661,+0.937
1702338840,+2.97, +5.102,+11.672,+0.937
1702338960,+2.97, +5.112,+11.667,+0.937
1702339080,+2.97, +5.092,+11.662,+0.937
1702339200,+2.97, +5.082,+11.669,+0.937
1702339320,+2.97, +5.082,+11.667,+0.937
1702339440,+2.97, +5.042,+11.692,+0.937
1702339560,+2.97, +5.042,+11.691,+0.937
1702339680,+2.97, +5.022,+11.698,+0.937
1702339800,+2.97, +5.022,+11.698,+0.937
1702339920,+2.97, +5.022,+11.703,+0.938
1702340040,+2.97, +4.992,+11.715,+0.937
1702340160,+2.97, +5.012,+11.695,+0.937
1702340280,+2.97, +5.002,+11.697,+0.937
1702340400,+2.97, +4.972,+11.716,+0.937
1702340520,+2.97, +4.972,+11.709,+0.937
1702340640,+2.97, +4.972,+11.707,+0.937
1702340760,+2.97, +4.952,+11.715,+0.937
1702340880,+2.97, +4.922,+11.719,+0.937
1702341000,+2.97, +4.912,+11.729,+0.937
1702341120,+2.97, +4.922,+11.713,+0.937
1702341240,+2.97, +4.892,+11.722,+0.937
1702341360,+2.97, +4.862,+11.746,+0.937
1702341480,+2.97, +4.832,+11.751,+0.937
1702341600,+2.97, +4.822,+11.748,+0.937
1702341720,+2.97, +4.802,+11.758,+0.937
1702341840,+2.97, +4.782,+11.775,+0.937
1702341960,+2.97, +4.752,+11.788,+0.937
1702342080,+2.97, +4.742,+11.782,+0.937
1702342200,+2.97, +4.702,+11.799,+0.937
1702342320,+2.98, +4.692,+11.805,+0.937
1702342440,+2.98, +4.692,+11.803,+0.937
1702342560,+2.98, +4.651,+11.808,+0.937
1702342680,+2.98, +4.631,+11.808,+0.937
1702342800,+2.98, +4.611,+11.824,+0.937
1702342920,+2.98, +4.601,+11.834,+0.937
1702343040,+2.98, +4.591,+11.839,+0.937
1702343160,+2.98, +4.571,+11.832,+0.937
1702343280,+2.98, +4.520,+11.867,+0.937
1702343400,+2.98, +4.520,+11.846,+0.936
1702343520,+2.98, +4.510,+11.856,+0.937
1702343640,+2.98, +4.500,+11.875,+0.937
1702343760,+2.98, +4.470,+11.871,+0.937
1702343880,+2.98, +4.470,+11.875,+0.937
1702344000,+2.98, +4.450,+11.874,+0.937
1702344120,+2.98, +4.430,+11.889,+0.937
1702344240,+2.98, +4.440,+11.880,+0.937
1702344360,+2.98, +4.419,+11.892,+0.937
1702344480,+2.98, +4.419,+11.887,+0.936
1702344600,+2.98, +4.389,+11.902,+0.937
1702344720,+2.98, +4.369,+11.908,+0.937
1702344840,+2.98, +4.379,+11.903,+0.937
1702344960,+2.98, +4.359,+11.907,+0.937
1702345080,+2.98, +4.339,+11.923,+0.937
1702345200,+2.98, +4.339,+11.910,+0.937
1702345320,+2.98, +4.298,+11.939,+0.937
1702345440,+2.98, +4.298,+11.926,+0.937
1702345560,+2.98, +4.298,+11.924,+0.937
1702345680,+2.98, +4.278,+11.940,+0.937
1702345800,+2.98, +4.237,+11.962,+0.937
1702345920,+2.98, +4.237,+11.943,+0.936
1702346040,+2.98, +4.227,+11.957,+0.937
1702346160,+2.98, +4.197,+11.951,+0.936
1702346280,+2.98, +4.176,+11.978,+0.937
1702346400,+2.98, +4.146,+11.982,+0.937
