7450-401396
OS REV: 1.05 Sensor Cal: 1618512290
Time (sec),  BV (Volts),  T (deg C),  DO (mg/l),  Q ()
1692656280,+3.02,+27.481, +7.863,+0.957
1692656400,+3.02,+27.455, +7.863,+0.956
1692656520,+3.02,+27.396, +7.893,+0.957
1692656640,+3.02,+27.362, +7.879,+0.956
1692656760,+3.02,+27.311, +7.885,+0.957
1692656880,+3.02,+27.260, +7.910,+0.957
1692657000,+3.02,+27.226, +7.895,+0.956
1692657120,+3.02,+27.200, +7.893,+0.956
1692657240,+3.02,+27.149, +7.907,+0.957
1692657360,+3.02,+27.107, +7.913,+0.957
1692657480,+3.02,+27.081, +7.902,+0.956
1692657600,+3.02,+27.047, +7.919,+0.957
1692657720,+3.02,+27.005, +7.926,+0.956
1692657840,+3.02,+26.962, +7.924,+0.956
1692657960,+3.02,+26.920, +7.930,+0.956
1692658080,+3.02,+26.886, +7.940,+0.957
1692658200,+3.03,+26.852, +7.945,+0.956
1692658320,+3.03,+26.835, +7.945,+0.957
1692658440,+3.03,+26.793, +7.931,+0.956
1692658560,+3.03,+26.767, +7.926,+0.956
1692658680,+3.03,+26.725, +7.941,+0.956
1692658800,+3.03,+26.683, +7.945,+0.955
1692658920,+3.03,+26.649, +7.946,+0.956
1692659040,+3.03,+26.564, +7.941,+0.956
1692659160,+3.02,+26.471, +7.948,+0.956
1692659280,+3.02,+26.437, +7.945,+0.956
1692659400,+3.02,+26.395, +7.955,+0.955
1692659520,+3.02,+26.327, +7.971,+0.956
1692659640,+3.02,+26.276, +7.975,+0.956
1692659760,+3.02,+26.209, +7.975,+0.955
1692659880,+3.02,+26.192, +7.996,+0.956
1692660000,+3.02,+26.141, +7.991,+0.955
1692660120,+3.02,+26.090, +7.999,+0.955
1692660240,+3.02,+26.031, +8.017,+0.956
1692660360,+3.02,+25.989, +8.015,+0.955
1692660480,+3.02,+25.963, +8.021,+0.955
1692660600,+3.03,+25.887, +8.041,+0.956
1692660720,+3.03,+25.845, +8.024,+0.955
1692660840,+3.03,+25.803, +8.038,+0.954
1692660960,+3.03,+25.761, +8.036,+0.955
1692661080,+3.03,+25.702, +8.036,+0.955
1692661200,+3.03,+25.668, +8.052,+0.955
1692661320,+3.03,+25.634, +8.051,+0.955
1692661440,+3.03,+25.575, +8.076,+0.955
1692661560,+3.03,+25.533, +8.064,+0.955
1692661680,+3.03,+25.483, +8.081,+0.955
1692661800,+3.03,+25.440, +8.106,+0.955
1692661920,+3.03,+25.407, +8.092,+0.955
1692662040,+3.03,+25.381, +8.092,+0.954
1692662160,+3.02,+25.331, +8.104,+0.954
1692662280,+3.02,+25.289, +8.116,+0.955
1692662400,+3.02,+25.263, +8.114,+0.955
1692662520,+3.02,+25.247, +8.117,+0.954
1692662640,+3.02,+25.188, +8.128,+0.955
1692662760,+3.02,+25.162, +8.108,+0.953
1692662880,+3.02,+25.137, +8.128,+0.955
1692663000,+3.02,+25.095, +8.130,+0.954
1692663120,+3.02,+25.070, +8.133,+0.954
1692663240,+3.03,+25.002, +8.145,+0.954
1692663360,+3.03,+24.969, +8.169,+0.955
1692663480,+3.03,+24.935, +8.153,+0.954
1692663600,+3.03,+24.927, +8.152,+0.953
1692663720,+3.03,+24.902, +8.155,+0.954
1692663840,+3.03,+24.851, +8.177,+0.954
1692663960,+3.03,+24.817, +8.183,+0.954
1692664080,+3.03,+24.792, +8.176,+0.954
1692664200,+3.03,+24.742, +8.181,+0.954
1692664320,+3.03,+24.725, +8.180,+0.954
1692664440,+3.03,+24.683, +8.193,+0.954
1692664560,+3.03,+24.641, +8.205,+0.954
1692664680,+3.03,+24.607, +8.215,+0.954
1692664800,+3.03,+24.557, +8.216,+0.954
1692664920,+3.03,+24.540, +8.217,+0.954
1692665040,+3.03,+24.481, +8.225,+0.954
1692665160,+3.03,+24.439, +8.237,+0.954
1692665280,+3.03,+24.389, +8.234,+0.953
1692665400,+3.03,+24.355, +8.237,+0.953
1692665520,+3.03,+24.330, +8.241,+0.953
1692665640,+3.03,+24.297, +8.241,+0.953
1692665760,+3.02,+24.255, +8.250,+0.953
1692665880,+3.02,+24.238, +8.246,+0.953
1692666000,+3.03,+24.204, +8.252,+0.953
1692666120,+3.02,+24.171, +8.251,+0.953
1692666240,+3.03,+24.154, +8.256,+0.953
1692666360,+3.03,+24.129, +8.252,+0.952
1692666480,+3.03,+24.095, +8.262,+0.953
1692666600,+3.03,+24.062, +8.280,+0.954
1692666720,+3.03,+24.053, +8.272,+0.953
1692666840,+3.03,+24.036, +8.288,+0.954
1692666960,+3.03,+24.020, +8.276,+0.953
1692667080,+3.03,+23.994, +8.294,+0.953
1692667200,+3.03,+23.978, +8.269,+0.952
1692667320,+3.03,+23.952, +8.285,+0.953
1692667440,+3.03,+23.936, +8.293,+0.953
1692667560,+3.03,+23.911, +8.300,+0.953
1692667680,+3.03,+23.885, +8.299,+0.952
1692667800,+3.03,+23.852, +8.305,+0.953
1692667920,+3.03,+23.818, +8.322,+0.953
1692668040,+3.03,+23.785, +8.319,+0.953
1692668160,+3.03,+23.751, +8.316,+0.952
1692668280,+3.03,+23.743, +8.316,+0.952
1692668400,+3.03,+23.718, +8.321,+0.953
1692668520,+3.03,+23.693, +8.315,+0.952
1692668640,+3.03,+23.659, +8.334,+0.953
1692668760,+3.03,+23.651, +8.335,+0.952
1692668880,+3.03,+23.600, +8.357,+0.953
1692669000,+3.03,+23.584, +8.351,+0.953
1692669120,+3.03,+23.542, +8.345,+0.952
1692669240,+3.03,+23.517, +8.351,+0.952
1692669360,+3.03,+23.500, +8.352,+0.952
1692669480,+3.03,+23.483, +8.351,+0.952
1692669600,+3.03,+23.466, +8.345,+0.951
1692669720,+3.03,+23.441, +8.372,+0.953
1692669840,+3.03,+23.416, +8.369,+0.952
1692669960,+3.03,+23.399, +8.361,+0.952
1692670080,+3.03,+23.374, +8.367,+0.952
1692670200,+3.03,+23.366, +8.368,+0.952
1692670320,+3.03,+23.366, +8.374,+0.952
1692670440,+3.03,+23.324, +8.383,+0.952
1692670560,+3.03,+23.315, +8.378,+0.952
1692670680,+3.03,+23.282, +8.377,+0.951
1692670800,+3.03,+23.265, +8.393,+0.952
1692670920,+3.03,+23.248, +8.390,+0.952
1692671040,+3.03,+23.223, +8.392,+0.952
1692671160,+3.03,+23.190, +8.397,+0.952
1692671280,+3.03,+23.181, +8.398,+0.952
1692671400,+3.03,+23.156, +8.397,+0.952
1692671520,+3.03,+23.140, +8.402,+0.952
1692671640,+3.03,+23.131, +8.400,+0.952
1692671760,+3.03,+23.106, +8.403,+0.952
1692671880,+3.03,+23.098, +8.410,+0.952
1692672000,+3.03,+23.081, +8.401,+0.951
1692672120,+3.03,+23.064, +8.406,+0.952
1692672240,+3.03,+23.056, +8.397,+0.951
1692672360,+3.03,+23.039, +8.410,+0.952
1692672480,+3.03,+23.014, +8.411,+0.951
1692672600,+3.03,+23.022, +8.408,+0.951
1692672720,+3.03,+22.997, +8.423,+0.952
1692672840,+3.03,+22.972, +8.415,+0.951
1692672960,+3.03,+22.955, +8.430,+0.952
1692673080,+3.03,+22.947, +8.429,+0.952
1692673200,+3.03,+22.939, +8.418,+0.952
1692673320,+3.03,+22.914, +8.430,+0.952
1692673440,+3.03,+22.888, +8.439,+0.951
1692673560,+3.03,+22.897, +8.433,+0.951
1692673680,+3.03,+22.888, +8.430,+0.951
1692673800,+3.03,+22.914, +8.429,+0.952
1692673920,+3.03,+22.872, +8.438,+0.952
1692674040,+3.03,+22.872, +8.444,+0.952
1692674160,+3.03,+22.830, +8.432,+0.951
1692674280,+3.03,+22.838, +8.443,+0.951
1692674400,+3.03,+22.821, +8.452,+0.952
1692674520,+3.03,+22.805, +8.448,+0.951
1692674640,+3.03,+22.771, +8.454,+0.951
1692674760,+3.03,+22.771, +8.456,+0.952
1692674880,+3.03,+22.746, +8.457,+0.952
1692675000,+3.03,+22.746, +8.443,+0.951
1692675120,+3.03,+22.704, +8.472,+0.952
1692675240,+3.03,+22.696, +8.465,+0.951
1692675360,+3.03,+22.696, +8.463,+0.951
1692675480,+3.03,+22.654, +8.470,+0.952
1692675600,+3.03,+22.688, +8.459,+0.951
1692675720,+3.03,+22.663, +8.462,+0.951
1692675840,+3.03,+22.654, +8.477,+0.952
1692675960,+3.03,+22.637, +8.470,+0.952
1692676080,+3.03,+22.621, +8.473,+0.951
1692676200,+3.03,+22.596, +8.478,+0.951
1692676320,+3.03,+22.587, +8.481,+0.951
1692676440,+3.03,+22.579, +8.482,+0.951
1692676560,+3.03,+22.579, +8.481,+0.951
1692676680,+3.03,+22.579, +8.472,+0.951
1692676800,+3.03,+22.545, +8.486,+0.951
1692676920,+3.03,+22.545, +8.483,+0.951
1692677040,+3.03,+22.545, +8.474,+0.951
1692677160,+3.03,+22.537, +8.474,+0.951
1692677280,+3.03,+22.520, +8.486,+0.952
1692677400,+3.03,+22.512, +8.483,+0.951
1692677520,+3.03,+22.504, +8.483,+0.951
1692677640,+3.03,+22.495, +8.481,+0.951
1692677760,+3.03,+22.462, +8.505,+0.951
1692677880,+3.03,+22.462, +8.500,+0.951
1692678000,+3.03,+22.453, +8.500,+0.951
1692678120,+3.03,+22.437, +8.506,+0.952
1692678240,+3.03,+22.445, +8.495,+0.951
1692678360,+3.03,+22.428, +8.492,+0.950
1692678480,+3.03,+22.395, +8.496,+0.951
1692678600,+3.03,+22.420, +8.490,+0.950
1692678720,+3.03,+22.386, +8.506,+0.951
1692678840,+3.03,+22.395, +8.494,+0.951
1692678960,+3.03,+22.386, +8.492,+0.950
1692679080,+3.03,+22.378, +8.510,+0.951
1692679200,+3.03,+22.345, +8.516,+0.951
1692679320,+3.03,+22.345, +8.511,+0.951
1692679440,+3.03,+22.336, +8.501,+0.951
1692679560,+3.03,+22.311, +8.518,+0.951
1692679680,+3.03,+22.286, +8.518,+0.951
1692679800,+3.03,+22.278, +8.516,+0.951
1692679920,+3.03,+22.286, +8.519,+0.951
1692680040,+3.03,+22.278, +8.528,+0.952
1692680160,+3.03,+22.261, +8.523,+0.951
1692680280,+3.03,+22.227, +8.525,+0.951
1692680400,+3.03,+22.227, +8.522,+0.950
1692680520,+3.03,+22.194, +8.530,+0.951
1692680640,+3.03,+22.186, +8.545,+0.951
1692680760,+3.03,+22.169, +8.544,+0.951
1692680880,+3.03,+22.152, +8.541,+0.951
1692681000,+3.03,+22.161, +8.530,+0.951
1692681120,+3.03,+22.144, +8.546,+0.951
1692681240,+3.03,+22.135, +8.544,+0.951
1692681360,+3.03,+22.127, +8.539,+0.951
1692681480,+3.03,+22.127, +8.542,+0.951
1692681600,+3.03,+22.110, +8.542,+0.951
1692681720,+3.03,+22.119, +8.534,+0.951
1692681840,+3.03,+22.102, +8.550,+0.952
1692681960,+3.03,+22.085, +8.540,+0.950
1692682080,+3.03,+22.077, +8.549,+0.951
1692682200,+3.03,+22.069, +8.548,+0.951
1692682320,+3.03,+22.052, +8.542,+0.950
1692682440,+3.03,+22.052, +8.542,+0.950
1692682560,+3.03,+22.052, +8.539,+0.950
1692682680,+3.03,+22.060, +8.551,+0.951
1692682800,+3.03,+22.052, +8.548,+0.951
1692682920,+3.03,+22.044, +8.544,+0.950
1692683040,+3.03,+22.018, +8.558,+0.951
1692683160,+3.03,+22.002, +8.560,+0.951
1692683280,+3.03,+22.002, +8.554,+0.951
1692683400,+3.03,+21.985, +8.552,+0.950
1692683520,+3.03,+21.993, +8.558,+0.951
1692683640,+3.03,+21.977, +8.561,+0.951
1692683760,+3.03,+21.968, +8.555,+0.950
1692683880,+3.03,+21.985, +8.557,+0.951
1692684000,+3.03,+21.952, +8.553,+0.950
1692684120,+3.03,+21.960, +8.554,+0.951
1692684240,+3.03,+21.952, +8.557,+0.951
1692684360,+3.03,+21.977, +8.545,+0.950
1692684480,+3.03,+21.943, +8.565,+0.951
1692684600,+3.03,+21.935, +8.564,+0.951
1692684720,+3.03,+21.952, +8.565,+0.951
1692684840,+3.03,+21.943, +8.569,+0.951
1692684960,+3.03,+21.926, +8.562,+0.950
1692685080,+3.03,+21.918, +8.566,+0.951
1692685200,+3.03,+21.893, +8.563,+0.950
1692685320,+3.03,+21.910, +8.552,+0.950
1692685440,+3.03,+21.893, +8.564,+0.950
1692685560,+3.03,+21.893, +8.567,+0.951
1692685680,+3.03,+21.893, +8.568,+0.951
1692685800,+3.03,+21.885, +8.566,+0.950
1692685920,+3.03,+21.868, +8.574,+0.950
1692686040,+3.03,+21.860, +8.571,+0.950
1692686160,+3.03,+21.834, +8.578,+0.951
1692686280,+3.03,+21.843, +8.567,+0.950
1692686400,+3.03,+21.818, +8.584,+0.951
1692686520,+3.03,+21.851, +8.568,+0.951
1692686640,+3.03,+21.834, +8.575,+0.951
1692686760,+3.03,+21.826, +8.568,+0.950
1692686880,+3.03,+21.834, +8.576,+0.951
1692687000,+3.03,+21.784, +8.593,+0.951
1692687120,+3.03,+21.793, +8.588,+0.951
1692687240,+3.03,+21.784, +8.582,+0.951
1692687360,+3.03,+21.776, +8.590,+0.951
1692687480,+3.03,+21.759, +8.589,+0.951
1692687600,+3.03,+21.751, +8.593,+0.951
1692687720,+3.03,+21.751, +8.594,+0.951
1692687840,+3.03,+21.784, +8.571,+0.951
1692687960,+3.03,+21.793, +8.571,+0.951
1692688080,+3.03,+21.793, +8.577,+0.951
1692688200,+3.03,+21.793, +8.574,+0.951
1692688320,+3.03,+21.784, +8.582,+0.951
1692688440,+3.03,+21.784, +8.569,+0.950
1692688560,+3.03,+21.759, +8.578,+0.951
1692688680,+3.03,+21.768, +8.575,+0.951
1692688800,+3.03,+21.751, +8.587,+0.951
1692688920,+3.03,+21.751, +8.577,+0.951
1692689040,+3.03,+21.742, +8.575,+0.950
1692689160,+3.03,+21.751, +8.582,+0.951
1692689280,+3.03,+21.768, +8.567,+0.950
1692689400,+3.03,+21.751, +8.583,+0.951
1692689520,+3.03,+21.742, +8.582,+0.951
1692689640,+3.03,+21.726, +8.589,+0.951
1692689760,+3.03,+21.751, +8.580,+0.951
1692689880,+3.03,+21.726, +8.593,+0.951
1692690000,+3.03,+21.717, +8.586,+0.950
1692690120,+3.03,+21.701, +8.584,+0.950
1692690240,+3.03,+21.692, +8.588,+0.950
1692690360,+3.03,+21.726, +8.575,+0.950
1692690480,+3.03,+21.726, +8.587,+0.951
1692690600,+3.03,+21.709, +8.590,+0.951
1692690720,+3.03,+21.709, +8.589,+0.951
1692690840,+3.03,+21.701, +8.581,+0.950
1692690960,+3.03,+21.726, +8.573,+0.950
1692691080,+3.03,+21.709, +8.588,+0.951
1692691200,+3.03,+21.717, +8.581,+0.951
1692691320,+3.03,+21.709, +8.587,+0.951
1692691440,+3.03,+21.726, +8.579,+0.951
1692691560,+3.03,+21.726, +8.564,+0.950
1692691680,+3.03,+21.726, +8.576,+0.951
1692691800,+3.03,+21.742, +8.568,+0.951
1692691920,+3.03,+21.734, +8.567,+0.950
1692692040,+3.03,+21.709, +8.581,+0.951
1692692160,+3.03,+21.734, +8.564,+0.950
1692692280,+3.03,+21.717, +8.567,+0.950
1692692400,+3.03,+21.734, +8.580,+0.951
1692692520,+3.03,+21.726, +8.564,+0.950
1692692640,+3.03,+21.717, +8.586,+0.951
1692692760,+3.03,+21.709, +8.585,+0.951
1692692880,+3.03,+21.717, +8.581,+0.951
1692693000,+3.03,+21.717, +8.586,+0.951
1692693120,+3.03,+21.717, +8.581,+0.951
1692693240,+3.03,+21.717, +8.590,+0.951
1692693360,+3.03,+21.709, +8.579,+0.951
1692693480,+3.03,+21.717, +8.579,+0.951
1692693600,+3.03,+21.701, +8.578,+0.950
1692693720,+3.03,+21.717, +8.575,+0.950
1692693840,+3.03,+21.709, +8.583,+0.951
1692693960,+3.03,+21.709, +8.589,+0.951
1692694080,+3.03,+21.726, +8.575,+0.951
1692694200,+3.03,+21.717, +8.589,+0.951
1692694320,+3.03,+21.709, +8.591,+0.951
1692694440,+3.03,+21.717, +8.585,+0.951
1692694560,+3.03,+21.742, +8.580,+0.951
1692694680,+3.03,+21.751, +8.585,+0.951
1692694800,+3.03,+21.742, +8.582,+0.951
1692694920,+3.03,+21.759, +8.581,+0.951
1692695040,+3.03,+21.751, +8.578,+0.950
1692695160,+3.03,+21.759, +8.579,+0.951
1692695280,+3.03,+21.759, +8.583,+0.951
1692695400,+3.03,+21.776, +8.579,+0.951
1692695520,+3.03,+21.751, +8.586,+0.951
1692695640,+3.03,+21.768, +8.574,+0.950
1692695760,+3.03,+21.768, +8.591,+0.952
1692695880,+3.03,+21.768, +8.580,+0.951
1692696000,+3.03,+21.768, +8.585,+0.951
1692696120,+3.03,+21.734, +8.591,+0.951
1692696240,+3.03,+21.734, +8.586,+0.951
1692696360,+3.03,+21.726, +8.589,+0.951
1692696480,+3.03,+21.701, +8.599,+0.951
1692696600,+3.03,+21.709, +8.589,+0.951
1692696720,+3.03,+21.709, +8.587,+0.951
1692696840,+3.03,+21.667, +8.602,+0.950
1692696960,+3.03,+21.650, +8.604,+0.950
1692697080,+3.03,+21.642, +8.598,+0.950
1692697200,+3.03,+21.609, +8.608,+0.950
1692697320,+3.03,+21.609, +8.615,+0.951
1692697440,+3.03,+21.575, +8.626,+0.950
1692697560,+3.03,+21.575, +8.612,+0.950
1692697680,+3.03,+21.567, +8.621,+0.950
1692697800,+3.03,+21.542, +8.627,+0.950
1692697920,+3.03,+21.533, +8.634,+0.951
1692698040,+3.03,+21.475, +8.645,+0.951
1692698160,+3.03,+21.483, +8.635,+0.950
1692698280,+3.03,+21.458, +8.637,+0.950
1692698400,+3.03,+21.458, +8.628,+0.950
1692698520,+3.03,+21.416, +8.651,+0.950
1692698640,+3.03,+21.408, +8.644,+0.950
1692698760,+3.03,+21.375, +8.656,+0.950
1692698880,+3.03,+21.358, +8.653,+0.950
1692699000,+3.03,+21.341, +8.656,+0.950
1692699120,+3.03,+21.316, +8.662,+0.950
1692699240,+3.04,+21.283, +8.667,+0.950
1692699360,+3.04,+21.266, +8.676,+0.950
1692699480,+3.04,+21.241, +8.688,+0.950
1692699600,+3.04,+21.224, +8.684,+0.950
1692699720,+3.04,+21.174, +8.696,+0.950
1692699840,+3.04,+21.132, +8.706,+0.950
1692699960,+3.03,+21.124, +8.708,+0.950
1692700080,+3.03,+21.065, +8.716,+0.950
1692700200,+3.03,+21.032, +8.720,+0.950
1692700320,+3.03,+21.015, +8.718,+0.949
1692700440,+3.03,+20.973, +8.740,+0.950
1692700560,+3.03,+20.931, +8.736,+0.949
1692700680,+3.03,+20.923, +8.730,+0.949
1692700800,+3.03,+20.881, +8.745,+0.949
1692700920,+3.03,+20.856, +8.758,+0.950
1692701040,+3.03,+20.839, +8.753,+0.950
1692701160,+3.03,+20.814, +8.755,+0.949
1692701280,+3.03,+20.814, +8.758,+0.949
1692701400,+3.03,+20.797, +8.758,+0.950
1692701520,+3.03,+20.806, +8.752,+0.950
1692701640,+3.03,+20.806, +8.740,+0.949
1692701760,+3.03,+20.806, +8.760,+0.950
1692701880,+3.03,+20.806, +8.754,+0.950
1692702000,+3.03,+20.806, +8.754,+0.949
1692702120,+3.03,+20.781, +8.772,+0.950
1692702240,+3.03,+20.764, +8.752,+0.949
1692702360,+3.03,+20.747, +8.769,+0.950
1692702480,+3.03,+20.756, +8.769,+0.950
1692702600,+3.03,+20.789, +8.764,+0.950
1692702720,+3.03,+20.764, +8.765,+0.950
1692702840,+3.03,+20.797, +8.763,+0.950
1692702960,+3.03,+20.814, +8.746,+0.949
1692703080,+3.03,+20.831, +8.753,+0.950
1692703200,+3.03,+20.848, +8.751,+0.950
1692703320,+3.03,+20.864, +8.745,+0.950
1692703440,+3.03,+20.873, +8.748,+0.950
1692703560,+3.03,+20.889, +8.743,+0.950
1692703680,+3.03,+20.940, +8.738,+0.950
1692703800,+3.03,+20.948, +8.732,+0.950
1692703920,+3.03,+20.981, +8.725,+0.950
1692704040,+3.03,+21.007, +8.733,+0.950
1692704160,+3.03,+21.048, +8.725,+0.950
1692704280,+3.03,+21.048, +8.729,+0.950
1692704400,+3.03,+21.065, +8.730,+0.950
1692704520,+3.03,+21.115, +8.718,+0.950
1692704640,+3.03,+21.132, +8.724,+0.950
1692704760,+3.04,+21.174, +8.710,+0.950
1692704880,+3.04,+21.207, +8.709,+0.950
1692705000,+3.04,+21.199, +8.723,+0.950
1692705120,+3.04,+21.249, +8.705,+0.950
1692705240,+3.04,+21.241, +8.717,+0.950
1692705360,+3.04,+21.249, +8.718,+0.949
1692705480,+3.04,+21.274, +8.726,+0.950
1692705600,+3.03,+21.283, +8.717,+0.950
1692705720,+3.04,+21.308, +8.729,+0.951
1692705840,+3.03,+21.324, +8.721,+0.951
1692705960,+3.03,+21.341, +8.718,+0.950
1692706080,+3.03,+21.324, +8.718,+0.950
1692706200,+3.03,+21.299, +8.725,+0.950
1692706320,+3.04,+21.283, +8.747,+0.950
1692706440,+3.03,+21.308, +8.734,+0.950
1692706560,+3.04,+21.316, +8.733,+0.950
1692706680,+3.03,+21.349, +8.711,+0.950
1692706800,+3.03,+21.366, +8.700,+0.950
1692706920,+3.03,+21.408, +8.705,+0.950
1692707040,+3.03,+21.458, +8.681,+0.950
1692707160,+3.03,+21.517, +8.672,+0.950
1692707280,+3.03,+21.533, +8.674,+0.950
1692707400,+3.03,+21.584, +8.655,+0.950
1692707520,+3.03,+21.642, +8.640,+0.950
1692707640,+3.03,+21.667, +8.650,+0.950
1692707760,+3.03,+21.701, +8.640,+0.950
1692707880,+3.03,+21.709, +8.659,+0.951
1692708000,+3.03,+21.742, +8.642,+0.950
1692708120,+3.03,+21.742, +8.654,+0.950
1692708240,+3.03,+21.759, +8.664,+0.950
1692708360,+3.03,+21.768, +8.675,+0.951
1692708480,+3.03,+21.784, +8.651,+0.950
1692708600,+3.03,+21.801, +8.692,+0.950
1692708720,+3.03,+21.801, +8.654,+0.949
1692708840,+3.03,+21.826, +8.669,+0.950
1692708960,+3.03,+21.851, +8.657,+0.950
1692709080,+3.03,+21.860, +8.692,+0.950
1692709200,+3.03,+21.868, +8.673,+0.951
1692709320,+3.03,+21.901, +8.677,+0.951
1692709440,+3.03,+21.918, +8.669,+0.951
1692709560,+3.03,+21.943, +8.660,+0.951
1692709680,+3.03,+21.968, +8.646,+0.950
1692709800,+3.03,+22.010, +8.684,+0.950
1692709920,+3.03,+22.002, +8.643,+0.950
1692710040,+3.03,+22.027, +8.677,+0.950
1692710160,+3.03,+22.077, +8.653,+0.950
1692710280,+3.03,+22.110, +8.634,+0.951
1692710400,+3.03,+22.177, +8.630,+0.951
1692710520,+3.03,+22.219, +8.630,+0.950
1692710640,+3.03,+22.286, +8.632,+0.950
1692710760,+3.03,+22.336, +8.613,+0.951
1692710880,+3.03,+22.378, +8.604,+0.950
1692711000,+3.03,+22.437, +8.620,+0.951
1692711120,+3.03,+22.478, +8.601,+0.951
1692711240,+3.03,+22.495, +8.638,+0.951
1692711360,+3.03,+22.529, +8.609,+0.951
1692711480,+3.03,+22.537, +8.613,+0.951
1692711600,+3.03,+22.596, +8.589,+0.951
1692711720,+3.03,+22.646, +8.596,+0.951
1692711840,+3.03,+22.688, +8.630,+0.951
1692711960,+3.03,+22.746, +8.615,+0.951
1692712080,+3.03,+22.755, +8.599,+0.951
1692712200,+3.03,+22.821, +8.586,+0.951
1692712320,+3.03,+22.872, +8.590,+0.951
1692712440,+3.03,+22.897, +8.558,+0.951
1692712560,+3.03,+22.914, +8.569,+0.952
1692712680,+3.03,+22.955, +8.562,+0.951
1692712800,+3.03,+22.989, +8.579,+0.951
1692712920,+3.03,+22.989, +8.568,+0.951
1692713040,+3.03,+22.989, +8.551,+0.950
1692713160,+3.03,+23.006, +8.549,+0.950
1692713280,+3.03,+23.022, +8.562,+0.951
1692713400,+3.03,+23.064, +8.578,+0.951
1692713520,+3.03,+23.123, +8.552,+0.951
1692713640,+3.03,+23.165, +8.565,+0.951
1692713760,+3.03,+23.240, +8.546,+0.952
1692713880,+3.03,+23.282, +8.523,+0.952
1692714000,+3.03,+23.341, +8.513,+0.951
1692714120,+3.03,+23.382, +8.524,+0.951
1692714240,+3.03,+23.408, +8.512,+0.951
1692714360,+3.03,+23.466, +8.510,+0.952
1692714480,+3.03,+23.508, +8.486,+0.951
1692714600,+3.03,+23.533, +8.524,+0.951
1692714720,+3.03,+23.542, +8.496,+0.952
1692714840,+3.03,+23.592, +8.474,+0.952
1692714960,+3.03,+23.617, +8.479,+0.952
1692715080,+3.03,+23.676, +8.464,+0.952
1692715200,+3.03,+23.734, +8.485,+0.952
1692715320,+3.03,+23.869, +8.467,+0.952
1692715440,+3.03,+23.936, +8.440,+0.952
1692715560,+3.03,+24.045, +8.466,+0.953
1692715680,+3.02,+24.246, +8.429,+0.952
1692715800,+3.03,+24.297, +8.395,+0.952
1692715920,+3.03,+24.364, +8.390,+0.953
1692716040,+3.03,+24.414, +8.422,+0.953
1692716160,+3.03,+24.506, +8.397,+0.953
1692716280,+3.03,+24.632, +8.421,+0.953
1692716400,+3.03,+24.809, +8.370,+0.953
1692716520,+3.03,+24.851, +8.346,+0.952
1692716640,+3.03,+24.927, +8.340,+0.953
1692716760,+3.02,+25.036, +8.324,+0.953
1692716880,+3.02,+25.112, +8.314,+0.953
1692717000,+3.03,+25.398, +8.301,+0.955
1692717120,+3.02,+25.972, +8.316,+0.956
1692717240,+3.03,+26.615, +8.182,+0.956
1692717360,+3.03,+26.606, +8.156,+0.955
1692717480,+3.03,+26.530, +8.173,+0.955
1692717600,+3.02,+26.496, +8.151,+0.955
1692717720,+3.02,+26.420, +8.151,+0.955
1692717840,+3.02,+26.352, +8.153,+0.955
1692717960,+3.02,+26.369, +8.152,+0.954
1692718080,+3.02,+26.361, +8.149,+0.955
1692718200,+3.02,+26.327, +8.146,+0.954
1692718320,+3.02,+26.293, +8.160,+0.954
1692718440,+3.02,+26.310, +8.152,+0.954
1692718560,+3.02,+26.268, +8.169,+0.954
1692718680,+3.02,+26.268, +8.151,+0.954
1692718800,+3.02,+26.302, +8.174,+0.954
1692718920,+3.02,+26.327, +8.159,+0.955
1692719040,+3.02,+26.369, +8.155,+0.955
1692719160,+3.02,+26.395, +8.156,+0.954
1692719280,+3.02,+26.454, +8.149,+0.955
1692719400,+3.03,+26.522, +8.148,+0.955
1692719520,+3.03,+26.640, +8.104,+0.955
1692719640,+3.03,+26.750, +8.099,+0.954
1692719760,+3.02,+26.861, +8.077,+0.955
1692719880,+3.02,+26.920, +8.093,+0.955
1692720000,+3.02,+27.404, +8.155,+0.956
1692720120,+3.02,+28.137, +8.022,+0.957
1692720240,+3.02,+28.137, +8.015,+0.957
1692720360,+3.02,+28.129, +7.987,+0.956
1692720480,+3.02,+28.086, +8.001,+0.957
1692720600,+3.02,+28.137, +7.956,+0.956
1692720720,+3.02,+28.112, +7.959,+0.956
1692720840,+3.02,+28.154, +7.963,+0.956
1692720960,+3.02,+28.334, +7.930,+0.956
1692721080,+3.02,+28.206, +7.956,+0.956
1692721200,+3.02,+28.112, +7.954,+0.956
1692721320,+3.02,+27.932, +7.969,+0.955
1692721440,+3.02,+27.745, +7.971,+0.955
1692721560,+3.02,+27.753, +7.999,+0.956
1692721680,+3.02,+27.941, +7.992,+0.956
1692721800,+3.02,+28.300, +7.975,+0.957
1692721920,+3.02,+29.303, +7.985,+0.959
1692722040,+3.01,+30.668, +7.846,+0.960
1692722160,+3.01,+31.950, +7.738,+0.960
1692722280,+3.01,+32.944, +7.592,+0.960
1692722400,+3.02,+33.262, +7.428,+0.957
1692722520,+3.01,+32.617, +7.487,+0.958
1692722640,+3.01,+32.617, +7.466,+0.957
1692722760,+3.01,+33.050, +7.402,+0.957
1692722880,+3.01,+33.023, +7.528,+0.958
1692723000,+3.01,+34.194, +7.404,+0.956
1692723120,+3.01,+34.936, +7.262,+0.955
1692723240,+3.01,+34.337, +7.237,+0.955
1692723360,+3.01,+33.767, +7.307,+0.955
1692723480,+3.02,+33.244, +7.372,+0.956
1692723600,+3.01,+33.014, +7.382,+0.956
1692723720,+3.01,+33.474, +7.441,+0.957
1692723840,+3.01,+33.439, +7.314,+0.955
1692723960,+3.01,+33.085, +7.411,+0.957
1692724080,+3.01,+32.997, +7.401,+0.956
1692724200,+3.01,+32.864, +7.444,+0.957
1692724320,+3.01,+32.653, +7.437,+0.956
1692724440,+3.01,+32.485, +7.464,+0.957
1692724560,+3.02,+32.274, +7.485,+0.957
1692724680,+3.02,+32.055, +7.511,+0.957
1692724800,+3.01,+31.932, +7.521,+0.957
1692724920,+3.01,+31.705, +7.525,+0.957
1692725040,+3.02,+31.408, +7.541,+0.957
1692725160,+3.02,+31.172, +7.578,+0.957
1692725280,+3.02,+30.911, +7.604,+0.957
1692725400,+3.01,+30.703, +7.621,+0.957
1692725520,+3.02,+30.555, +7.669,+0.958
1692725640,+3.02,+30.425, +7.710,+0.958
1692725760,+3.02,+30.503, +7.685,+0.958
1692725880,+3.01,+30.642, +7.706,+0.959
1692726000,+3.02,+30.859, +7.695,+0.958
1692726120,+3.02,+31.068, +7.705,+0.959
1692726240,+3.02,+31.373, +7.711,+0.959
1692726360,+3.02,+31.364, +7.624,+0.958
1692726480,+3.02,+31.155, +7.617,+0.958
1692726600,+3.02,+31.007, +7.692,+0.958
1692726720,+3.02,+31.355, +7.645,+0.960
1692726840,+3.01,+31.705, +7.603,+0.958
1692726960,+3.02,+32.055, +7.597,+0.959
1692727080,+3.02,+32.380, +7.543,+0.958
1692727200,+3.02,+32.415, +7.544,+0.958
1692727320,+3.02,+32.424, +7.502,+0.958
1692727440,+3.02,+32.327, +7.511,+0.957
1692727560,+3.02,+32.038, +7.531,+0.957
1692727680,+3.01,+31.897, +7.529,+0.958
1692727800,+3.01,+31.687, +7.549,+0.958
1692727920,+3.02,+31.338, +7.542,+0.957
1692728040,+3.02,+31.068, +7.626,+0.958
1692728160,+3.02,+30.842, +7.602,+0.958
1692728280,+3.02,+30.494, +7.667,+0.957
1692728400,+3.02,+30.139, +7.698,+0.957
1692728520,+3.02,+29.854, +7.719,+0.957
1692728640,+3.02,+29.682, +7.733,+0.957
1692728760,+3.02,+29.587, +7.769,+0.957
1692728880,+3.02,+29.415, +7.765,+0.957
1692729000,+3.02,+29.157, +7.795,+0.957
1692729120,+3.02,+28.959, +7.830,+0.956
1692729240,+3.02,+28.736, +7.841,+0.957
1692729360,+3.02,+28.565, +7.891,+0.957
1692729480,+3.02,+28.453, +7.880,+0.957
1692729600,+3.02,+28.325, +7.921,+0.956
1692729720,+3.02,+28.240, +7.912,+0.956
1692729840,+3.02,+28.129, +7.925,+0.956
1692729960,+3.02,+27.975, +7.942,+0.956
1692730080,+3.02,+27.898, +7.970,+0.956
1692730200,+3.02,+27.753, +7.978,+0.956
1692730320,+3.02,+27.651, +7.991,+0.956
1692730440,+3.02,+27.643, +7.978,+0.956
1692730560,+3.02,+27.549, +8.022,+0.956
1692730680,+3.02,+27.489, +7.997,+0.956
1692730800,+3.02,+27.430, +8.016,+0.957
1692730920,+3.02,+27.362, +8.035,+0.956
1692731040,+3.02,+27.226, +7.921,+0.956
1692731160,+3.02,+27.030, +7.987,+0.955
1692731280,+3.02,+26.954, +8.040,+0.957
1692731400,+3.02,+26.886, +8.022,+0.956
1692731520,+3.03,+26.750, +8.126,+0.956
1692731640,+3.03,+26.632, +8.063,+0.955
1692731760,+3.03,+26.598, +8.114,+0.956
1692731880,+3.03,+26.564, +8.072,+0.955
1692732000,+3.03,+26.606, +8.124,+0.955
1692732120,+3.03,+26.615, +8.093,+0.955
1692732240,+3.03,+26.649, +8.107,+0.956
1692732360,+3.03,+26.657, +8.077,+0.956
1692732480,+3.03,+26.649, +8.115,+0.956
1692732600,+3.03,+26.539, +8.115,+0.955
1692732720,+3.02,+26.471, +8.137,+0.956
1692732840,+3.02,+26.420, +8.123,+0.955
1692732960,+3.02,+26.395, +8.124,+0.955
1692733080,+3.02,+26.378, +8.134,+0.955
1692733200,+3.02,+26.403, +8.162,+0.955
1692733320,+3.02,+26.378, +8.185,+0.955
1692733440,+3.02,+26.445, +8.134,+0.955
1692733560,+3.02,+26.429, +8.157,+0.955
1692733680,+3.02,+26.378, +8.159,+0.955
1692733800,+3.02,+26.327, +8.142,+0.955
1692733920,+3.02,+26.302, +8.135,+0.956
1692734040,+3.02,+26.200, +8.140,+0.955
1692734160,+3.02,+26.107, +8.162,+0.955
1692734280,+3.02,+26.031, +8.174,+0.955
1692734400,+3.02,+25.947, +8.183,+0.955
1692734520,+3.02,+25.879, +8.215,+0.955
1692734640,+3.03,+25.871, +8.220,+0.955
1692734760,+3.03,+25.871, +8.205,+0.954
1692734880,+3.02,+25.913, +8.194,+0.955
1692735000,+3.02,+25.930, +8.193,+0.955
1692735120,+3.02,+25.904, +8.201,+0.955
1692735240,+3.02,+25.887, +8.196,+0.955
1692735360,+3.02,+25.879, +8.222,+0.955
1692735480,+3.03,+25.828, +8.200,+0.955
1692735600,+3.03,+25.812, +8.203,+0.955
1692735720,+3.03,+25.845, +8.211,+0.955
1692735840,+3.02,+25.854, +8.193,+0.955
1692735960,+3.02,+25.862, +8.200,+0.954
1692736080,+3.03,+25.828, +8.226,+0.954
1692736200,+3.03,+25.803, +8.232,+0.956
1692736320,+3.03,+25.761, +8.218,+0.954
1692736440,+3.03,+25.736, +8.227,+0.955
1692736560,+3.03,+25.693, +8.208,+0.955
1692736680,+3.03,+25.643, +8.213,+0.955
1692736800,+3.03,+25.609, +8.218,+0.954
1692736920,+3.03,+25.558, +8.252,+0.954
1692737040,+3.03,+25.525, +8.229,+0.955
1692737160,+3.03,+25.499, +8.261,+0.955
1692737280,+3.03,+25.483, +8.233,+0.954
1692737400,+3.03,+25.449, +8.255,+0.954
1692737520,+3.03,+25.424, +8.249,+0.954
1692737640,+3.03,+25.390, +8.279,+0.954
1692737760,+3.02,+25.322, +8.270,+0.954
1692737880,+3.02,+25.280, +8.266,+0.954
1692738000,+3.02,+25.263, +8.253,+0.954
1692738120,+3.02,+25.205, +8.291,+0.954
1692738240,+3.02,+25.188, +8.271,+0.954
1692738360,+3.02,+25.120, +8.293,+0.954
1692738480,+3.02,+25.061, +8.312,+0.953
1692738600,+3.02,+25.002, +8.298,+0.953
1692738720,+3.03,+24.960, +8.313,+0.954
1692738840,+3.03,+24.902, +8.352,+0.954
1692738960,+3.03,+24.851, +8.329,+0.953
1692739080,+3.03,+24.809, +8.370,+0.954
1692739200,+3.03,+24.775, +8.345,+0.953
1692739320,+3.03,+24.725, +8.349,+0.953
1692739440,+3.03,+24.683, +8.371,+0.954
1692739560,+3.03,+24.632, +8.368,+0.954
1692739680,+3.03,+24.624, +8.359,+0.954
1692739800,+3.03,+24.582, +8.367,+0.953
1692739920,+3.03,+24.548, +8.349,+0.953
1692740040,+3.03,+24.506, +8.378,+0.954
1692740160,+3.03,+24.456, +8.382,+0.953
1692740280,+3.03,+24.406, +8.399,+0.953
1692740400,+3.03,+24.372, +8.397,+0.953
1692740520,+3.03,+24.330, +8.391,+0.953
1692740640,+3.03,+24.313, +8.397,+0.953
1692740760,+3.02,+24.238, +8.425,+0.953
1692740880,+3.02,+24.196, +8.423,+0.953
1692741000,+3.02,+24.145, +8.414,+0.953
1692741120,+3.02,+24.103, +8.410,+0.953
1692741240,+3.03,+24.087, +8.427,+0.953
1692741360,+3.03,+24.028, +8.439,+0.953
1692741480,+3.03,+23.986, +8.436,+0.953
1692741600,+3.03,+23.961, +8.439,+0.953
1692741720,+3.03,+23.927, +8.463,+0.953
1692741840,+3.03,+23.869, +8.456,+0.953
1692741960,+3.03,+23.852, +8.453,+0.952
1692742080,+3.03,+23.818, +8.445,+0.952
1692742200,+3.03,+23.802, +8.467,+0.953
1692742320,+3.03,+23.776, +8.444,+0.952
1692742440,+3.03,+23.734, +8.459,+0.952
1692742560,+3.03,+23.701, +8.481,+0.953
1692742680,+3.03,+23.659, +8.481,+0.953
