7450-401396
OS REV: 1.05 Sensor Cal: 1618512290
Time (sec),  BV (Volts),  T (deg C),  DO (mg/l),  Q ()
1697328360,+3.00,+14.188, +9.759,+0.944
1697328480,+3.00,+14.205, +9.739,+0.944
1697328600,+3.00,+14.170, +9.757,+0.944
1697328720,+3.00,+14.162, +9.752,+0.943
1697328840,+3.00,+14.144, +9.755,+0.944
1697328960,+3.00,+14.109, +9.764,+0.944
1697329080,+3.00,+14.101, +9.753,+0.943
1697329200,+3.00,+14.057, +9.777,+0.944
1697329320,+3.00,+14.049, +9.776,+0.944
1697329440,+3.00,+14.040, +9.773,+0.943
1697329560,+3.00,+14.014, +9.776,+0.943
1697329680,+3.00,+14.005, +9.780,+0.943
1697329800,+3.00,+13.971, +9.788,+0.944
1697329920,+3.00,+13.979, +9.786,+0.944
1697330040,+3.00,+13.971, +9.795,+0.944
1697330160,+3.00,+13.944, +9.783,+0.943
1697330280,+3.00,+13.892, +9.802,+0.943
1697330400,+3.00,+13.875, +9.820,+0.944
1697330520,+3.00,+13.875, +9.802,+0.943
1697330640,+3.00,+13.857, +9.813,+0.944
1697330760,+3.00,+13.866, +9.807,+0.943
1697330880,+3.00,+13.840, +9.821,+0.944
1697331000,+3.00,+13.814, +9.825,+0.944
1697331120,+3.00,+13.797, +9.830,+0.944
1697331240,+3.00,+13.779, +9.825,+0.943
1697331360,+3.00,+13.797, +9.828,+0.944
1697331480,+3.00,+13.744, +9.835,+0.943
1697331600,+3.00,+13.744, +9.840,+0.944
1697331720,+3.00,+13.736, +9.845,+0.944
1697331840,+3.00,+13.709, +9.840,+0.943
1697331960,+3.00,+13.683, +9.849,+0.943
1697332080,+3.00,+13.666, +9.848,+0.943
1697332200,+3.00,+13.648, +9.856,+0.944
1697332320,+3.00,+13.631, +9.858,+0.944
1697332440,+3.00,+13.605, +9.873,+0.944
1697332560,+3.00,+13.614, +9.867,+0.944
1697332680,+3.00,+13.579, +9.884,+0.944
1697332800,+3.00,+13.587, +9.869,+0.944
1697332920,+3.00,+13.570, +9.877,+0.944
1697333040,+3.00,+13.552, +9.874,+0.944
1697333160,+3.00,+13.526, +9.877,+0.943
1697333280,+3.00,+13.509, +9.887,+0.944
1697333400,+3.00,+13.500, +9.884,+0.944
1697333520,+3.00,+13.465, +9.896,+0.944
1697333640,+3.00,+13.448, +9.897,+0.943
1697333760,+3.00,+13.430, +9.902,+0.944
1697333880,+3.00,+13.404, +9.916,+0.944
1697334000,+3.00,+13.395, +9.913,+0.944
1697334120,+3.00,+13.378, +9.915,+0.944
1697334240,+3.00,+13.351, +9.932,+0.944
1697334360,+3.00,+13.351, +9.919,+0.944
1697334480,+3.00,+13.325, +9.927,+0.944
1697334600,+3.00,+13.308, +9.947,+0.944
1697334720,+3.00,+13.299, +9.928,+0.944
1697334840,+3.00,+13.273, +9.938,+0.944
1697334960,+3.00,+13.229, +9.951,+0.944
1697335080,+3.00,+13.229, +9.936,+0.943
1697335200,+3.00,+13.203, +9.956,+0.944
1697335320,+3.00,+13.194, +9.962,+0.944
1697335440,+3.00,+13.168, +9.965,+0.944
1697335560,+3.00,+13.150, +9.972,+0.944
1697335680,+3.00,+13.168, +9.955,+0.944
1697335800,+3.00,+13.141, +9.969,+0.944
1697335920,+3.00,+13.150, +9.960,+0.943
1697336040,+3.00,+13.132, +9.961,+0.943
1697336160,+3.00,+13.132, +9.963,+0.944
1697336280,+3.00,+13.115, +9.973,+0.944
1697336400,+3.00,+13.124, +9.958,+0.944
1697336520,+3.00,+13.106, +9.974,+0.944
1697336640,+3.00,+13.115, +9.973,+0.944
1697336760,+3.00,+13.097, +9.974,+0.944
1697336880,+3.00,+13.080, +9.980,+0.944
1697337000,+3.00,+13.071, +9.980,+0.944
1697337120,+3.00,+13.071, +9.980,+0.944
1697337240,+3.00,+13.062, +9.976,+0.943
1697337360,+3.00,+13.053, +9.984,+0.944
1697337480,+3.00,+13.045, +9.990,+0.944
1697337600,+3.00,+13.053, +9.984,+0.944
1697337720,+3.00,+13.027, +9.986,+0.943
1697337840,+3.00,+13.018, +9.995,+0.944
1697337960,+3.00,+13.010, +9.993,+0.944
1697338080,+3.00,+13.001, +9.995,+0.944
1697338200,+3.00,+13.010, +9.995,+0.944
1697338320,+3.00,+12.974,+10.016,+0.944
1697338440,+3.00,+12.992, +9.995,+0.943
1697338560,+3.00,+12.992, +9.996,+0.944
1697338680,+3.00,+13.001, +9.995,+0.944
1697338800,+3.00,+12.983,+10.012,+0.944
1697338920,+3.00,+12.966,+10.016,+0.944
1697339040,+3.00,+12.966,+10.006,+0.944
1697339160,+3.00,+12.957,+10.004,+0.944
1697339280,+3.00,+12.948,+10.018,+0.944
1697339400,+3.00,+12.966,+10.018,+0.944
1697339520,+3.00,+12.966,+10.008,+0.944
1697339640,+3.00,+12.939,+10.022,+0.944
1697339760,+3.00,+12.904,+10.016,+0.943
1697339880,+3.00,+12.878,+10.020,+0.943
1697340000,+3.00,+12.825,+10.043,+0.944
1697340120,+3.00,+12.807,+10.039,+0.943
1697340240,+3.00,+12.772,+10.049,+0.944
1697340360,+3.00,+12.737,+10.062,+0.944
1697340480,+3.00,+12.737,+10.058,+0.944
1697340600,+3.00,+12.719,+10.061,+0.943
1697340720,+3.00,+12.684,+10.069,+0.944
1697340840,+3.00,+12.666,+10.075,+0.944
1697340960,+3.00,+12.640,+10.084,+0.944
1697341080,+3.00,+12.605,+10.088,+0.943
1697341200,+3.01,+12.587,+10.087,+0.943
1697341320,+3.01,+12.543,+10.110,+0.944
1697341440,+3.01,+12.507,+10.124,+0.944
1697341560,+3.01,+12.463,+10.121,+0.943
1697341680,+3.01,+12.446,+10.120,+0.944
1697341800,+3.01,+12.454,+10.124,+0.944
1697341920,+3.01,+12.428,+10.136,+0.944
1697342040,+3.01,+12.401,+10.137,+0.944
1697342160,+3.00,+12.419,+10.136,+0.944
1697342280,+3.00,+12.401,+10.138,+0.944
1697342400,+3.00,+12.401,+10.133,+0.944
1697342520,+3.00,+12.401,+10.120,+0.943
1697342640,+3.00,+12.375,+10.132,+0.944
1697342760,+3.00,+12.331,+10.155,+0.944
1697342880,+3.00,+12.322,+10.152,+0.944
1697343000,+3.00,+12.313,+10.156,+0.944
1697343120,+3.00,+12.286,+10.151,+0.944
1697343240,+3.00,+12.260,+10.154,+0.944
1697343360,+3.00,+12.260,+10.160,+0.944
1697343480,+3.00,+12.198,+10.174,+0.944
1697343600,+3.00,+12.189,+10.170,+0.944
1697343720,+3.00,+12.144,+10.192,+0.944
1697343840,+3.00,+12.118,+10.187,+0.944
1697343960,+3.00,+12.100,+10.196,+0.944
1697344080,+3.00,+12.047,+10.198,+0.943
1697344200,+3.00,+12.020,+10.222,+0.944
1697344320,+3.00,+12.002,+10.230,+0.944
1697344440,+3.00,+11.949,+10.235,+0.944
1697344560,+3.00,+11.949,+10.228,+0.943
1697344680,+3.00,+11.922,+10.228,+0.943
1697344800,+3.00,+11.913,+10.243,+0.944
1697344920,+3.00,+11.887,+10.242,+0.944
1697345040,+3.00,+11.878,+10.253,+0.944
1697345160,+3.00,+11.824,+10.263,+0.944
1697345280,+3.00,+11.780,+10.275,+0.944
1697345400,+3.00,+11.762,+10.271,+0.944
1697345520,+3.00,+11.708,+10.305,+0.944
1697345640,+3.00,+11.708,+10.289,+0.944
1697345760,+3.01,+11.672,+10.295,+0.944
1697345880,+3.01,+11.646,+10.297,+0.944
1697346000,+3.01,+11.646,+10.312,+0.944
1697346120,+3.01,+11.637,+10.307,+0.944
1697346240,+3.01,+11.637,+10.297,+0.944
1697346360,+3.01,+11.619,+10.305,+0.944
1697346480,+3.01,+11.619,+10.303,+0.944
1697346600,+3.01,+11.547,+10.341,+0.945
1697346720,+3.01,+11.520,+10.330,+0.944
1697346840,+3.01,+11.476,+10.327,+0.943
1697346960,+3.01,+11.422,+10.358,+0.944
1697347080,+3.01,+11.386,+10.366,+0.944
1697347200,+3.01,+11.296,+10.385,+0.944
1697347320,+3.01,+11.261,+10.383,+0.943
1697347440,+3.00,+11.225,+10.407,+0.944
1697347560,+3.00,+11.207,+10.418,+0.944
1697347680,+3.00,+11.189,+10.410,+0.943
1697347800,+3.00,+11.171,+10.404,+0.943
1697347920,+3.00,+11.171,+10.417,+0.944
1697348040,+3.00,+11.090,+10.446,+0.944
1697348160,+3.00,+11.063,+10.455,+0.944
1697348280,+3.00,+11.054,+10.430,+0.943
1697348400,+3.00,+11.027,+10.449,+0.943
1697348520,+3.00,+11.027,+10.456,+0.944
1697348640,+3.00,+11.000,+10.459,+0.944
1697348760,+3.00,+10.982,+10.469,+0.944
1697348880,+3.00,+10.982,+10.467,+0.944
1697349000,+3.00,+10.982,+10.469,+0.944
1697349120,+3.00,+10.945,+10.492,+0.944
1697349240,+3.00,+10.945,+10.480,+0.944
1697349360,+3.00,+10.927,+10.493,+0.944
1697349480,+3.00,+10.955,+10.476,+0.944
1697349600,+3.00,+10.955,+10.489,+0.944
1697349720,+3.00,+10.964,+10.481,+0.944
1697349840,+3.00,+10.973,+10.466,+0.944
1697349960,+3.00,+10.945,+10.485,+0.944
1697350080,+3.00,+10.918,+10.479,+0.943
1697350200,+3.00,+10.918,+10.492,+0.944
1697350320,+3.00,+10.918,+10.496,+0.944
1697350440,+3.00,+10.891,+10.490,+0.944
1697350560,+3.00,+10.873,+10.512,+0.944
1697350680,+3.00,+10.855,+10.507,+0.944
1697350800,+3.00,+10.909,+10.488,+0.944
1697350920,+3.00,+10.918,+10.493,+0.944
1697351040,+3.00,+10.891,+10.499,+0.944
1697351160,+3.00,+10.918,+10.482,+0.943
1697351280,+3.00,+10.955,+10.478,+0.944
1697351400,+3.00,+10.936,+10.492,+0.944
1697351520,+3.00,+10.936,+10.497,+0.944
1697351640,+3.00,+10.964,+10.476,+0.944
1697351760,+3.00,+10.936,+10.490,+0.944
1697351880,+3.00,+10.909,+10.482,+0.944
1697352000,+3.00,+10.873,+10.506,+0.944
1697352120,+3.00,+10.855,+10.506,+0.944
1697352240,+3.00,+10.837,+10.512,+0.944
1697352360,+3.00,+10.819,+10.512,+0.944
1697352480,+3.00,+10.801,+10.521,+0.944
1697352600,+3.00,+10.765,+10.522,+0.944
1697352720,+3.00,+10.756,+10.537,+0.944
1697352840,+3.00,+10.738,+10.532,+0.944
1697352960,+3.01,+10.702,+10.539,+0.943
1697353080,+3.01,+10.683,+10.558,+0.944
1697353200,+3.01,+10.683,+10.553,+0.944
1697353320,+3.00,+10.683,+10.558,+0.944
1697353440,+3.00,+10.692,+10.555,+0.944
1697353560,+3.01,+10.674,+10.553,+0.944
1697353680,+3.01,+10.674,+10.564,+0.944
1697353800,+3.01,+10.602,+10.576,+0.944
1697353920,+3.01,+10.593,+10.581,+0.944
1697354040,+3.01,+10.602,+10.575,+0.944
1697354160,+3.01,+10.584,+10.578,+0.944
1697354280,+3.01,+10.557,+10.586,+0.944
1697354400,+3.01,+10.520,+10.591,+0.944
1697354520,+3.01,+10.493,+10.591,+0.943
1697354640,+3.01,+10.493,+10.600,+0.944
1697354760,+3.01,+10.466,+10.612,+0.944
1697354880,+3.01,+10.411,+10.622,+0.944
1697355000,+3.01,+10.402,+10.635,+0.944
1697355120,+3.01,+10.375,+10.629,+0.944
1697355240,+3.01,+10.357,+10.643,+0.944
1697355360,+3.01,+10.338,+10.657,+0.945
1697355480,+3.01,+10.357,+10.648,+0.944
1697355600,+3.01,+10.348,+10.637,+0.944
1697355720,+3.01,+10.348,+10.648,+0.944
1697355840,+3.01,+10.329,+10.648,+0.944
1697355960,+3.01,+10.329,+10.642,+0.944
1697356080,+3.01,+10.320,+10.643,+0.944
1697356200,+3.01,+10.302,+10.654,+0.944
1697356320,+3.01,+10.266,+10.667,+0.944
1697356440,+3.01,+10.238,+10.656,+0.943
1697356560,+3.01,+10.211,+10.684,+0.944
1697356680,+3.01,+10.202,+10.673,+0.944
1697356800,+3.01,+10.193,+10.680,+0.944
1697356920,+3.01,+10.193,+10.675,+0.943
1697357040,+3.01,+10.165,+10.702,+0.944
1697357160,+3.01,+10.165,+10.692,+0.944
1697357280,+3.01,+10.156,+10.694,+0.944
1697357400,+3.01,+10.184,+10.670,+0.943
1697357520,+3.01,+10.165,+10.687,+0.944
1697357640,+3.01,+10.111,+10.706,+0.944
1697357760,+3.01,+10.074,+10.713,+0.944
1697357880,+3.00,+10.019,+10.729,+0.944
1697358000,+3.00, +9.992,+10.740,+0.944
1697358120,+3.00, +9.955,+10.751,+0.944
1697358240,+3.00, +9.964,+10.741,+0.944
1697358360,+3.00, +9.928,+10.761,+0.944
1697358480,+3.00, +9.946,+10.751,+0.944
1697358600,+3.00, +9.946,+10.754,+0.944
1697358720,+3.00, +9.946,+10.747,+0.944
1697358840,+3.00, +9.946,+10.754,+0.944
1697358960,+3.00, +9.964,+10.743,+0.944
1697359080,+3.00, +9.937,+10.762,+0.944
1697359200,+3.00, +9.955,+10.748,+0.944
1697359320,+3.00, +9.946,+10.756,+0.944
1697359440,+3.00, +9.946,+10.754,+0.944
1697359560,+3.00, +9.955,+10.746,+0.944
1697359680,+3.00, +9.937,+10.737,+0.943
1697359800,+3.00, +9.937,+10.752,+0.944
1697359920,+3.00, +9.937,+10.748,+0.944
1697360040,+3.00, +9.937,+10.748,+0.944
1697360160,+3.00, +9.937,+10.750,+0.944
1697360280,+3.00, +9.918,+10.748,+0.944
1697360400,+3.00, +9.882,+10.754,+0.943
1697360520,+3.00, +9.854,+10.765,+0.944
1697360640,+3.00, +9.818,+10.788,+0.944
1697360760,+3.00, +9.827,+10.780,+0.944
1697360880,+3.00, +9.864,+10.766,+0.944
1697361000,+3.00, +9.873,+10.769,+0.944
1697361120,+3.00, +9.900,+10.760,+0.944
1697361240,+3.00, +9.928,+10.753,+0.944
1697361360,+3.00, +9.928,+10.749,+0.944
1697361480,+3.00, +9.909,+10.770,+0.944
1697361600,+3.00, +9.918,+10.755,+0.944
1697361720,+3.00, +9.946,+10.762,+0.945
1697361840,+3.00, +9.928,+10.760,+0.944
1697361960,+3.00, +9.909,+10.764,+0.944
1697362080,+3.00, +9.918,+10.749,+0.943
1697362200,+3.00, +9.928,+10.759,+0.944
1697362320,+3.00, +9.937,+10.759,+0.944
1697362440,+3.00, +9.928,+10.755,+0.944
1697362560,+3.00, +9.946,+10.757,+0.944
1697362680,+3.00, +9.946,+10.763,+0.944
1697362800,+3.00, +9.983,+10.731,+0.944
1697362920,+3.00, +9.983,+10.747,+0.944
1697363040,+3.00, +9.964,+10.743,+0.944
1697363160,+3.00, +9.992,+10.736,+0.944
1697363280,+3.00, +9.964,+10.751,+0.944
1697363400,+3.00, +9.983,+10.734,+0.944
1697363520,+3.00, +9.955,+10.752,+0.944
1697363640,+3.00, +9.973,+10.737,+0.944
1697363760,+3.00, +9.918,+10.767,+0.944
1697363880,+3.00, +9.909,+10.757,+0.944
1697364000,+3.00, +9.928,+10.760,+0.944
1697364120,+3.00, +9.928,+10.756,+0.944
1697364240,+3.00, +9.918,+10.768,+0.944
1697364360,+3.00, +9.909,+10.776,+0.944
1697364480,+3.00, +9.946,+10.753,+0.944
1697364600,+3.00, +9.946,+10.760,+0.944
1697364720,+3.00, +9.973,+10.747,+0.944
1697364840,+3.00, +9.955,+10.753,+0.944
1697364960,+3.00, +9.992,+10.739,+0.944
1697365080,+3.00, +9.964,+10.754,+0.944
1697365200,+3.00, +9.964,+10.758,+0.944
1697365320,+3.00, +9.992,+10.730,+0.943
1697365440,+3.00, +9.973,+10.757,+0.944
1697365560,+3.00, +9.964,+10.741,+0.944
1697365680,+3.00, +9.964,+10.759,+0.944
1697365800,+3.00, +9.992,+10.745,+0.944
1697365920,+3.00,+10.010,+10.735,+0.944
1697366040,+3.00,+10.010,+10.742,+0.944
1697366160,+3.00,+10.019,+10.732,+0.944
1697366280,+3.00,+10.010,+10.742,+0.944
1697366400,+3.00, +9.992,+10.744,+0.944
1697366520,+3.00,+10.001,+10.730,+0.943
1697366640,+3.00, +9.992,+10.750,+0.944
1697366760,+3.00, +9.992,+10.744,+0.944
1697366880,+3.00,+10.010,+10.741,+0.944
1697367000,+3.00,+10.019,+10.734,+0.944
1697367120,+3.00,+10.028,+10.727,+0.943
1697367240,+3.00,+10.047,+10.728,+0.944
1697367360,+3.00,+10.028,+10.737,+0.944
1697367480,+3.00,+10.028,+10.733,+0.944
1697367600,+3.00,+10.028,+10.738,+0.944
1697367720,+3.01,+10.037,+10.742,+0.944
1697367840,+3.01,+10.083,+10.723,+0.944
1697367960,+3.01,+10.083,+10.717,+0.944
1697368080,+3.01,+10.092,+10.727,+0.944
1697368200,+3.01,+10.101,+10.716,+0.944
1697368320,+3.01,+10.101,+10.720,+0.944
1697368440,+3.01,+10.074,+10.714,+0.943
1697368560,+3.01,+10.083,+10.713,+0.943
1697368680,+3.01,+10.074,+10.729,+0.944
1697368800,+3.01,+10.028,+10.733,+0.943
1697368920,+3.00,+10.037,+10.742,+0.944
1697369040,+3.01,+10.037,+10.744,+0.944
1697369160,+3.01,+10.056,+10.740,+0.944
1697369280,+3.01,+10.047,+10.744,+0.944
1697369400,+3.01,+10.056,+10.740,+0.944
1697369520,+3.01,+10.074,+10.730,+0.944
1697369640,+3.01,+10.047,+10.742,+0.944
1697369760,+3.01,+10.056,+10.747,+0.944
1697369880,+3.01,+10.065,+10.746,+0.944
1697370000,+3.01,+10.083,+10.729,+0.944
1697370120,+3.01,+10.111,+10.731,+0.944
1697370240,+3.01,+10.147,+10.714,+0.944
1697370360,+3.01,+10.156,+10.724,+0.944
1697370480,+3.01,+10.193,+10.699,+0.943
1697370600,+3.01,+10.220,+10.693,+0.944
1697370720,+3.01,+10.229,+10.705,+0.944
1697370840,+3.01,+10.238,+10.708,+0.945
1697370960,+3.01,+10.247,+10.679,+0.943
1697371080,+3.01,+10.275,+10.693,+0.944
1697371200,+3.01,+10.293,+10.687,+0.944
1697371320,+3.01,+10.338,+10.677,+0.944
1697371440,+3.01,+10.348,+10.673,+0.944
1697371560,+3.01,+10.384,+10.670,+0.944
1697371680,+3.01,+10.402,+10.654,+0.944
1697371800,+3.01,+10.420,+10.653,+0.944
1697371920,+3.01,+10.429,+10.662,+0.944
1697372040,+3.01,+10.466,+10.636,+0.944
1697372160,+3.01,+10.475,+10.623,+0.943
1697372280,+3.01,+10.493,+10.632,+0.944
1697372400,+3.01,+10.520,+10.622,+0.944
1697372520,+3.01,+10.502,+10.624,+0.944
1697372640,+3.01,+10.475,+10.646,+0.944
1697372760,+3.01,+10.448,+10.641,+0.944
1697372880,+3.01,+10.420,+10.648,+0.944
1697373000,+3.01,+10.366,+10.665,+0.944
1697373120,+3.01,+10.338,+10.667,+0.944
1697373240,+3.01,+10.338,+10.670,+0.944
1697373360,+3.01,+10.302,+10.678,+0.944
1697373480,+3.01,+10.284,+10.690,+0.944
1697373600,+3.01,+10.320,+10.669,+0.943
1697373720,+3.01,+10.302,+10.681,+0.944
1697373840,+3.01,+10.302,+10.688,+0.944
1697373960,+3.01,+10.302,+10.699,+0.944
1697374080,+3.01,+10.302,+10.692,+0.944
1697374200,+3.01,+10.293,+10.682,+0.944
1697374320,+3.01,+10.275,+10.683,+0.943
1697374440,+3.01,+10.266,+10.702,+0.944
1697374560,+3.01,+10.266,+10.708,+0.944
1697374680,+3.01,+10.293,+10.684,+0.943
1697374800,+3.01,+10.302,+10.685,+0.944
1697374920,+3.01,+10.348,+10.680,+0.944
1697375040,+3.01,+10.338,+10.680,+0.944
1697375160,+3.01,+10.384,+10.667,+0.944
1697375280,+3.01,+10.438,+10.652,+0.944
1697375400,+3.01,+10.466,+10.650,+0.944
1697375520,+3.01,+10.493,+10.641,+0.944
1697375640,+3.01,+10.457,+10.668,+0.944
1697375760,+3.01,+10.493,+10.645,+0.943
1697375880,+3.01,+10.520,+10.633,+0.943
1697376000,+3.01,+10.538,+10.624,+0.943
1697376120,+3.01,+10.584,+10.627,+0.944
1697376240,+3.01,+10.584,+10.637,+0.944
1697376360,+3.00,+10.638,+10.610,+0.944
1697376480,+3.00,+10.683,+10.604,+0.944
1697376600,+3.00,+10.702,+10.606,+0.944
1697376720,+3.00,+10.729,+10.588,+0.944
1697376840,+3.00,+10.747,+10.595,+0.944
1697376960,+3.00,+10.819,+10.580,+0.944
1697377080,+3.00,+10.882,+10.554,+0.944
1697377200,+3.00,+10.909,+10.544,+0.944
1697377320,+3.00,+10.936,+10.556,+0.944
1697377440,+3.00,+11.000,+10.525,+0.944
1697377560,+3.00,+11.036,+10.516,+0.944
1697377680,+3.00,+11.225,+10.521,+0.945
1697377800,+3.00,+11.681,+10.485,+0.945
1697377920,+3.00,+12.481,+10.260,+0.945
1697378040,+3.00,+12.357,+10.236,+0.944
1697378160,+3.00,+12.357,+10.224,+0.944
1697378280,+3.00,+12.313,+10.238,+0.944
1697378400,+3.00,+12.286,+10.223,+0.943
1697378520,+3.00,+12.410,+10.299,+0.945
1697378640,+3.00,+12.666,+10.160,+0.944
1697378760,+3.00,+12.658,+10.171,+0.944
1697378880,+3.00,+12.983,+10.137,+0.944
1697379000,+3.00,+13.001,+10.112,+0.944
1697379120,+3.00,+12.913,+10.100,+0.943
1697379240,+3.00,+12.834,+10.113,+0.943
1697379360,+3.00,+12.754,+10.132,+0.943
1697379480,+3.00,+12.675,+10.152,+0.943
1697379600,+3.00,+12.622,+10.178,+0.944
1697379720,+3.00,+12.560,+10.188,+0.943
1697379840,+3.00,+12.605,+10.195,+0.943
1697379960,+3.00,+12.622,+10.187,+0.943
1697380080,+3.00,+12.631,+10.173,+0.943
1697380200,+3.00,+12.622,+10.176,+0.943
1697380320,+3.00,+12.605,+10.189,+0.943
1697380440,+3.00,+12.569,+10.185,+0.943
1697380560,+3.00,+12.560,+10.192,+0.943
1697380680,+3.00,+12.613,+10.205,+0.943
1697380800,+3.00,+12.675,+10.187,+0.943
1697380920,+3.00,+12.666,+10.207,+0.943
1697381040,+3.00,+12.658,+10.176,+0.943
1697381160,+3.00,+12.649,+10.190,+0.943
1697381280,+3.00,+12.684,+10.172,+0.943
1697381400,+3.00,+12.658,+10.167,+0.943
1697381520,+3.00,+12.640,+10.180,+0.942
1697381640,+3.00,+12.649,+10.184,+0.943
1697381760,+3.00,+12.631,+10.199,+0.943
1697381880,+3.00,+12.658,+10.172,+0.943
1697382000,+3.00,+12.666,+10.176,+0.943
1697382120,+3.00,+12.658,+10.185,+0.943
1697382240,+3.00,+12.640,+10.188,+0.943
1697382360,+3.00,+12.666,+10.225,+0.944
1697382480,+3.00,+12.957,+10.209,+0.944
1697382600,+3.00,+13.360,+10.058,+0.943
1697382720,+3.00,+13.605,+10.081,+0.945
1697382840,+3.00,+13.823,+10.038,+0.944
1697382960,+3.00,+13.814, +9.971,+0.944
1697383080,+3.00,+13.736, +9.970,+0.944
1697383200,+3.00,+13.675, +9.968,+0.943
1697383320,+3.00,+13.552,+10.008,+0.943
1697383440,+3.00,+13.509,+10.007,+0.943
1697383560,+3.00,+13.491,+10.000,+0.943
1697383680,+3.00,+13.483, +9.991,+0.943
1697383800,+3.00,+13.605, +9.988,+0.943
1697383920,+3.00,+13.849,+10.001,+0.943
1697384040,+3.00,+14.430, +9.925,+0.944
1697384160,+3.00,+15.206, +9.833,+0.946
1697384280,+3.00,+16.070, +9.822,+0.946
1697384400,+3.00,+16.403, +9.721,+0.947
1697384520,+3.00,+17.353, +9.497,+0.947
1697384640,+3.00,+17.277, +9.446,+0.945
1697384760,+3.00,+17.057, +9.464,+0.945
1697384880,+2.99,+16.658, +9.425,+0.944
1697385000,+3.00,+16.326, +9.493,+0.944
1697385120,+3.00,+16.019, +9.549,+0.943
1697385240,+3.00,+15.908, +9.560,+0.943
1697385360,+3.00,+15.865, +9.593,+0.944
1697385480,+3.00,+15.831, +9.622,+0.944
1697385600,+3.00,+15.729, +9.679,+0.944
1697385720,+3.00,+16.070, +9.621,+0.944
1697385840,+3.00,+16.266, +9.641,+0.945
1697385960,+3.00,+16.232, +9.516,+0.943
1697386080,+3.00,+16.283, +9.565,+0.944
1697386200,+3.00,+16.045, +9.586,+0.944
1697386320,+3.00,+15.891, +9.599,+0.943
1697386440,+3.00,+15.729, +9.618,+0.944
1697386560,+3.00,+15.686, +9.617,+0.944
1697386680,+3.00,+15.669, +9.598,+0.943
1697386800,+3.00,+15.523, +9.634,+0.944
1697386920,+3.00,+15.592, +9.679,+0.944
1697387040,+3.00,+15.771, +9.625,+0.944
1697387160,+3.00,+16.036, +9.704,+0.945
1697387280,+3.00,+16.070, +9.581,+0.944
1697387400,+3.00,+15.874, +9.608,+0.943
1697387520,+3.00,+15.806, +9.608,+0.943
1697387640,+3.00,+15.831, +9.608,+0.943
1697387760,+3.00,+15.737, +9.632,+0.943
1697387880,+3.00,+15.669, +9.598,+0.943
1697388000,+3.00,+15.558, +9.632,+0.943
1697388120,+2.99,+15.558, +9.628,+0.943
1697388240,+3.00,+15.540, +9.618,+0.943
1697388360,+3.00,+15.498, +9.630,+0.942
1697388480,+3.00,+15.438, +9.617,+0.943
1697388600,+3.00,+15.463, +9.621,+0.943
1697388720,+3.00,+15.412, +9.648,+0.943
1697388840,+3.00,+15.412, +9.678,+0.943
1697388960,+3.00,+15.463, +9.695,+0.944
1697389080,+3.00,+15.446, +9.663,+0.943
1697389200,+3.00,+15.446, +9.664,+0.943
1697389320,+3.00,+15.532, +9.691,+0.943
1697389440,+3.00,+16.309, +9.534,+0.944
1697389560,+2.99,+16.632, +9.799,+0.948
1697389680,+3.00,+18.037, +9.498,+0.948
1697389800,+3.00,+18.062, +9.310,+0.946
1697389920,+3.00,+17.936, +9.262,+0.945
1697390040,+3.00,+17.953, +9.343,+0.945
1697390160,+2.99,+17.606, +9.272,+0.944
1697390280,+3.00,+17.302, +9.369,+0.945
1697390400,+3.00,+17.437, +9.329,+0.944
1697390520,+3.00,+17.277, +9.346,+0.944
1697390640,+3.00,+17.217, +9.351,+0.944
1697390760,+3.00,+17.175, +9.302,+0.943
1697390880,+3.00,+16.955, +9.388,+0.944
1697391000,+3.00,+16.870, +9.396,+0.943
1697391120,+3.00,+16.811, +9.394,+0.943
1697391240,+2.99,+16.751, +9.435,+0.944
1697391360,+3.00,+16.811, +9.424,+0.944
1697391480,+3.00,+16.997, +9.358,+0.943
1697391600,+3.00,+16.828, +9.386,+0.943
1697391720,+2.99,+16.683, +9.446,+0.943
1697391840,+2.99,+16.598, +9.428,+0.943
1697391960,+2.99,+16.522, +9.405,+0.943
1697392080,+3.00,+16.403, +9.453,+0.943
1697392200,+3.00,+16.454, +9.469,+0.943
1697392320,+2.99,+16.513, +9.473,+0.943
1697392440,+3.00,+16.360, +9.530,+0.943
1697392560,+3.00,+16.215, +9.482,+0.942
1697392680,+3.00,+16.087, +9.501,+0.943
1697392800,+3.00,+16.173, +9.503,+0.943
1697392920,+3.00,+16.147, +9.492,+0.942
1697393040,+3.00,+16.036, +9.524,+0.943
1697393160,+3.00,+15.891, +9.549,+0.942
1697393280,+3.00,+15.857, +9.617,+0.943
1697393400,+3.00,+15.823, +9.566,+0.943
1697393520,+3.00,+15.729, +9.599,+0.943
1697393640,+3.00,+15.643, +9.591,+0.943
1697393760,+2.99,+15.643, +9.608,+0.943
1697393880,+3.00,+15.652, +9.598,+0.943
1697394000,+3.00,+15.643, +9.583,+0.942
1697394120,+2.99,+15.652, +9.590,+0.943
1697394240,+2.99,+15.583, +9.593,+0.942
1697394360,+3.00,+15.540, +9.627,+0.943
1697394480,+3.00,+15.463, +9.662,+0.943
1697394600,+3.00,+15.395, +9.662,+0.943
1697394720,+3.00,+15.309, +9.686,+0.943
1697394840,+3.00,+15.292, +9.655,+0.943
1697394960,+3.00,+15.275, +9.645,+0.943
1697395080,+3.00,+15.232, +9.659,+0.943
1697395200,+3.00,+15.137, +9.660,+0.942
1697395320,+3.00,+15.103, +9.690,+0.943
1697395440,+3.00,+15.103, +9.701,+0.943
1697395560,+3.00,+15.197, +9.681,+0.943
1697395680,+3.00,+15.266, +9.667,+0.943
1697395800,+3.00,+15.309, +9.727,+0.943
1697395920,+3.00,+15.378, +9.650,+0.943
1697396040,+3.00,+15.420, +9.635,+0.943
1697396160,+3.00,+15.489, +9.626,+0.943
1697396280,+3.00,+15.480, +9.644,+0.942
1697396400,+3.00,+15.532, +9.650,+0.943
1697396520,+3.00,+15.566, +9.654,+0.943
1697396640,+3.00,+15.549, +9.632,+0.943
1697396760,+3.00,+15.566, +9.652,+0.942
1697396880,+2.99,+15.532, +9.648,+0.942
1697397000,+3.00,+15.540, +9.673,+0.943
1697397120,+3.00,+15.566, +9.651,+0.942
1697397240,+3.00,+15.523, +9.619,+0.943
1697397360,+3.00,+15.455, +9.629,+0.942
1697397480,+3.00,+15.378, +9.628,+0.942
1697397600,+3.00,+15.283, +9.668,+0.942
1697397720,+3.00,+15.180, +9.684,+0.942
1697397840,+3.00,+15.034, +9.741,+0.942
1697397960,+3.00,+14.974, +9.732,+0.942
1697398080,+3.00,+14.913, +9.721,+0.942
1697398200,+3.00,+14.810, +9.791,+0.943
1697398320,+3.00,+14.767, +9.753,+0.942
1697398440,+3.00,+14.689, +9.757,+0.942
1697398560,+3.00,+14.681, +9.771,+0.942
1697398680,+3.00,+14.672, +9.765,+0.942
1697398800,+3.00,+14.672, +9.748,+0.943
1697398920,+3.00,+14.698, +9.748,+0.942
1697399040,+3.00,+14.707, +9.768,+0.943
1697399160,+3.00,+14.724, +9.769,+0.942
1697399280,+3.00,+14.707, +9.771,+0.942
1697399400,+3.00,+14.750, +9.750,+0.942
1697399520,+3.00,+14.750, +9.763,+0.943
1697399640,+3.00,+14.758, +9.744,+0.943
1697399760,+3.00,+14.741, +9.835,+0.942
1697399880,+3.00,+14.707, +9.785,+0.942
1697400000,+3.00,+14.672, +9.768,+0.942
1697400120,+3.00,+14.620, +9.801,+0.943
1697400240,+3.00,+14.568, +9.802,+0.943
1697400360,+3.00,+14.499, +9.798,+0.943
1697400480,+3.00,+14.465, +9.794,+0.943
1697400600,+3.00,+14.387, +9.830,+0.943
1697400720,+3.00,+14.326, +9.816,+0.943
1697400840,+3.00,+14.274, +9.840,+0.943
1697400960,+3.00,+14.257, +9.838,+0.942
1697401080,+3.00,+14.222, +9.838,+0.942
1697401200,+3.00,+14.196, +9.863,+0.943
1697401320,+3.00,+14.179, +9.872,+0.942
1697401440,+3.00,+14.153, +9.859,+0.943
1697401560,+3.00,+14.109, +9.882,+0.942
1697401680,+3.00,+14.092, +9.898,+0.943
1697401800,+3.00,+14.127, +9.880,+0.942
1697401920,+3.00,+14.144, +9.862,+0.943
1697402040,+3.00,+14.144, +9.878,+0.942
1697402160,+3.00,+14.170, +9.881,+0.943
1697402280,+3.00,+14.153, +9.885,+0.943
1697402400,+3.00,+14.144, +9.882,+0.942
1697402520,+3.00,+14.153, +9.862,+0.943
1697402640,+3.00,+14.136, +9.865,+0.943
1697402760,+3.00,+14.118, +9.853,+0.942
1697402880,+3.00,+14.101, +9.866,+0.943
1697403000,+3.00,+14.083, +9.866,+0.942
1697403120,+3.00,+14.049, +9.885,+0.943
1697403240,+3.00,+14.031, +9.877,+0.942
1697403360,+3.00,+13.988, +9.901,+0.943
1697403480,+3.00,+14.005, +9.884,+0.943
1697403600,+3.00,+13.979, +9.888,+0.943
1697403720,+3.00,+13.953, +9.890,+0.942
1697403840,+3.00,+13.971, +9.883,+0.942
1697403960,+3.00,+13.988, +9.899,+0.943
1697404080,+3.00,+13.971, +9.891,+0.942
1697404200,+3.00,+13.962, +9.887,+0.942
1697404320,+3.00,+13.953, +9.896,+0.943
1697404440,+3.00,+13.962, +9.885,+0.942
1697404560,+3.00,+13.927, +9.886,+0.942
1697404680,+3.00,+13.927, +9.918,+0.943
1697404800,+3.00,+13.901, +9.895,+0.942
1697404920,+3.00,+13.892, +9.898,+0.942
1697405040,+3.00,+13.884, +9.876,+0.942
1697405160,+3.00,+13.875, +9.907,+0.943
1697405280,+3.00,+13.814, +9.947,+0.943
1697405400,+3.00,+13.823, +9.919,+0.942
1697405520,+3.00,+13.805, +9.924,+0.943
1697405640,+3.00,+13.770, +9.942,+0.942
1697405760,+3.00,+13.701, +9.951,+0.942
1697405880,+3.00,+13.657, +9.927,+0.942
1697406000,+3.00,+13.596, +9.956,+0.942
1697406120,+3.00,+13.535, +9.969,+0.943
1697406240,+3.00,+13.474, +9.973,+0.942
1697406360,+3.00,+13.404,+10.005,+0.943
1697406480,+3.00,+13.334,+10.024,+0.942
1697406600,+3.00,+13.308,+10.021,+0.943
1697406720,+3.00,+13.264,+10.065,+0.943
1697406840,+3.00,+13.229,+10.058,+0.943
1697406960,+3.00,+13.168,+10.073,+0.943
1697407080,+3.00,+13.141,+10.055,+0.943
1697407200,+3.00,+13.106,+10.082,+0.943
1697407320,+3.00,+13.080,+10.066,+0.942
1697407440,+3.00,+13.053,+10.072,+0.943
1697407560,+3.00,+13.018,+10.077,+0.943
1697407680,+3.00,+12.983,+10.073,+0.942
1697407800,+3.00,+12.904,+10.100,+0.942
1697407920,+3.00,+12.825,+10.120,+0.942
1697408040,+3.00,+12.763,+10.150,+0.943
1697408160,+3.00,+12.693,+10.151,+0.942
1697408280,+3.00,+12.622,+10.162,+0.942
1697408400,+3.00,+12.552,+10.191,+0.943
1697408520,+3.00,+12.463,+10.206,+0.942
1697408640,+3.00,+12.366,+10.231,+0.942
1697408760,+3.00,+12.260,+10.269,+0.943
1697408880,+3.00,+12.153,+10.302,+0.942
1697409000,+3.00,+12.082,+10.306,+0.942
1697409120,+3.00,+11.993,+10.314,+0.942
1697409240,+3.00,+11.904,+10.332,+0.943
1697409360,+3.00,+11.887,+10.323,+0.942
1697409480,+3.00,+11.842,+10.344,+0.943
1697409600,+3.00,+11.771,+10.369,+0.943
1697409720,+3.00,+11.699,+10.403,+0.943
1697409840,+3.00,+11.628,+10.398,+0.942
1697409960,+3.00,+11.583,+10.400,+0.942
1697410080,+3.01,+11.529,+10.419,+0.942
1697410200,+3.01,+11.485,+10.434,+0.943
1697410320,+3.01,+11.413,+10.470,+0.943
1697410440,+3.01,+11.332,+10.469,+0.942
1697410560,+3.01,+11.269,+10.480,+0.942
1697410680,+3.00,+11.225,+10.497,+0.942
1697410800,+3.00,+11.189,+10.489,+0.942
1697410920,+3.00,+11.117,+10.509,+0.942
1697411040,+3.00,+11.072,+10.517,+0.942
1697411160,+3.00,+11.000,+10.539,+0.943
1697411280,+3.00,+10.945,+10.561,+0.943
1697411400,+3.00,+10.927,+10.572,+0.943
1697411520,+3.00,+10.882,+10.587,+0.943
1697411640,+3.00,+10.819,+10.597,+0.943
1697411760,+3.00,+10.774,+10.609,+0.942
1697411880,+3.00,+10.702,+10.629,+0.943
1697412000,+3.00,+10.674,+10.636,+0.943
1697412120,+3.00,+10.647,+10.634,+0.943
1697412240,+3.00,+10.620,+10.645,+0.943
1697412360,+3.01,+10.584,+10.660,+0.943
1697412480,+3.00,+10.575,+10.654,+0.943
1697412600,+3.01,+10.538,+10.665,+0.943
1697412720,+3.01,+10.502,+10.671,+0.943
1697412840,+3.01,+10.457,+10.681,+0.943
1697412960,+3.01,+10.420,+10.694,+0.943
1697413080,+3.01,+10.375,+10.707,+0.943
1697413200,+3.01,+10.338,+10.706,+0.942
1697413320,+3.01,+10.284,+10.720,+0.942
1697413440,+3.01,+10.247,+10.736,+0.942
1697413560,+3.01,+10.174,+10.764,+0.943
1697413680,+3.01,+10.120,+10.781,+0.943
1697413800,+3.00,+10.056,+10.804,+0.943
1697413920,+3.00,+10.056,+10.787,+0.942
1697414040,+3.00,+10.037,+10.787,+0.943
1697414160,+3.00,+10.001,+10.805,+0.943
1697414280,+3.00, +9.964,+10.827,+0.943
1697414400,+3.00, +9.928,+10.828,+0.942
1697414520,+3.00, +9.882,+10.836,+0.943
1697414640,+3.00, +9.808,+10.875,+0.943
1697414760,+3.00, +9.744,+10.884,+0.943
