7450-401396
OS REV: 1.05 Sensor Cal: 1618512290
Time (sec),  BV (Volts),  T (deg C),  DO (mg/l),  Q ()
1701221760,+3.00, -0.190,+13.544,+0.929
1701221880,+3.00, -0.190,+13.556,+0.929
1701222000,+3.00, -0.190,+13.653,+0.929
1701222120,+3.00, -0.190,+13.555,+0.928
1701222240,+3.00, -0.190,+13.550,+0.929
1701222360,+3.00, -0.190,+13.555,+0.929
1701222480,+3.00, -0.190,+13.585,+0.929
1701222600,+3.00, -0.190,+13.598,+0.929
1701222720,+3.00, -0.190,+13.561,+0.929
1701222840,+3.00, -0.190,+13.535,+0.929
1701222960,+3.00, -0.190,+13.561,+0.929
1701223080,+3.00, -0.190,+13.576,+0.929
1701223200,+3.00, -0.190,+13.576,+0.929
1701223320,+3.00, -0.190,+13.559,+0.929
1701223440,+3.00, -0.190,+13.594,+0.929
1701223560,+3.00, -0.190,+13.551,+0.928
1701223680,+3.00, -0.190,+13.596,+0.929
1701223800,+3.00, -0.190,+13.567,+0.929
1701223920,+3.00, -0.190,+13.575,+0.928
1701224040,+3.00, -0.190,+13.550,+0.929
1701224160,+3.00, -0.190,+13.542,+0.928
1701224280,+3.00, -0.190,+13.560,+0.928
1701224400,+3.00, -0.190,+13.525,+0.928
1701224520,+3.00, -0.190,+13.522,+0.929
1701224640,+3.00, -0.190,+13.495,+0.928
1701224760,+3.00, -0.190,+13.581,+0.929
1701224880,+3.00, -0.190,+13.529,+0.929
1701225000,+3.00, -0.190,+13.493,+0.928
1701225120,+3.00, -0.190,+13.504,+0.928
1701225240,+3.00, -0.190,+13.510,+0.928
1701225360,+3.00, -0.190,+13.502,+0.928
1701225480,+3.00, -0.190,+13.508,+0.928
1701225600,+3.00, -0.190,+13.504,+0.928
1701225720,+3.00, -0.190,+13.482,+0.928
1701225840,+3.00, -0.190,+13.495,+0.928
1701225960,+3.00, -0.190,+13.487,+0.928
1701226080,+3.00, -0.190,+13.480,+0.928
1701226200,+3.00, -0.190,+13.465,+0.928
1701226320,+3.00, -0.190,+13.463,+0.928
1701226440,+3.00, -0.190,+13.455,+0.928
1701226560,+3.00, -0.190,+13.435,+0.928
1701226680,+3.00, -0.190,+13.438,+0.928
1701226800,+3.00, -0.190,+13.433,+0.928
1701226920,+3.00, -0.190,+13.426,+0.927
1701227040,+3.00, -0.190,+13.416,+0.928
1701227160,+3.00, -0.190,+13.412,+0.928
1701227280,+3.00, -0.190,+13.409,+0.927
1701227400,+3.00, -0.190,+13.412,+0.928
1701227520,+3.00, -0.190,+13.397,+0.928
1701227640,+3.00, -0.190,+13.381,+0.927
1701227760,+3.00, -0.190,+13.401,+0.928
1701227880,+3.00, -0.190,+13.381,+0.927
1701228000,+3.00, -0.190,+13.400,+0.928
1701228120,+3.00, -0.190,+13.381,+0.927
1701228240,+3.00, -0.190,+13.389,+0.928
1701228360,+3.00, -0.190,+13.411,+0.928
1701228480,+3.00, -0.190,+13.404,+0.927
1701228600,+3.00, -0.190,+13.407,+0.927
1701228720,+3.00, -0.190,+13.387,+0.928
1701228840,+3.00, -0.190,+13.406,+0.928
1701228960,+3.00, -0.190,+13.377,+0.927
1701229080,+3.00, -0.190,+13.396,+0.927
1701229200,+3.00, -0.190,+13.379,+0.928
1701229320,+3.00, -0.190,+13.360,+0.928
1701229440,+3.00, -0.190,+13.369,+0.927
1701229560,+3.00, -0.190,+13.354,+0.927
1701229680,+3.00, -0.190,+13.350,+0.927
1701229800,+3.00, -0.190,+13.352,+0.927
1701229920,+3.00, -0.190,+13.349,+0.927
1701230040,+3.00, -0.190,+13.352,+0.927
1701230160,+3.00, -0.190,+13.341,+0.927
1701230280,+3.00, -0.190,+13.350,+0.927
1701230400,+3.00, -0.190,+13.356,+0.927
1701230520,+3.00, -0.190,+13.372,+0.928
1701230640,+3.00, -0.190,+13.333,+0.927
1701230760,+3.00, -0.190,+13.356,+0.927
1701230880,+3.00, -0.190,+13.358,+0.927
1701231000,+3.00, -0.190,+13.352,+0.927
1701231120,+3.00, -0.190,+13.336,+0.927
1701231240,+3.00, -0.190,+13.302,+0.927
1701231360,+3.00, -0.190,+13.302,+0.927
1701231480,+3.00, -0.190,+13.300,+0.927
1701231600,+3.00, -0.190,+13.312,+0.927
1701231720,+3.00, -0.190,+13.302,+0.927
1701231840,+3.00, -0.190,+13.312,+0.927
1701231960,+3.00, -0.190,+13.279,+0.927
1701232080,+3.00, -0.190,+13.294,+0.927
1701232200,+3.00, -0.190,+13.315,+0.927
1701232320,+3.00, -0.190,+13.279,+0.927
1701232440,+3.00, -0.190,+13.269,+0.927
1701232560,+3.00, -0.190,+13.254,+0.927
1701232680,+3.00, -0.190,+13.258,+0.927
1701232800,+3.00, -0.190,+13.254,+0.927
1701232920,+3.00, -0.190,+13.252,+0.927
1701233040,+3.00, -0.190,+13.240,+0.926
1701233160,+3.00, -0.190,+13.256,+0.927
1701233280,+3.00, -0.190,+13.236,+0.926
1701233400,+3.00, -0.190,+13.230,+0.926
1701233520,+3.00, -0.190,+13.250,+0.926
1701233640,+3.00, -0.190,+13.234,+0.926
1701233760,+3.00, -0.190,+13.216,+0.926
1701233880,+3.00, -0.190,+13.223,+0.927
1701234000,+3.00, -0.190,+13.216,+0.926
1701234120,+3.00, -0.190,+13.214,+0.926
1701234240,+3.00, -0.190,+13.235,+0.927
1701234360,+3.00, -0.190,+13.224,+0.926
1701234480,+3.00, -0.190,+13.234,+0.926
1701234600,+3.00, -0.190,+13.236,+0.926
1701234720,+3.00, -0.190,+13.234,+0.926
1701234840,+3.00, -0.190,+13.230,+0.926
1701234960,+3.00, -0.190,+13.207,+0.926
1701235080,+3.00, -0.190,+13.211,+0.926
1701235200,+3.00, -0.190,+13.209,+0.926
1701235320,+3.00, -0.190,+13.201,+0.926
1701235440,+3.00, -0.190,+13.209,+0.927
1701235560,+3.00, -0.190,+13.197,+0.926
1701235680,+3.00, -0.190,+13.187,+0.926
1701235800,+3.00, -0.190,+13.193,+0.926
1701235920,+3.00, -0.190,+13.213,+0.926
1701236040,+3.00, -0.190,+13.207,+0.926
1701236160,+3.00, -0.190,+13.189,+0.926
1701236280,+3.00, -0.190,+13.203,+0.926
1701236400,+3.00, -0.190,+13.213,+0.926
1701236520,+3.00, -0.190,+13.193,+0.926
1701236640,+3.00, -0.190,+13.208,+0.926
1701236760,+3.00, -0.190,+13.209,+0.926
1701236880,+3.00, -0.190,+13.209,+0.926
1701237000,+3.00, -0.190,+13.217,+0.926
1701237120,+3.00, -0.190,+13.199,+0.926
1701237240,+3.00, -0.190,+13.200,+0.926
1701237360,+3.00, -0.190,+13.201,+0.926
1701237480,+3.00, -0.190,+13.209,+0.926
1701237600,+3.00, -0.190,+13.214,+0.926
1701237720,+3.00, -0.190,+13.203,+0.926
1701237840,+3.00, -0.190,+13.216,+0.926
1701237960,+3.00, -0.190,+13.213,+0.926
1701238080,+3.00, -0.190,+13.230,+0.926
1701238200,+3.00, -0.190,+13.222,+0.926
1701238320,+3.00, -0.190,+13.224,+0.926
1701238440,+3.00, -0.190,+13.241,+0.926
1701238560,+3.00, -0.190,+13.218,+0.926
1701238680,+3.00, -0.190,+13.211,+0.926
1701238800,+3.00, -0.190,+13.220,+0.926
1701238920,+3.00, -0.190,+13.199,+0.926
1701239040,+3.00, -0.190,+13.215,+0.926
1701239160,+3.00, -0.190,+13.234,+0.926
1701239280,+3.00, -0.190,+13.232,+0.926
1701239400,+3.00, -0.190,+13.228,+0.926
1701239520,+3.00, -0.190,+13.212,+0.925
1701239640,+3.00, -0.190,+13.226,+0.926
1701239760,+3.00, -0.190,+13.217,+0.926
1701239880,+3.00, -0.190,+13.218,+0.926
1701240000,+3.00, -0.190,+13.226,+0.926
1701240120,+3.00, -0.190,+13.213,+0.926
1701240240,+3.00, -0.190,+13.214,+0.926
1701240360,+3.00, -0.190,+13.232,+0.926
1701240480,+3.00, -0.190,+13.232,+0.926
1701240600,+3.00, -0.190,+13.220,+0.926
1701240720,+3.00, -0.190,+13.224,+0.926
1701240840,+3.00, -0.190,+13.251,+0.926
1701240960,+3.00, -0.190,+13.228,+0.926
1701241080,+3.00, -0.190,+13.230,+0.926
1701241200,+3.00, -0.190,+13.224,+0.926
1701241320,+3.00, -0.190,+13.220,+0.926
1701241440,+3.00, -0.190,+13.234,+0.926
1701241560,+3.00, -0.190,+13.220,+0.926
1701241680,+3.00, -0.190,+13.209,+0.926
1701241800,+3.00, -0.190,+13.212,+0.926
1701241920,+3.00, -0.190,+13.235,+0.926
1701242040,+3.00, -0.190,+13.241,+0.926
1701242160,+3.00, -0.190,+13.236,+0.926
1701242280,+3.00, -0.190,+13.226,+0.926
1701242400,+3.00, -0.190,+13.217,+0.926
1701242520,+3.00, -0.190,+13.186,+0.925
1701242640,+3.00, -0.190,+13.191,+0.926
1701242760,+3.00, -0.190,+13.197,+0.926
1701242880,+3.00, -0.190,+13.195,+0.926
1701243000,+3.00, -0.190,+13.209,+0.926
1701243120,+3.00, -0.190,+13.207,+0.926
1701243240,+3.00, -0.190,+13.189,+0.926
1701243360,+3.00, -0.190,+13.193,+0.926
1701243480,+3.00, -0.190,+13.167,+0.925
1701243600,+3.00, -0.190,+13.193,+0.926
1701243720,+3.00, -0.190,+13.185,+0.926
1701243840,+3.00, -0.190,+13.173,+0.926
1701243960,+3.00, -0.190,+13.177,+0.926
1701244080,+3.00, -0.190,+13.179,+0.926
1701244200,+3.00, -0.190,+13.165,+0.926
1701244320,+3.00, -0.190,+13.153,+0.925
1701244440,+3.00, -0.190,+13.179,+0.926
1701244560,+3.00, -0.190,+13.157,+0.926
1701244680,+3.00, -0.190,+13.139,+0.925
1701244800,+3.00, -0.190,+13.150,+0.926
1701244920,+3.00, -0.190,+13.149,+0.925
1701245040,+3.00, -0.190,+13.151,+0.925
1701245160,+3.00, -0.190,+13.162,+0.926
1701245280,+3.00, -0.190,+13.148,+0.926
1701245400,+3.00, -0.190,+13.148,+0.926
1701245520,+3.00, -0.190,+13.140,+0.926
1701245640,+3.00, -0.190,+13.134,+0.925
1701245760,+3.00, -0.190,+13.148,+0.926
1701245880,+3.00, -0.190,+13.144,+0.926
1701246000,+3.00, -0.190,+13.136,+0.925
1701246120,+3.00, -0.190,+13.128,+0.925
1701246240,+3.00, -0.190,+13.140,+0.926
1701246360,+3.00, -0.190,+13.116,+0.925
1701246480,+3.00, -0.190,+13.117,+0.925
1701246600,+3.00, -0.190,+13.114,+0.925
1701246720,+3.00, -0.190,+13.132,+0.925
1701246840,+3.00, -0.190,+13.118,+0.925
1701246960,+3.00, -0.190,+13.106,+0.925
1701247080,+3.00, -0.190,+13.100,+0.925
1701247200,+3.00, -0.190,+13.112,+0.925
1701247320,+3.00, -0.190,+13.102,+0.925
1701247440,+3.00, -0.190,+13.102,+0.925
1701247560,+3.00, -0.190,+13.104,+0.925
1701247680,+3.00, -0.190,+13.082,+0.925
1701247800,+3.00, -0.190,+13.078,+0.925
1701247920,+3.00, -0.190,+13.066,+0.925
1701248040,+3.00, -0.190,+13.058,+0.925
1701248160,+3.00, -0.190,+13.082,+0.925
1701248280,+3.00, -0.190,+13.090,+0.925
1701248400,+3.00, -0.190,+13.078,+0.925
1701248520,+3.00, -0.190,+13.056,+0.925
1701248640,+3.00, -0.190,+13.058,+0.925
1701248760,+3.00, -0.190,+13.072,+0.925
1701248880,+3.00, -0.190,+13.058,+0.925
1701249000,+3.00, -0.190,+13.073,+0.925
1701249120,+3.00, -0.190,+13.068,+0.925
1701249240,+3.00, -0.190,+13.054,+0.924
1701249360,+3.00, -0.190,+13.054,+0.925
1701249480,+3.00, -0.190,+13.058,+0.925
1701249600,+3.00, -0.190,+13.040,+0.925
1701249720,+3.00, -0.190,+13.056,+0.925
1701249840,+3.00, -0.190,+13.052,+0.925
1701249960,+3.00, -0.190,+13.044,+0.925
1701250080,+3.00, -0.190,+13.064,+0.925
1701250200,+3.00, -0.190,+13.050,+0.924
1701250320,+3.00, -0.190,+13.052,+0.925
1701250440,+3.00, -0.190,+13.052,+0.925
1701250560,+3.00, -0.190,+13.040,+0.925
1701250680,+3.00, -0.190,+13.048,+0.925
1701250800,+3.00, -0.190,+13.032,+0.925
1701250920,+3.00, -0.190,+13.032,+0.924
1701251040,+3.00, -0.190,+13.048,+0.925
1701251160,+3.00, -0.190,+13.028,+0.924
1701251280,+3.00, -0.190,+13.046,+0.925
1701251400,+3.00, -0.190,+13.024,+0.924
1701251520,+3.00, -0.190,+13.012,+0.924
1701251640,+3.00, -0.190,+13.024,+0.924
1701251760,+3.00, -0.190,+13.022,+0.925
1701251880,+3.00, -0.190,+13.026,+0.925
1701252000,+3.00, -0.190,+12.998,+0.924
1701252120,+3.00, -0.190,+12.999,+0.924
1701252240,+3.00, -0.190,+12.984,+0.924
1701252360,+3.00, -0.190,+13.020,+0.925
1701252480,+3.00, -0.190,+12.994,+0.924
1701252600,+3.00, -0.190,+12.990,+0.925
1701252720,+3.00, -0.190,+12.974,+0.924
1701252840,+3.00, -0.190,+12.975,+0.924
1701252960,+3.00, -0.190,+12.980,+0.924
1701253080,+3.00, -0.190,+12.976,+0.924
1701253200,+3.00, -0.190,+12.976,+0.924
1701253320,+3.00, -0.190,+12.974,+0.924
1701253440,+3.00, -0.190,+12.969,+0.924
1701253560,+3.00, -0.190,+12.977,+0.924
1701253680,+3.00, -0.190,+12.998,+0.924
1701253800,+3.00, -0.190,+12.992,+0.924
1701253920,+3.00, -0.190,+12.957,+0.924
1701254040,+3.00, -0.190,+12.947,+0.924
1701254160,+3.00, -0.190,+12.945,+0.924
1701254280,+3.00, -0.190,+12.953,+0.924
1701254400,+3.00, -0.190,+12.964,+0.924
1701254520,+3.00, -0.190,+12.956,+0.924
1701254640,+3.00, -0.190,+12.945,+0.924
1701254760,+3.00, -0.190,+12.933,+0.923
1701254880,+3.00, -0.190,+12.947,+0.924
1701255000,+3.00, -0.190,+12.929,+0.923
1701255120,+3.00, -0.190,+12.927,+0.924
1701255240,+3.00, -0.190,+12.902,+0.923
1701255360,+3.00, -0.190,+12.900,+0.923
1701255480,+3.00, -0.190,+12.909,+0.924
1701255600,+3.00, -0.190,+12.904,+0.923
1701255720,+3.00, -0.190,+12.919,+0.924
1701255840,+3.00, -0.190,+12.914,+0.923
1701255960,+3.00, -0.190,+12.898,+0.923
1701256080,+3.00, -0.190,+12.890,+0.923
1701256200,+3.00, -0.190,+12.884,+0.924
1701256320,+3.00, -0.190,+12.882,+0.924
1701256440,+3.00, -0.190,+12.885,+0.924
1701256560,+3.00, -0.190,+12.884,+0.924
1701256680,+3.00, -0.190,+12.884,+0.923
1701256800,+3.00, -0.190,+12.888,+0.923
1701256920,+3.00, -0.190,+12.906,+0.923
1701257040,+3.00, -0.190,+12.894,+0.923
1701257160,+3.00, -0.190,+12.899,+0.924
1701257280,+3.00, -0.190,+12.882,+0.923
1701257400,+3.00, -0.190,+12.874,+0.923
1701257520,+3.00, -0.190,+12.874,+0.923
1701257640,+3.00, -0.190,+12.878,+0.924
1701257760,+3.00, -0.190,+12.876,+0.923
1701257880,+3.00, -0.190,+12.872,+0.923
1701258000,+3.00, -0.190,+12.878,+0.923
1701258120,+3.00, -0.190,+12.884,+0.923
1701258240,+3.00, -0.190,+12.886,+0.923
1701258360,+3.00, -0.190,+12.893,+0.924
1701258480,+3.00, -0.190,+12.894,+0.924
1701258600,+3.00, -0.190,+12.892,+0.924
1701258720,+3.00, -0.190,+12.890,+0.923
1701258840,+3.00, -0.190,+12.878,+0.923
1701258960,+3.00, -0.190,+12.880,+0.923
1701259080,+3.00, -0.190,+12.880,+0.923
1701259200,+3.00, -0.190,+12.903,+0.924
1701259320,+3.00, -0.190,+12.880,+0.923
1701259440,+3.00, -0.190,+12.898,+0.923
1701259560,+3.00, -0.190,+12.907,+0.924
1701259680,+3.00, -0.190,+12.911,+0.924
1701259800,+3.00, -0.190,+12.909,+0.924
1701259920,+3.00, -0.190,+12.909,+0.924
1701260040,+3.00, -0.190,+12.904,+0.923
1701260160,+3.00, -0.190,+12.898,+0.923
1701260280,+3.00, -0.190,+12.915,+0.924
1701260400,+3.00, -0.190,+12.931,+0.924
1701260520,+3.00, -0.190,+12.939,+0.924
1701260640,+3.00, -0.190,+12.933,+0.923
1701260760,+3.00, -0.190,+12.951,+0.924
1701260880,+3.00, -0.190,+12.941,+0.924
1701261000,+3.00, -0.190,+12.937,+0.924
1701261120,+3.00, -0.190,+12.961,+0.924
1701261240,+3.00, -0.190,+12.941,+0.923
1701261360,+3.00, -0.190,+12.943,+0.924
1701261480,+3.00, -0.190,+12.939,+0.923
1701261600,+3.00, -0.190,+12.947,+0.924
1701261720,+3.00, -0.190,+12.945,+0.923
1701261840,+3.00, -0.190,+12.957,+0.924
1701261960,+3.00, -0.190,+12.963,+0.924
1701262080,+3.00, -0.190,+12.963,+0.924
1701262200,+3.00, -0.190,+12.959,+0.924
1701262320,+3.00, -0.190,+12.965,+0.924
1701262440,+3.00, -0.190,+12.983,+0.924
1701262560,+3.00, -0.190,+12.991,+0.924
1701262680,+3.00, -0.190,+13.005,+0.924
1701262800,+3.00, -0.190,+13.024,+0.924
1701262920,+3.00, -0.190,+13.020,+0.924
1701263040,+3.00, -0.190,+13.044,+0.924
1701263160,+3.00, -0.190,+13.054,+0.924
1701263280,+3.00, -0.190,+13.046,+0.924
1701263400,+3.00, -0.190,+13.056,+0.924
1701263520,+3.00, -0.190,+13.072,+0.925
1701263640,+3.00, -0.190,+13.096,+0.925
1701263760,+3.00, -0.190,+13.115,+0.925
1701263880,+3.00, -0.190,+13.169,+0.925
1701264000,+3.00, -0.190,+13.161,+0.925
1701264120,+3.00, -0.190,+13.173,+0.925
1701264240,+3.00, -0.190,+13.194,+0.925
1701264360,+3.00, -0.190,+13.217,+0.925
1701264480,+3.00, -0.190,+13.249,+0.926
1701264600,+3.00, -0.190,+13.282,+0.926
1701264720,+3.00, -0.190,+13.276,+0.926
1701264840,+3.00, -0.190,+13.361,+0.927
1701264960,+3.00, -0.190,+13.448,+0.927
1701265080,+3.00, -0.190,+13.442,+0.927
1701265200,+3.00, -0.190,+13.443,+0.927
1701265320,+3.00, -0.190,+13.474,+0.927
1701265440,+3.00, -0.190,+13.530,+0.928
1701265560,+3.00, -0.190,+13.654,+0.928
1701265680,+3.00, -0.190,+13.726,+0.929
1701265800,+3.00, -0.190,+13.766,+0.929
1701265920,+3.00, -0.190,+13.771,+0.929
1701266040,+3.00, -0.190,+13.838,+0.929
1701266160,+3.00, -0.190,+13.925,+0.930
1701266280,+3.00, -0.190,+14.040,+0.930
1701266400,+3.00, -0.190,+14.005,+0.930
1701266520,+3.00, -0.190,+14.066,+0.931
1701266640,+3.00, -0.190,+14.065,+0.930
1701266760,+3.00, -0.190,+14.027,+0.931
1701266880,+3.00, -0.190,+14.020,+0.931
1701267000,+3.00, -0.190,+14.089,+0.931
1701267120,+2.99, -0.190,+14.317,+0.932
1701267240,+2.99, -0.168,+14.596,+0.934
1701267360,+2.99, +0.253,+14.301,+0.934
1701267480,+2.99, +0.528,+14.143,+0.933
1701267600,+2.99, +0.528,+14.142,+0.934
1701267720,+2.99, +0.583,+14.175,+0.933
1701267840,+2.99, +0.495,+14.106,+0.933
1701267960,+2.99, +0.352,+14.136,+0.933
1701268080,+2.99, +0.198,+14.203,+0.932
1701268200,+2.99, +0.176,+14.352,+0.934
1701268320,+2.99, +0.637,+14.238,+0.935
1701268440,+2.99, +0.932,+14.011,+0.933
1701268560,+2.99, +0.866,+14.038,+0.933
1701268680,+2.99, +0.823,+13.950,+0.933
1701268800,+2.99, +0.637,+14.071,+0.932
1701268920,+2.99, +0.539,+14.172,+0.933
1701269040,+2.99, +0.637,+14.162,+0.934
1701269160,+2.99, +0.856,+14.107,+0.935
1701269280,+2.98, +0.921,+14.050,+0.934
1701269400,+2.98, +0.964,+14.067,+0.935
1701269520,+2.98, +1.105,+14.045,+0.935
1701269640,+2.99, +1.300,+13.903,+0.935
1701269760,+2.99, +1.159,+13.889,+0.933
1701269880,+2.99, +0.943,+13.957,+0.934
1701270000,+2.99, +0.888,+14.084,+0.934
1701270120,+2.98, +1.084,+14.014,+0.934
1701270240,+2.98, +1.084,+14.011,+0.934
1701270360,+2.99, +1.213,+14.156,+0.936
1701270480,+2.99, +1.761,+14.135,+0.937
1701270600,+2.98, +2.440,+13.807,+0.937
1701270720,+2.99, +2.597,+13.505,+0.935
1701270840,+2.98, +2.313,+13.566,+0.935
1701270960,+2.99, +1.942,+13.702,+0.935
1701271080,+2.99, +1.804,+13.724,+0.934
1701271200,+2.99, +1.665,+13.825,+0.935
1701271320,+2.99, +1.697,+13.767,+0.934
1701271440,+2.99, +1.483,+13.827,+0.934
1701271560,+2.99, +1.343,+13.897,+0.934
1701271680,+2.99, +1.590,+13.996,+0.936
1701271800,+2.98, +2.165,+13.944,+0.937
1701271920,+2.99, +2.890,+13.891,+0.939
1701272040,+2.98, +3.789,+13.664,+0.941
1701272160,+2.98, +4.591,+13.160,+0.939
1701272280,+2.98, +4.419,+12.882,+0.936
1701272400,+2.98, +3.727,+13.069,+0.936
1701272520,+2.98, +3.471,+13.325,+0.937
1701272640,+2.98, +3.615,+13.357,+0.938
1701272760,+2.98, +3.850,+13.132,+0.936
1701272880,+2.98, +3.460,+13.217,+0.936
1701273000,+2.99, +3.088,+13.300,+0.936
1701273120,+2.99, +2.713,+13.416,+0.936
1701273240,+2.99, +2.587,+13.503,+0.936
1701273360,+2.98, +2.408,+13.528,+0.935
1701273480,+2.98, +2.461,+13.686,+0.937
1701273600,+2.98, +3.264,+13.723,+0.940
1701273720,+2.98, +3.543,+13.258,+0.937
1701273840,+2.98, +3.871,+13.683,+0.941
1701273960,+2.98, +4.812,+13.286,+0.941
1701274080,+2.98, +4.982,+12.863,+0.938
1701274200,+2.98, +5.450,+13.058,+0.941
1701274320,+2.98, +5.638,+12.678,+0.938
1701274440,+2.98, +5.509,+12.591,+0.938
1701274560,+2.98, +5.082,+12.662,+0.937
1701274680,+2.98, +4.651,+12.799,+0.936
1701274800,+2.99, +4.064,+12.967,+0.935
1701274920,+2.98, +3.635,+13.098,+0.936
1701275040,+2.98, +3.233,+13.218,+0.935
1701275160,+2.99, +2.994,+13.334,+0.936
1701275280,+2.99, +3.098,+13.332,+0.936
1701275400,+2.99, +2.942,+13.317,+0.935
1701275520,+2.99, +2.660,+13.389,+0.935
1701275640,+2.98, +2.555,+13.510,+0.936
1701275760,+2.98, +2.513,+13.512,+0.935
1701275880,+2.98, +2.398,+13.478,+0.935
1701276000,+2.98, +2.271,+13.517,+0.935
1701276120,+2.98, +2.186,+13.547,+0.935
1701276240,+2.98, +2.091,+13.593,+0.935
1701276360,+2.99, +1.995,+13.632,+0.935
1701276480,+2.99, +2.027,+13.654,+0.935
1701276600,+2.99, +2.027,+13.573,+0.935
1701276720,+2.99, +1.910,+13.647,+0.934
1701276840,+2.99, +1.889,+13.647,+0.934
1701276960,+2.99, +1.825,+13.711,+0.935
1701277080,+2.99, +1.985,+13.856,+0.937
1701277200,+2.98, +2.471,+13.619,+0.936
1701277320,+2.98, +2.419,+13.526,+0.935
1701277440,+2.98, +2.239,+13.544,+0.935
1701277560,+2.98, +2.112,+13.560,+0.935
1701277680,+2.99, +1.974,+13.619,+0.934
1701277800,+2.99, +1.847,+13.652,+0.934
1701277920,+2.99, +1.783,+13.759,+0.934
1701278040,+2.99, +1.804,+13.696,+0.934
1701278160,+2.99, +1.825,+13.692,+0.935
1701278280,+2.99, +1.825,+13.710,+0.934
1701278400,+2.99, +1.729,+13.741,+0.935
1701278520,+2.99, +1.697,+13.698,+0.934
1701278640,+2.99, +1.654,+13.737,+0.935
1701278760,+2.99, +1.590,+13.762,+0.934
1701278880,+2.99, +1.622,+13.821,+0.935
1701279000,+2.99, +2.027,+13.795,+0.936
1701279120,+2.98, +2.471,+13.925,+0.939
1701279240,+2.99, +3.171,+13.644,+0.939
1701279360,+2.98, +3.820,+13.654,+0.941
1701279480,+2.98, +4.842,+13.438,+0.943
1701279600,+2.98, +5.825,+13.140,+0.943
1701279720,+2.98, +6.489,+12.781,+0.942
1701279840,+2.98, +6.441,+12.616,+0.941
1701279960,+2.98, +6.256,+12.526,+0.940
1701280080,+2.98, +6.295,+12.563,+0.941
1701280200,+2.98, +6.295,+12.384,+0.938
1701280320,+2.98, +5.874,+12.563,+0.939
1701280440,+2.98, +5.598,+12.664,+0.938
1701280560,+2.98, +5.795,+12.719,+0.940
1701280680,+2.98, +5.648,+12.667,+0.938
1701280800,+2.98, +5.953,+12.960,+0.942
1701280920,+2.98, +6.334,+12.418,+0.938
1701281040,+2.98, +5.519,+12.499,+0.937
1701281160,+2.98, +4.832,+12.963,+0.938
1701281280,+2.99, +5.361,+13.007,+0.940
1701281400,+2.98, +5.499,+12.715,+0.939
1701281520,+2.98, +5.002,+12.746,+0.938
1701281640,+2.98, +4.409,+12.909,+0.937
1701281760,+2.99, +4.247,+13.057,+0.938
1701281880,+2.99, +4.176,+13.018,+0.937
1701282000,+2.99, +3.952,+13.088,+0.936
1701282120,+2.99, +3.973,+13.192,+0.938
1701282240,+2.99, +3.942,+13.084,+0.937
1701282360,+2.98, +3.779,+13.305,+0.938
1701282480,+2.99, +4.105,+13.315,+0.939
1701282600,+2.98, +4.490,+13.085,+0.939
1701282720,+2.99, +4.288,+12.919,+0.937
1701282840,+2.98, +3.912,+13.072,+0.936
1701282960,+2.98, +3.768,+13.101,+0.936
1701283080,+2.98, +3.584,+13.175,+0.936
1701283200,+2.98, +3.604,+13.169,+0.937
1701283320,+2.98, +3.388,+13.190,+0.936
1701283440,+2.99, +3.181,+13.277,+0.936
1701283560,+2.99, +3.109,+13.285,+0.936
1701283680,+2.99, +3.015,+13.262,+0.936
1701283800,+2.99, +2.901,+13.281,+0.935
1701283920,+2.99, +2.807,+13.366,+0.935
1701284040,+2.99, +2.765,+13.356,+0.935
1701284160,+2.99, +2.754,+13.389,+0.935
1701284280,+2.99, +2.692,+13.389,+0.935
1701284400,+2.99, +2.566,+13.411,+0.935
1701284520,+2.98, +2.429,+13.448,+0.935
1701284640,+2.98, +2.292,+13.504,+0.935
1701284760,+2.98, +2.059,+13.618,+0.935
1701284880,+2.98, +2.091,+13.541,+0.934
1701285000,+2.99, +2.059,+13.599,+0.935
1701285120,+2.98, +2.207,+13.555,+0.935
1701285240,+2.98, +2.186,+13.530,+0.935
1701285360,+2.98, +2.165,+13.528,+0.934
1701285480,+2.98, +2.133,+13.550,+0.935
1701285600,+2.98, +2.123,+13.535,+0.935
1701285720,+2.98, +2.207,+13.588,+0.935
1701285840,+2.98, +2.450,+13.553,+0.936
1701285960,+2.99, +2.650,+13.421,+0.936
1701286080,+2.99, +2.671,+13.409,+0.936
1701286200,+2.99, +2.692,+13.437,+0.935
1701286320,+2.99, +2.848,+13.345,+0.936
1701286440,+2.99, +2.733,+13.337,+0.936
1701286560,+2.99, +2.555,+13.421,+0.935
1701286680,+2.98, +2.461,+13.439,+0.935
1701286800,+2.98, +2.482,+13.424,+0.936
1701286920,+2.98, +2.524,+13.334,+0.935
1701287040,+2.98, +2.524,+13.484,+0.935
1701287160,+2.99, +2.576,+13.393,+0.936
1701287280,+2.98, +2.440,+13.397,+0.935
1701287400,+2.99, +2.692,+13.518,+0.937
1701287520,+2.98, +3.212,+13.303,+0.937
1701287640,+2.98, +3.223,+13.153,+0.936
1701287760,+2.99, +3.067,+13.360,+0.936
1701287880,+2.99, +3.098,+13.231,+0.936
1701288000,+2.99, +2.973,+13.277,+0.936
1701288120,+2.99, +2.744,+13.272,+0.935
1701288240,+2.98, +2.534,+13.463,+0.935
1701288360,+2.99, +2.880,+13.491,+0.938
1701288480,+2.98, +3.419,+13.224,+0.937
1701288600,+2.98, +3.656,+13.283,+0.938
1701288720,+2.98, +3.850,+13.032,+0.937
1701288840,+2.98, +3.440,+13.082,+0.936
1701288960,+2.99, +3.067,+13.175,+0.936
1701289080,+2.99, +2.848,+13.262,+0.935
1701289200,+2.99, +2.650,+13.323,+0.935
1701289320,+2.98, +2.461,+13.345,+0.935
1701289440,+2.98, +2.292,+13.399,+0.935
1701289560,+2.98, +2.102,+13.444,+0.935
1701289680,+2.99, +1.932,+13.480,+0.935
1701289800,+2.99, +1.761,+13.568,+0.934
1701289920,+2.99, +1.601,+13.618,+0.934
1701290040,+2.99, +1.483,+13.627,+0.934
1701290160,+2.99, +1.375,+13.672,+0.934
1701290280,+2.99, +1.289,+13.725,+0.934
1701290400,+2.99, +1.170,+13.728,+0.934
1701290520,+2.98, +1.073,+13.773,+0.934
1701290640,+2.98, +0.997,+13.886,+0.933
1701290760,+2.98, +0.975,+13.846,+0.933
1701290880,+2.98, +0.866,+13.827,+0.933
1701291000,+2.99, +0.779,+13.891,+0.933
1701291120,+2.99, +0.670,+13.912,+0.933
1701291240,+2.99, +0.616,+13.882,+0.933
1701291360,+2.99, +0.506,+13.966,+0.933
1701291480,+2.99, +0.440,+13.987,+0.933
1701291600,+2.99, +0.363,+13.981,+0.932
1701291720,+2.99, +0.264,+14.029,+0.933
1701291840,+2.99, +0.220,+14.019,+0.932
1701291960,+2.99, +0.132,+14.132,+0.932
1701292080,+2.99, +0.043,+14.168,+0.932
1701292200,+2.99, +0.021,+14.138,+0.932
1701292320,+2.99, -0.001,+14.229,+0.932
1701292440,+2.99, -0.035,+14.189,+0.932
1701292560,+2.99, -0.068,+14.216,+0.933
1701292680,+2.99, -0.057,+14.217,+0.932
1701292800,+2.99, -0.090,+14.187,+0.932
1701292920,+2.99, -0.123,+14.230,+0.932
1701293040,+2.99, -0.135,+14.187,+0.932
1701293160,+2.99, -0.168,+14.182,+0.932
1701293280,+2.99, -0.157,+14.189,+0.932
1701293400,+2.99, -0.168,+14.172,+0.932
1701293520,+2.99, -0.168,+14.151,+0.932
1701293640,+2.99, -0.179,+14.146,+0.932
1701293760,+2.99, -0.190,+14.088,+0.931
1701293880,+2.99, -0.190,+14.047,+0.931
1701294000,+2.99, -0.190,+14.046,+0.931
1701294120,+2.99, -0.190,+14.032,+0.932
1701294240,+2.99, -0.190,+13.987,+0.931
1701294360,+2.99, -0.190,+13.973,+0.931
1701294480,+2.99, -0.190,+13.959,+0.931
1701294600,+2.99, -0.190,+13.937,+0.931
1701294720,+2.99, -0.190,+13.918,+0.931
1701294840,+2.99, -0.190,+13.920,+0.931
1701294960,+2.99, -0.190,+13.889,+0.931
1701295080,+2.99, -0.190,+13.896,+0.931
1701295200,+2.99, -0.190,+13.919,+0.930
1701295320,+2.99, -0.190,+13.912,+0.930
1701295440,+2.99, -0.190,+13.882,+0.931
1701295560,+2.99, -0.190,+13.862,+0.930
1701295680,+2.99, -0.190,+13.868,+0.931
1701295800,+2.99, -0.190,+13.838,+0.930
1701295920,+2.99, -0.190,+13.862,+0.931
1701296040,+2.99, -0.190,+13.843,+0.930
1701296160,+2.99, -0.190,+13.840,+0.930
1701296280,+2.99, -0.190,+13.836,+0.930
1701296400,+2.99, -0.190,+13.816,+0.930
1701296520,+2.99, -0.190,+13.815,+0.930
1701296640,+3.00, -0.190,+13.790,+0.930
1701296760,+3.00, -0.190,+13.764,+0.930
1701296880,+3.00, -0.190,+13.760,+0.930
1701297000,+3.00, -0.190,+13.749,+0.930
1701297120,+2.99, -0.190,+13.747,+0.930
1701297240,+3.00, -0.190,+13.762,+0.930
1701297360,+3.00, -0.190,+13.747,+0.930
1701297480,+3.00, -0.190,+13.753,+0.930
1701297600,+3.00, -0.190,+13.756,+0.929
1701297720,+3.00, -0.190,+13.770,+0.929
1701297840,+3.00, -0.190,+13.765,+0.929
1701297960,+3.00, -0.190,+13.811,+0.930
1701298080,+3.00, -0.190,+13.807,+0.930
1701298200,+2.99, -0.190,+13.806,+0.930
1701298320,+2.99, -0.190,+13.834,+0.930
1701298440,+3.00, -0.190,+13.845,+0.930
1701298560,+2.99, -0.190,+13.888,+0.930
1701298680,+2.99, -0.190,+13.899,+0.930
1701298800,+2.99, -0.190,+13.906,+0.930
1701298920,+2.99, -0.190,+13.907,+0.931
1701299040,+2.99, -0.190,+13.924,+0.930
1701299160,+2.99, -0.190,+13.928,+0.931
1701299280,+2.99, -0.190,+13.932,+0.931
1701299400,+2.99, -0.190,+13.936,+0.931
1701299520,+2.99, -0.190,+13.969,+0.931
1701299640,+2.99, -0.190,+13.971,+0.931
1701299760,+2.99, -0.190,+13.969,+0.931
1701299880,+2.99, -0.190,+13.974,+0.931
1701300000,+2.99, -0.190,+13.962,+0.931
1701300120,+2.99, -0.190,+13.930,+0.931
1701300240,+2.99, -0.190,+13.910,+0.930
1701300360,+2.99, -0.190,+13.898,+0.931
1701300480,+2.99, -0.190,+13.887,+0.931
1701300600,+2.99, -0.190,+13.889,+0.931
1701300720,+2.99, -0.190,+13.871,+0.930
1701300840,+2.99, -0.190,+13.868,+0.930
1701300960,+2.99, -0.190,+13.899,+0.930
1701301080,+2.99, -0.190,+13.879,+0.930
1701301200,+2.99, -0.190,+13.871,+0.930
1701301320,+2.99, -0.190,+13.858,+0.930
1701301440,+2.99, -0.190,+13.864,+0.931
1701301560,+2.99, -0.190,+13.856,+0.930
1701301680,+2.99, -0.190,+13.855,+0.930
1701301800,+2.99, -0.190,+13.852,+0.930
1701301920,+2.99, -0.190,+13.844,+0.930
1701302040,+2.99, -0.190,+13.842,+0.930
1701302160,+2.99, -0.190,+13.838,+0.930
1701302280,+2.99, -0.190,+13.841,+0.930
1701302400,+2.99, -0.190,+13.838,+0.930
1701302520,+2.99, -0.190,+13.837,+0.931
1701302640,+2.99, -0.190,+13.833,+0.930
1701302760,+2.99, -0.190,+13.820,+0.930
1701302880,+2.99, -0.190,+13.811,+0.930
1701303000,+2.99, -0.190,+13.816,+0.930
1701303120,+2.99, -0.190,+13.822,+0.930
1701303240,+2.99, -0.190,+13.831,+0.930
1701303360,+2.99, -0.190,+13.820,+0.930
1701303480,+2.99, -0.190,+13.800,+0.930
1701303600,+2.99, -0.190,+13.802,+0.930
1701303720,+2.99, -0.190,+13.804,+0.930
1701303840,+2.99, -0.190,+13.793,+0.930
1701303960,+3.00, -0.190,+13.767,+0.930
1701304080,+2.99, -0.190,+13.756,+0.929
1701304200,+2.99, -0.190,+13.768,+0.930
1701304320,+2.99, -0.190,+13.764,+0.930
1701304440,+3.00, -0.190,+13.767,+0.930
1701304560,+3.00, -0.190,+13.782,+0.930
1701304680,+3.00, -0.190,+13.750,+0.929
1701304800,+3.00, -0.190,+13.749,+0.929
1701304920,+3.00, -0.190,+13.710,+0.929
1701305040,+3.00, -0.190,+13.711,+0.930
1701305160,+3.00, -0.190,+13.696,+0.929
1701305280,+3.00, -0.190,+13.676,+0.929
1701305400,+3.00, -0.190,+13.668,+0.929
1701305520,+3.00, -0.190,+13.661,+0.929
1701305640,+3.00, -0.190,+13.641,+0.929
1701305760,+3.00, -0.190,+13.618,+0.928
1701305880,+3.00, -0.190,+13.625,+0.929
1701306000,+3.00, -0.190,+13.622,+0.929
1701306120,+3.00, -0.190,+13.616,+0.929
1701306240,+3.00, -0.190,+13.629,+0.929
1701306360,+3.00, -0.190,+13.622,+0.929
1701306480,+3.00, -0.190,+13.621,+0.928
1701306600,+3.00, -0.190,+13.635,+0.929
1701306720,+3.00, -0.190,+13.629,+0.929
1701306840,+3.00, -0.190,+13.629,+0.929
1701306960,+3.00, -0.190,+13.656,+0.929
1701307080,+3.00, -0.190,+13.656,+0.928
1701307200,+3.00, -0.190,+13.653,+0.929
1701307320,+3.00, -0.190,+13.670,+0.929
1701307440,+3.00, -0.190,+13.670,+0.929
1701307560,+3.00, -0.190,+13.677,+0.929
1701307680,+3.00, -0.190,+13.683,+0.929
1701307800,+3.00, -0.190,+13.689,+0.929
1701307920,+3.00, -0.190,+13.673,+0.929
1701308040,+3.00, -0.190,+13.668,+0.929
1701308160,+3.00, -0.190,+13.677,+0.929
