7450-401396
OS REV: 1.05 Sensor Cal: 1618512290
Time (sec),  BV (Volts),  T (deg C),  DO (mg/l),  Q ()
1683312120,+3.14,+13.308, +2.809,+0.965
1683312240,+3.14,+13.308, +2.799,+0.965
1683312360,+3.14,+13.316, +2.787,+0.965
1683312480,+3.14,+13.316, +2.773,+0.965
1683312600,+3.14,+13.334, +2.760,+0.965
1683312720,+3.14,+13.360, +2.749,+0.965
1683312840,+3.14,+13.351, +2.739,+0.965
1683312960,+3.14,+13.351, +2.732,+0.965
1683313080,+3.14,+13.369, +2.722,+0.965
1683313200,+3.14,+13.404, +2.706,+0.965
1683313320,+3.14,+13.404, +2.709,+0.965
1683313440,+3.14,+13.430, +2.720,+0.965
1683313560,+3.14,+13.439, +2.723,+0.965
1683313680,+3.14,+13.413, +2.724,+0.965
1683313800,+3.14,+13.421, +2.732,+0.965
1683313920,+3.14,+13.439, +2.737,+0.965
1683314040,+3.14,+13.448, +2.742,+0.965
1683314160,+3.14,+13.483, +2.740,+0.965
1683314280,+3.14,+13.491, +2.747,+0.965
1683314400,+3.14,+13.491, +2.750,+0.965
1683314520,+3.14,+13.518, +2.750,+0.965
1683314640,+3.14,+13.535, +2.751,+0.965
1683314760,+3.14,+13.552, +2.750,+0.965
1683314880,+3.14,+13.535, +2.757,+0.965
1683315000,+3.14,+13.552, +2.756,+0.965
1683315120,+3.14,+13.579, +2.758,+0.965
1683315240,+3.14,+13.579, +2.759,+0.965
1683315360,+3.14,+13.614, +2.760,+0.965
1683315480,+3.14,+13.614, +2.756,+0.965
1683315600,+3.14,+13.596, +2.753,+0.965
1683315720,+3.14,+13.614, +2.744,+0.965
1683315840,+3.14,+13.640, +2.738,+0.965
1683315960,+3.14,+13.648, +2.737,+0.965
1683316080,+3.14,+13.657, +2.738,+0.965
1683316200,+3.14,+13.657, +2.743,+0.965
1683316320,+3.14,+13.666, +2.742,+0.965
1683316440,+3.14,+13.657, +2.749,+0.965
1683316560,+3.14,+13.648, +2.754,+0.965
1683316680,+3.14,+13.675, +2.760,+0.965
1683316800,+3.14,+13.701, +2.760,+0.965
1683316920,+3.14,+13.683, +2.779,+0.965
1683317040,+3.14,+13.709, +2.784,+0.965
1683317160,+3.14,+13.727, +2.802,+0.965
1683317280,+3.14,+13.744, +2.814,+0.965
1683317400,+3.14,+13.744, +2.817,+0.965
1683317520,+3.14,+13.744, +2.814,+0.965
1683317640,+3.14,+13.736, +2.817,+0.965
1683317760,+3.14,+13.770, +2.805,+0.965
1683317880,+3.14,+13.779, +2.791,+0.965
1683318000,+3.14,+13.788, +2.792,+0.965
1683318120,+3.14,+13.797, +2.791,+0.965
1683318240,+3.14,+13.797, +2.795,+0.965
1683318360,+3.14,+13.805, +2.795,+0.965
1683318480,+3.14,+13.805, +2.791,+0.965
1683318600,+3.14,+13.823, +2.795,+0.965
1683318720,+3.14,+13.823, +2.796,+0.965
1683318840,+3.14,+13.840, +2.796,+0.965
1683318960,+3.14,+13.831, +2.797,+0.965
1683319080,+3.14,+13.849, +2.807,+0.965
1683319200,+3.14,+13.831, +2.817,+0.965
1683319320,+3.14,+13.840, +2.822,+0.965
1683319440,+3.14,+13.857, +2.816,+0.965
1683319560,+3.14,+13.840, +2.815,+0.965
1683319680,+3.14,+13.866, +2.831,+0.965
1683319800,+3.14,+13.857, +2.847,+0.965
1683319920,+3.14,+13.892, +2.857,+0.965
1683320040,+3.14,+13.884, +2.863,+0.965
1683320160,+3.14,+13.892, +2.867,+0.965
1683320280,+3.14,+13.892, +2.873,+0.965
1683320400,+3.14,+13.901, +2.871,+0.965
1683320520,+3.14,+13.875, +2.876,+0.965
1683320640,+3.14,+13.901, +2.872,+0.965
1683320760,+3.14,+13.901, +2.874,+0.965
1683320880,+3.14,+13.927, +2.873,+0.965
1683321000,+3.14,+13.927, +2.866,+0.965
1683321120,+3.14,+13.936, +2.843,+0.965
1683321240,+3.14,+13.927, +2.893,+0.965
1683321360,+3.14,+13.936, +2.928,+0.965
1683321480,+3.14,+13.936, +2.942,+0.965
1683321600,+3.14,+13.944, +2.961,+0.965
1683321720,+3.14,+13.944, +2.991,+0.965
1683321840,+3.14,+13.962, +2.994,+0.965
1683321960,+3.14,+13.953, +2.990,+0.965
1683322080,+3.14,+13.971, +3.029,+0.965
1683322200,+3.14,+13.962, +3.054,+0.965
1683322320,+3.14,+13.979, +3.045,+0.965
1683322440,+3.14,+13.971, +3.041,+0.965
1683322560,+3.14,+13.979, +3.040,+0.965
1683322680,+3.14,+13.962, +3.035,+0.965
1683322800,+3.14,+13.979, +3.028,+0.965
1683322920,+3.14,+13.979, +3.030,+0.965
1683323040,+3.14,+13.979, +3.030,+0.965
1683323160,+3.14,+13.979, +3.030,+0.965
1683323280,+3.14,+13.997, +3.037,+0.965
1683323400,+3.14,+14.005, +3.045,+0.965
1683323520,+3.14,+13.988, +3.053,+0.965
1683323640,+3.14,+14.014, +3.056,+0.965
1683323760,+3.14,+14.005, +3.063,+0.965
1683323880,+3.14,+14.014, +3.070,+0.965
1683324000,+3.14,+14.031, +3.073,+0.965
1683324120,+3.14,+14.023, +3.079,+0.965
1683324240,+3.14,+14.014, +3.119,+0.965
1683324360,+3.14,+14.014, +3.208,+0.965
1683324480,+3.14,+14.014, +3.243,+0.965
1683324600,+3.14,+14.031, +3.247,+0.965
1683324720,+3.14,+14.023, +3.188,+0.965
1683324840,+3.14,+14.023, +3.191,+0.965
1683324960,+3.14,+14.057, +3.201,+0.965
1683325080,+3.14,+14.031, +3.210,+0.965
1683325200,+3.14,+14.057, +3.209,+0.965
1683325320,+3.14,+14.049, +3.213,+0.965
1683325440,+3.14,+14.031, +3.219,+0.965
1683325560,+3.14,+14.049, +3.216,+0.965
1683325680,+3.14,+14.040, +3.212,+0.965
1683325800,+3.14,+14.040, +3.208,+0.965
1683325920,+3.14,+14.066, +3.205,+0.965
1683326040,+3.14,+14.057, +3.213,+0.965
1683326160,+3.14,+14.049, +3.202,+0.965
1683326280,+3.14,+14.066, +3.193,+0.965
1683326400,+3.14,+14.049, +3.211,+0.965
1683326520,+3.14,+14.049, +3.222,+0.965
1683326640,+3.14,+14.057, +3.231,+0.965
1683326760,+3.14,+14.066, +3.240,+0.965
1683326880,+3.14,+14.066, +3.248,+0.965
1683327000,+3.14,+14.066, +3.253,+0.965
1683327120,+3.14,+14.066, +3.261,+0.965
1683327240,+3.14,+14.075, +3.267,+0.965
1683327360,+3.14,+14.049, +3.275,+0.965
1683327480,+3.14,+14.066, +3.270,+0.965
1683327600,+3.14,+14.075, +3.271,+0.965
1683327720,+3.14,+14.075, +3.273,+0.965
1683327840,+3.14,+14.057, +3.272,+0.965
1683327960,+3.14,+14.066, +3.269,+0.965
1683328080,+3.14,+14.066, +3.269,+0.965
1683328200,+3.14,+14.075, +3.256,+0.965
1683328320,+3.14,+14.083, +3.236,+0.965
1683328440,+3.14,+14.075, +3.223,+0.965
1683328560,+3.14,+14.083, +3.209,+0.965
1683328680,+3.14,+14.083, +3.206,+0.965
1683328800,+3.14,+14.066, +3.203,+0.965
1683328920,+3.14,+14.075, +3.198,+0.965
1683329040,+3.14,+14.083, +3.188,+0.965
1683329160,+3.14,+14.075, +3.177,+0.965
1683329280,+3.14,+14.066, +3.179,+0.965
1683329400,+3.14,+14.057, +3.184,+0.965
1683329520,+3.14,+14.066, +3.172,+0.965
1683329640,+3.14,+14.066, +3.165,+0.965
1683329760,+3.14,+14.057, +3.163,+0.965
1683329880,+3.14,+14.049, +3.195,+0.965
1683330000,+3.14,+14.083, +3.214,+0.965
1683330120,+3.14,+14.092, +3.243,+0.965
1683330240,+3.14,+14.083, +3.254,+0.965
1683330360,+3.14,+14.083, +3.251,+0.965
1683330480,+3.14,+14.066, +3.251,+0.965
1683330600,+3.14,+14.075, +3.249,+0.965
1683330720,+3.14,+14.066, +3.213,+0.965
1683330840,+3.14,+14.057, +3.195,+0.965
1683330960,+3.14,+14.040, +3.188,+0.965
1683331080,+3.14,+14.049, +3.193,+0.965
1683331200,+3.14,+14.049, +3.201,+0.965
1683331320,+3.14,+14.075, +3.213,+0.964
1683331440,+3.14,+14.057, +3.230,+0.964
1683331560,+3.14,+14.092, +3.256,+0.965
1683331680,+3.14,+14.049, +3.276,+0.965
1683331800,+3.14,+14.066, +3.302,+0.965
1683331920,+3.14,+14.057, +3.310,+0.965
1683332040,+3.14,+14.057, +3.312,+0.965
1683332160,+3.14,+14.049, +3.320,+0.965
1683332280,+3.14,+14.049, +3.320,+0.965
1683332400,+3.14,+14.057, +3.327,+0.965
1683332520,+3.14,+14.040, +3.331,+0.965
1683332640,+3.14,+14.040, +3.321,+0.965
1683332760,+3.14,+14.040, +3.319,+0.965
1683332880,+3.14,+14.040, +3.345,+0.965
1683333000,+3.14,+14.031, +3.353,+0.965
1683333120,+3.14,+14.031, +3.351,+0.965
1683333240,+3.14,+14.031, +3.344,+0.965
1683333360,+3.14,+14.040, +3.337,+0.965
1683333480,+3.14,+14.014, +3.331,+0.965
1683333600,+3.14,+14.014, +3.328,+0.965
1683333720,+3.14,+14.005, +3.328,+0.965
1683333840,+3.14,+14.014, +3.326,+0.965
1683333960,+3.14,+13.997, +3.326,+0.965
1683334080,+3.14,+14.005, +3.328,+0.965
1683334200,+3.14,+13.979, +3.343,+0.965
1683334320,+3.14,+13.971, +3.345,+0.965
1683334440,+3.14,+13.997, +3.336,+0.965
1683334560,+3.14,+13.979, +3.327,+0.965
1683334680,+3.14,+13.971, +3.297,+0.965
1683334800,+3.14,+13.953, +3.280,+0.965
1683334920,+3.14,+13.962, +3.272,+0.965
1683335040,+3.14,+13.936, +3.265,+0.965
1683335160,+3.14,+13.927, +3.248,+0.965
1683335280,+3.14,+13.918, +3.236,+0.965
1683335400,+3.14,+13.901, +3.225,+0.965
1683335520,+3.14,+13.901, +3.217,+0.965
1683335640,+3.14,+13.866, +3.210,+0.965
1683335760,+3.14,+13.866, +3.220,+0.965
1683335880,+3.14,+13.866, +3.219,+0.965
1683336000,+3.14,+13.875, +3.218,+0.965
1683336120,+3.14,+13.866, +3.219,+0.965
1683336240,+3.14,+13.849, +3.218,+0.965
1683336360,+3.14,+13.831, +3.207,+0.965
1683336480,+3.14,+13.840, +3.218,+0.965
1683336600,+3.14,+13.823, +3.433,+0.965
1683336720,+3.14,+13.831, +3.695,+0.965
1683336840,+3.14,+13.823, +3.847,+0.965
1683336960,+3.14,+13.814, +4.099,+0.965
1683337080,+3.14,+13.779, +4.210,+0.965
1683337200,+3.14,+13.753, +4.401,+0.965
1683337320,+3.14,+13.762, +4.475,+0.965
1683337440,+3.14,+13.762, +4.486,+0.965
1683337560,+3.14,+13.753, +4.474,+0.965
1683337680,+3.14,+13.736, +4.450,+0.965
1683337800,+3.14,+13.718, +4.441,+0.965
1683337920,+3.14,+13.701, +4.429,+0.965
1683338040,+3.14,+13.683, +4.408,+0.965
1683338160,+3.14,+13.675, +4.384,+0.965
1683338280,+3.14,+13.683, +4.370,+0.965
1683338400,+3.14,+13.657, +4.356,+0.965
1683338520,+3.14,+13.666, +4.333,+0.965
1683338640,+3.14,+13.631, +4.112,+0.965
1683338760,+3.14,+13.622, +4.239,+0.965
1683338880,+3.14,+13.631, +4.282,+0.965
1683339000,+3.14,+13.614, +4.303,+0.965
1683339120,+3.14,+13.605, +4.315,+0.965
1683339240,+3.14,+13.605, +4.330,+0.965
1683339360,+3.14,+13.596, +4.321,+0.964
1683339480,+3.14,+13.570, +4.407,+0.965
1683339600,+3.14,+13.570, +4.487,+0.965
1683339720,+3.14,+13.535, +4.516,+0.965
1683339840,+3.14,+13.509, +4.490,+0.965
1683339960,+3.14,+13.526, +4.446,+0.965
1683340080,+3.14,+13.535, +4.399,+0.965
1683340200,+3.14,+13.491, +4.360,+0.965
1683340320,+3.14,+13.483, +4.334,+0.965
1683340440,+3.14,+13.474, +4.312,+0.965
1683340560,+3.14,+13.465, +4.299,+0.965
1683340680,+3.14,+13.456, +4.309,+0.965
1683340800,+3.14,+13.474, +4.326,+0.965
1683340920,+3.14,+13.448, +4.355,+0.965
1683341040,+3.14,+13.430, +4.377,+0.965
1683341160,+3.14,+13.421, +4.396,+0.965
1683341280,+3.14,+13.404, +4.413,+0.965
1683341400,+3.14,+13.404, +4.419,+0.965
1683341520,+3.14,+13.378, +4.431,+0.965
1683341640,+3.14,+13.369, +4.445,+0.965
1683341760,+3.14,+13.343, +4.490,+0.965
1683341880,+3.14,+13.351, +4.545,+0.965
1683342000,+3.14,+13.334, +4.574,+0.965
1683342120,+3.14,+13.343, +4.583,+0.965
1683342240,+3.14,+13.334, +4.586,+0.965
1683342360,+3.14,+13.316, +4.574,+0.965
1683342480,+3.14,+13.308, +4.557,+0.964
1683342600,+3.14,+13.290, +4.650,+0.965
1683342720,+3.14,+13.264, +4.682,+0.965
1683342840,+3.14,+13.255, +4.677,+0.965
1683342960,+3.14,+13.273, +4.670,+0.965
1683343080,+3.14,+13.246, +4.661,+0.965
1683343200,+3.14,+13.246, +4.657,+0.965
1683343320,+3.14,+13.255, +4.653,+0.965
1683343440,+3.14,+13.211, +4.663,+0.965
1683343560,+3.14,+13.238, +4.656,+0.965
1683343680,+3.14,+13.229, +4.650,+0.965
1683343800,+3.14,+13.211, +4.637,+0.965
1683343920,+3.14,+13.168, +4.648,+0.965
1683344040,+3.14,+13.168, +4.664,+0.965
1683344160,+3.14,+13.159, +4.671,+0.965
1683344280,+3.14,+13.150, +4.683,+0.965
1683344400,+3.14,+13.132, +4.704,+0.965
1683344520,+3.14,+13.132, +4.727,+0.965
1683344640,+3.14,+13.124, +4.735,+0.965
1683344760,+3.14,+13.115, +4.744,+0.965
1683344880,+3.14,+13.089, +4.748,+0.965
1683345000,+3.14,+13.097, +4.738,+0.965
1683345120,+3.14,+13.089, +4.737,+0.965
1683345240,+3.14,+13.071, +4.732,+0.965
1683345360,+3.14,+13.071, +4.718,+0.965
1683345480,+3.14,+13.062, +4.713,+0.965
1683345600,+3.14,+13.053, +4.714,+0.965
1683345720,+3.14,+13.036, +4.764,+0.965
1683345840,+3.14,+13.036, +4.766,+0.965
1683345960,+3.14,+13.036, +4.749,+0.965
1683346080,+3.14,+13.018, +4.732,+0.965
1683346200,+3.14,+13.010, +4.732,+0.965
1683346320,+3.14,+13.001, +4.755,+0.965
1683346440,+3.14,+12.983, +4.742,+0.965
1683346560,+3.14,+12.957, +4.740,+0.965
1683346680,+3.14,+12.983, +4.728,+0.965
1683346800,+3.14,+12.966, +4.722,+0.965
1683346920,+3.14,+12.948, +4.725,+0.965
1683347040,+3.14,+12.948, +4.724,+0.965
1683347160,+3.14,+12.939, +4.732,+0.965
1683347280,+3.14,+12.922, +4.729,+0.965
1683347400,+3.14,+12.930, +4.715,+0.965
1683347520,+3.14,+12.895, +4.709,+0.965
1683347640,+3.14,+12.887, +4.693,+0.965
1683347760,+3.14,+12.913, +4.671,+0.965
1683347880,+3.14,+12.887, +4.675,+0.965
1683348000,+3.14,+12.869, +4.697,+0.965
1683348120,+3.14,+12.878, +4.714,+0.965
1683348240,+3.14,+12.851, +4.721,+0.965
1683348360,+3.14,+12.851, +4.724,+0.965
1683348480,+3.14,+12.843, +4.729,+0.965
1683348600,+3.14,+12.834, +4.742,+0.965
1683348720,+3.14,+12.807, +4.757,+0.965
1683348840,+3.14,+12.799, +4.779,+0.965
1683348960,+3.14,+12.790, +4.770,+0.965
1683349080,+3.14,+12.772, +4.754,+0.965
1683349200,+3.14,+12.772, +4.739,+0.965
1683349320,+3.14,+12.772, +4.729,+0.965
1683349440,+3.14,+12.746, +4.741,+0.965
1683349560,+3.14,+12.746, +4.736,+0.965
1683349680,+3.14,+12.737, +4.738,+0.965
1683349800,+3.14,+12.719, +4.755,+0.965
1683349920,+3.14,+12.728, +4.764,+0.965
1683350040,+3.14,+12.710, +4.773,+0.965
1683350160,+3.14,+12.710, +4.769,+0.965
1683350280,+3.14,+12.684, +4.763,+0.965
1683350400,+3.14,+12.684, +4.765,+0.965
1683350520,+3.14,+12.684, +4.767,+0.965
1683350640,+3.14,+12.693, +4.771,+0.965
1683350760,+3.14,+12.666, +4.766,+0.965
1683350880,+3.14,+12.658, +4.768,+0.965
1683351000,+3.14,+12.631, +4.816,+0.965
1683351120,+3.14,+12.649, +4.824,+0.965
1683351240,+3.14,+12.631, +4.821,+0.965
1683351360,+3.14,+12.613, +4.815,+0.965
1683351480,+3.14,+12.605, +4.816,+0.965
1683351600,+3.14,+12.613, +4.817,+0.965
1683351720,+3.14,+12.605, +4.816,+0.965
1683351840,+3.14,+12.578, +4.817,+0.965
1683351960,+3.14,+12.587, +4.812,+0.964
1683352080,+3.14,+12.578, +4.819,+0.965
1683352200,+3.14,+12.552, +4.821,+0.965
1683352320,+3.14,+12.543, +4.831,+0.965
1683352440,+3.14,+12.534, +4.838,+0.965
1683352560,+3.14,+12.534, +4.843,+0.965
1683352680,+3.14,+12.525, +4.836,+0.965
1683352800,+3.14,+12.499, +4.836,+0.965
1683352920,+3.14,+12.499, +4.827,+0.965
1683353040,+3.14,+12.490, +4.776,+0.965
1683353160,+3.14,+12.490, +4.807,+0.965
1683353280,+3.14,+12.490, +4.831,+0.965
1683353400,+3.14,+12.472, +4.853,+0.965
1683353520,+3.14,+12.454, +4.861,+0.965
1683353640,+3.14,+12.454, +4.858,+0.965
1683353760,+3.14,+12.428, +4.885,+0.965
1683353880,+3.14,+12.446, +4.886,+0.965
1683354000,+3.14,+12.428, +4.881,+0.965
1683354120,+3.14,+12.419, +4.873,+0.965
1683354240,+3.14,+12.401, +4.857,+0.965
1683354360,+3.14,+12.410, +4.864,+0.965
1683354480,+3.14,+12.392, +4.865,+0.965
1683354600,+3.14,+12.384, +4.851,+0.965
1683354720,+3.14,+12.357, +4.847,+0.965
1683354840,+3.14,+12.366, +4.820,+0.965
1683354960,+3.14,+12.366, +4.826,+0.965
1683355080,+3.14,+12.366, +4.823,+0.965
1683355200,+3.14,+12.339, +4.811,+0.965
1683355320,+3.14,+12.339, +4.793,+0.965
1683355440,+3.14,+12.339, +4.773,+0.965
1683355560,+3.14,+12.322, +4.775,+0.965
1683355680,+3.14,+12.339, +4.781,+0.965
1683355800,+3.14,+12.313, +4.797,+0.965
1683355920,+3.14,+12.286, +4.807,+0.965
1683356040,+3.14,+12.286, +4.801,+0.965
1683356160,+3.14,+12.269, +4.793,+0.965
1683356280,+3.14,+12.277, +4.799,+0.965
1683356400,+3.14,+12.277, +4.810,+0.965
1683356520,+3.14,+12.260, +4.819,+0.965
1683356640,+3.14,+12.251, +4.822,+0.965
1683356760,+3.14,+12.242, +4.825,+0.965
1683356880,+3.14,+12.242, +4.815,+0.965
1683357000,+3.14,+12.242, +4.758,+0.965
1683357120,+3.14,+12.215, +4.623,+0.965
1683357240,+3.14,+12.224, +4.544,+0.965
1683357360,+3.14,+12.206, +4.535,+0.965
1683357480,+3.14,+12.198, +4.487,+0.965
1683357600,+3.14,+12.171, +4.540,+0.965
1683357720,+3.14,+12.189, +4.586,+0.965
1683357840,+3.14,+12.180, +4.638,+0.965
1683357960,+3.14,+12.153, +4.685,+0.965
1683358080,+3.14,+12.153, +4.718,+0.965
1683358200,+3.14,+12.162, +4.731,+0.965
1683358320,+3.14,+12.144, +4.746,+0.965
1683358440,+3.14,+12.153, +4.755,+0.965
1683358560,+3.14,+12.144, +4.766,+0.965
1683358680,+3.14,+12.127, +4.775,+0.965
1683358800,+3.14,+12.144, +4.767,+0.965
1683358920,+3.14,+12.127, +4.767,+0.965
1683359040,+3.14,+12.118, +4.759,+0.965
1683359160,+3.14,+12.100, +4.753,+0.965
1683359280,+3.14,+12.091, +4.754,+0.965
1683359400,+3.14,+12.100, +4.755,+0.965
1683359520,+3.14,+12.100, +4.756,+0.965
1683359640,+3.14,+12.091, +4.759,+0.965
1683359760,+3.14,+12.100, +4.771,+0.965
1683359880,+3.14,+12.073, +4.793,+0.965
1683360000,+3.14,+12.091, +4.799,+0.965
1683360120,+3.14,+12.082, +4.807,+0.965
1683360240,+3.14,+12.073, +4.817,+0.965
1683360360,+3.14,+12.073, +4.817,+0.965
1683360480,+3.14,+12.064, +4.824,+0.965
1683360600,+3.14,+12.056, +4.798,+0.965
1683360720,+3.14,+12.056, +4.731,+0.965
1683360840,+3.14,+12.047, +4.679,+0.965
1683360960,+3.14,+12.056, +4.648,+0.964
1683361080,+3.14,+12.038, +4.653,+0.965
1683361200,+3.14,+12.038, +4.655,+0.965
1683361320,+3.14,+12.020, +4.643,+0.965
1683361440,+3.14,+12.020, +4.629,+0.964
1683361560,+3.14,+12.038, +4.615,+0.964
1683361680,+3.14,+12.002, +4.596,+0.964
1683361800,+3.14,+12.002, +4.556,+0.964
1683361920,+3.14,+12.029, +4.568,+0.964
1683362040,+3.14,+11.993, +4.648,+0.965
1683362160,+3.14,+11.984, +4.677,+0.965
1683362280,+3.14,+11.993, +4.696,+0.965
1683362400,+3.14,+11.993, +4.717,+0.965
1683362520,+3.14,+11.984, +4.739,+0.965
1683362640,+3.14,+11.976, +4.755,+0.965
1683362760,+3.14,+11.976, +4.770,+0.965
1683362880,+3.14,+11.984, +4.770,+0.965
1683363000,+3.14,+11.967, +4.776,+0.965
1683363120,+3.14,+11.967, +4.723,+0.965
1683363240,+3.14,+11.984, +4.694,+0.965
1683363360,+3.14,+11.967, +4.730,+0.965
1683363480,+3.14,+11.940, +4.704,+0.965
1683363600,+3.14,+11.940, +4.638,+0.965
1683363720,+3.14,+11.949, +4.671,+0.965
1683363840,+3.14,+11.958, +4.686,+0.965
1683363960,+3.14,+11.922, +4.711,+0.965
1683364080,+3.14,+11.931, +4.730,+0.965
1683364200,+3.14,+11.949, +4.728,+0.965
1683364320,+3.14,+11.922, +4.739,+0.965
1683364440,+3.14,+11.922, +4.739,+0.965
1683364560,+3.14,+11.922, +4.743,+0.965
1683364680,+3.14,+11.904, +4.759,+0.965
1683364800,+3.14,+11.904, +4.768,+0.965
1683364920,+3.14,+11.895, +4.772,+0.965
1683365040,+3.14,+11.895, +4.782,+0.965
1683365160,+3.14,+11.887, +4.785,+0.965
1683365280,+3.14,+11.887, +4.797,+0.965
1683365400,+3.14,+11.878, +4.806,+0.965
1683365520,+3.14,+11.878, +4.805,+0.965
1683365640,+3.14,+11.878, +4.790,+0.965
1683365760,+3.14,+11.895, +4.768,+0.965
1683365880,+3.14,+11.878, +4.771,+0.965
1683366000,+3.14,+11.869, +4.761,+0.965
1683366120,+3.14,+11.878, +4.756,+0.965
1683366240,+3.14,+11.869, +4.761,+0.965
1683366360,+3.14,+11.851, +4.770,+0.965
1683366480,+3.14,+11.851, +4.777,+0.965
1683366600,+3.14,+11.842, +4.808,+0.965
1683366720,+3.14,+11.824, +4.851,+0.965
1683366840,+3.14,+11.833, +4.880,+0.965
1683366960,+3.14,+11.833, +4.901,+0.965
1683367080,+3.14,+11.815, +4.919,+0.965
1683367200,+3.14,+11.824, +4.924,+0.965
1683367320,+3.14,+11.842, +4.930,+0.965
1683367440,+3.14,+11.824, +4.827,+0.965
1683367560,+3.14,+11.806, +4.872,+0.965
1683367680,+3.14,+11.815, +4.886,+0.965
1683367800,+3.14,+11.815, +4.892,+0.965
1683367920,+3.14,+11.815, +4.896,+0.965
1683368040,+3.14,+11.797, +4.901,+0.965
1683368160,+3.14,+11.797, +4.902,+0.965
1683368280,+3.14,+11.797, +4.903,+0.965
1683368400,+3.14,+11.797, +4.902,+0.965
1683368520,+3.14,+11.797, +4.900,+0.965
1683368640,+3.14,+11.780, +4.869,+0.965
1683368760,+3.14,+11.762, +4.849,+0.965
1683368880,+3.14,+11.771, +4.839,+0.965
1683369000,+3.14,+11.762, +4.862,+0.965
1683369120,+3.14,+11.735, +4.889,+0.965
1683369240,+3.14,+11.744, +4.907,+0.965
1683369360,+3.14,+11.771, +4.915,+0.965
1683369480,+3.14,+11.735, +4.927,+0.965
1683369600,+3.14,+11.735, +4.924,+0.965
1683369720,+3.14,+11.744, +4.934,+0.965
1683369840,+3.14,+11.753, +4.948,+0.965
1683369960,+3.14,+11.753, +4.944,+0.965
1683370080,+3.14,+11.744, +4.940,+0.965
1683370200,+3.14,+11.735, +4.937,+0.965
1683370320,+3.14,+11.744, +4.918,+0.965
1683370440,+3.14,+11.735, +4.880,+0.965
1683370560,+3.14,+11.735, +4.837,+0.965
1683370680,+3.14,+11.735, +4.804,+0.965
1683370800,+3.14,+11.717, +4.788,+0.965
1683370920,+3.14,+11.726, +4.806,+0.965
1683371040,+3.14,+11.717, +4.829,+0.965
1683371160,+3.14,+11.690, +4.851,+0.965
1683371280,+3.14,+11.708, +4.866,+0.965
1683371400,+3.14,+11.726, +4.880,+0.965
1683371520,+3.14,+11.690, +4.897,+0.965
1683371640,+3.14,+11.699, +4.911,+0.965
1683371760,+3.14,+11.690, +4.912,+0.965
1683371880,+3.14,+11.708, +4.907,+0.965
1683372000,+3.14,+11.690, +4.908,+0.965
1683372120,+3.14,+11.690, +4.897,+0.965
1683372240,+3.14,+11.708, +4.878,+0.965
1683372360,+3.14,+11.699, +4.865,+0.965
1683372480,+3.14,+11.699, +4.849,+0.965
1683372600,+3.14,+11.699, +4.839,+0.965
1683372720,+3.14,+11.681, +4.836,+0.965
1683372840,+3.14,+11.672, +4.826,+0.965
1683372960,+3.14,+11.690, +4.805,+0.965
1683373080,+3.14,+11.681, +4.790,+0.965
1683373200,+3.14,+11.681, +4.783,+0.965
1683373320,+3.14,+11.672, +4.784,+0.965
1683373440,+3.14,+11.664, +4.790,+0.965
1683373560,+3.14,+11.664, +4.790,+0.965
1683373680,+3.14,+11.690, +4.781,+0.965
1683373800,+3.14,+11.664, +4.776,+0.965
1683373920,+3.14,+11.664, +4.777,+0.965
1683374040,+3.14,+11.664, +4.779,+0.965
1683374160,+3.14,+11.672, +4.782,+0.965
1683374280,+3.14,+11.646, +4.789,+0.965
1683374400,+3.14,+11.664, +4.787,+0.965
1683374520,+3.14,+11.681, +4.788,+0.965
1683374640,+3.14,+11.681, +4.789,+0.965
1683374760,+3.14,+11.681, +4.789,+0.965
1683374880,+3.14,+11.664, +4.798,+0.965
1683375000,+3.14,+11.681, +4.794,+0.965
1683375120,+3.14,+11.664, +4.806,+0.965
1683375240,+3.14,+11.672, +4.808,+0.965
1683375360,+3.14,+11.664, +4.818,+0.965
1683375480,+3.14,+11.690, +4.821,+0.965
1683375600,+3.14,+11.690, +4.830,+0.965
1683375720,+3.14,+11.681, +4.844,+0.965
1683375840,+3.14,+11.690, +4.852,+0.965
1683375960,+3.14,+11.690, +4.860,+0.965
1683376080,+3.14,+11.699, +4.865,+0.965
1683376200,+3.14,+11.708, +4.871,+0.965
1683376320,+3.14,+11.699, +4.883,+0.965
1683376440,+3.14,+11.699, +4.905,+0.965
1683376560,+3.14,+11.690, +4.926,+0.965
1683376680,+3.14,+11.717, +4.934,+0.965
1683376800,+3.14,+11.726, +4.940,+0.965
1683376920,+3.14,+11.726, +4.952,+0.965
1683377040,+3.14,+11.726, +4.944,+0.965
1683377160,+3.14,+11.717, +4.938,+0.965
1683377280,+3.14,+11.753, +4.928,+0.965
1683377400,+3.14,+11.753, +4.929,+0.965
1683377520,+3.14,+11.753, +4.928,+0.965
1683377640,+3.14,+11.762, +4.923,+0.965
1683377760,+3.14,+11.762, +4.925,+0.965
1683377880,+3.14,+11.762, +4.920,+0.965
1683378000,+3.14,+11.780, +4.913,+0.965
1683378120,+3.14,+11.797, +4.908,+0.965
1683378240,+3.14,+11.797, +4.902,+0.965
1683378360,+3.14,+11.797, +4.901,+0.965
1683378480,+3.14,+11.780, +4.901,+0.965
1683378600,+3.14,+11.788, +4.894,+0.965
1683378720,+3.14,+11.806, +4.891,+0.965
1683378840,+3.14,+11.815, +4.884,+0.965
1683378960,+3.14,+11.815, +4.880,+0.965
1683379080,+3.14,+11.815, +4.881,+0.965
1683379200,+3.14,+11.824, +4.880,+0.965
1683379320,+3.14,+11.842, +4.876,+0.965
1683379440,+3.14,+11.842, +4.873,+0.965
1683379560,+3.14,+11.851, +4.856,+0.965
1683379680,+3.14,+11.869, +4.855,+0.965
1683379800,+3.14,+11.878, +4.851,+0.965
1683379920,+3.14,+11.869, +4.821,+0.965
1683380040,+3.14,+11.904, +4.815,+0.965
1683380160,+3.14,+11.904, +4.801,+0.965
1683380280,+3.14,+11.913, +4.785,+0.965
1683380400,+3.14,+11.922, +4.787,+0.965
1683380520,+3.14,+11.949, +4.794,+0.965
1683380640,+3.14,+11.931, +4.811,+0.965
1683380760,+3.14,+11.967, +4.799,+0.965
1683380880,+3.14,+11.940, +4.797,+0.965
1683381000,+3.14,+11.958, +4.790,+0.965
1683381120,+3.14,+11.958, +4.779,+0.965
1683381240,+3.14,+11.976, +4.750,+0.965
1683381360,+3.14,+11.967, +4.738,+0.965
1683381480,+3.14,+11.984, +4.742,+0.965
1683381600,+3.14,+11.976, +4.746,+0.965
1683381720,+3.14,+11.967, +4.752,+0.965
1683381840,+3.14,+11.984, +4.725,+0.965
1683381960,+3.14,+12.002, +4.789,+0.965
1683382080,+3.14,+12.002, +4.834,+0.965
1683382200,+3.14,+12.002, +4.867,+0.965
1683382320,+3.14,+12.011, +4.884,+0.965
1683382440,+3.14,+12.002, +4.900,+0.965
1683382560,+3.14,+11.993, +4.907,+0.965
1683382680,+3.14,+12.029, +4.903,+0.965
1683382800,+3.14,+12.047, +4.905,+0.965
1683382920,+3.14,+12.047, +4.904,+0.965
1683383040,+3.14,+12.047, +4.896,+0.965
1683383160,+3.14,+12.064, +4.870,+0.965
1683383280,+3.14,+12.082, +4.853,+0.965
1683383400,+3.14,+12.091, +4.830,+0.965
1683383520,+3.14,+12.100, +4.801,+0.965
1683383640,+3.14,+12.109, +4.775,+0.965
1683383760,+3.14,+12.118, +4.742,+0.965
1683383880,+3.14,+12.135, +4.718,+0.965
1683384000,+3.14,+12.144, +4.701,+0.965
1683384120,+3.14,+12.144, +4.682,+0.965
1683384240,+3.14,+12.180, +4.644,+0.965
1683384360,+3.14,+12.171, +4.619,+0.965
1683384480,+3.14,+12.180, +4.582,+0.965
1683384600,+3.14,+12.189, +4.567,+0.965
1683384720,+3.14,+12.224, +4.545,+0.965
1683384840,+3.14,+12.224, +4.542,+0.965
1683384960,+3.14,+12.251, +4.535,+0.965
1683385080,+3.14,+12.269, +4.533,+0.965
1683385200,+3.14,+12.277, +4.530,+0.965
1683385320,+3.14,+12.295, +4.532,+0.965
1683385440,+3.14,+12.304, +4.532,+0.965
1683385560,+3.14,+12.322, +4.528,+0.965
1683385680,+3.14,+12.339, +4.532,+0.965
1683385800,+3.14,+12.357, +4.538,+0.965
1683385920,+3.14,+12.375, +4.535,+0.965
1683386040,+3.14,+12.419, +4.518,+0.965
1683386160,+3.14,+12.428, +4.495,+0.965
1683386280,+3.14,+12.454, +4.463,+0.965
1683386400,+3.14,+12.463, +4.455,+0.965
1683386520,+3.14,+12.481, +4.450,+0.965
1683386640,+3.14,+12.499, +4.446,+0.965
1683386760,+3.14,+12.534, +4.455,+0.965
1683386880,+3.14,+12.560, +4.476,+0.965
1683387000,+3.14,+12.569, +4.503,+0.965
1683387120,+3.14,+12.596, +4.529,+0.965
1683387240,+3.14,+12.622, +4.556,+0.965
1683387360,+3.14,+12.649, +4.580,+0.965
1683387480,+3.14,+12.666, +4.603,+0.965
1683387600,+3.14,+12.702, +4.618,+0.965
1683387720,+3.14,+12.728, +4.623,+0.965
1683387840,+3.14,+12.746, +4.618,+0.965
1683387960,+3.14,+12.754, +4.624,+0.965
1683388080,+3.14,+12.781, +4.611,+0.965
1683388200,+3.14,+12.799, +4.592,+0.965
1683388320,+3.14,+12.816, +4.579,+0.965
1683388440,+3.14,+12.843, +4.569,+0.965
1683388560,+3.14,+12.860, +4.564,+0.965
1683388680,+3.14,+12.887, +4.556,+0.965
1683388800,+3.14,+12.913, +4.541,+0.965
1683388920,+3.14,+12.930, +4.536,+0.965
1683389040,+3.14,+12.966, +4.524,+0.965
1683389160,+3.14,+12.992, +4.517,+0.965
1683389280,+3.14,+12.992, +4.512,+0.965
1683389400,+3.14,+13.027, +4.501,+0.965
1683389520,+3.14,+13.062, +4.501,+0.965
1683389640,+3.14,+13.097, +4.505,+0.965
1683389760,+3.14,+13.115, +4.531,+0.965
1683389880,+3.14,+13.150, +4.560,+0.965
1683390000,+3.14,+13.194, +4.577,+0.965
1683390120,+3.14,+13.194, +4.605,+0.965
1683390240,+3.14,+13.238, +4.620,+0.965
1683390360,+3.14,+13.290, +4.632,+0.965
1683390480,+3.14,+13.308, +4.658,+0.965
1683390600,+3.14,+13.334, +4.686,+0.965
1683390720,+3.14,+13.334, +4.702,+0.965
1683390840,+3.14,+13.386, +4.717,+0.965
1683390960,+3.14,+13.421, +4.727,+0.965
1683391080,+3.14,+13.430, +4.740,+0.965
1683391200,+3.14,+13.456, +4.752,+0.965
1683391320,+3.14,+13.500, +4.744,+0.965
1683391440,+3.14,+13.518, +4.746,+0.965
1683391560,+3.14,+13.552, +4.733,+0.965
1683391680,+3.14,+13.552, +4.726,+0.964
1683391800,+3.14,+13.596, +4.713,+0.965
1683391920,+3.14,+13.622, +4.701,+0.965
1683392040,+3.14,+13.657, +4.693,+0.965
1683392160,+3.14,+13.683, +4.687,+0.965
1683392280,+3.14,+13.701, +4.685,+0.965
1683392400,+3.14,+13.753, +4.686,+0.964
1683392520,+3.14,+13.762, +4.697,+0.964
1683392640,+3.14,+13.788, +4.705,+0.964
1683392760,+3.14,+13.823, +4.711,+0.965
1683392880,+3.14,+13.857, +4.712,+0.964
1683393000,+3.14,+13.884, +4.708,+0.964
1683393120,+3.14,+13.918, +4.710,+0.965
1683393240,+3.14,+13.953, +4.711,+0.965
1683393360,+3.14,+13.988, +4.715,+0.965
1683393480,+3.14,+13.997, +4.718,+0.965
1683393600,+3.14,+14.040, +4.732,+0.964
1683393720,+3.14,+14.066, +4.734,+0.964
1683393840,+3.14,+14.083, +4.739,+0.965
1683393960,+3.14,+14.118, +4.749,+0.964
1683394080,+3.14,+14.136, +4.763,+0.965
1683394200,+3.14,+14.205, +4.790,+0.965
1683394320,+3.14,+14.222, +4.815,+0.964
1683394440,+3.14,+14.240, +4.822,+0.964
1683394560,+3.14,+14.266, +4.836,+0.964
1683394680,+3.13,+14.318, +4.834,+0.964
1683394800,+3.13,+14.344, +4.821,+0.964
1683394920,+3.13,+14.352, +4.793,+0.964
1683395040,+3.13,+14.395, +4.752,+0.964
1683395160,+3.13,+14.413, +4.736,+0.964
1683395280,+3.13,+14.439, +4.720,+0.964
1683395400,+3.13,+14.456, +4.716,+0.965
1683395520,+3.13,+14.508, +4.689,+0.964
1683395640,+3.13,+14.551, +4.644,+0.964
1683395760,+3.14,+14.594, +4.593,+0.965
1683395880,+3.14,+14.620, +4.571,+0.964
1683396000,+3.14,+14.637, +4.562,+0.965
1683396120,+3.14,+14.672, +4.539,+0.965
1683396240,+3.14,+14.663, +4.524,+0.964
1683396360,+3.14,+14.707, +4.518,+0.964
1683396480,+3.14,+14.724, +4.509,+0.964
1683396600,+3.14,+14.724, +4.512,+0.964
1683396720,+3.14,+14.724, +4.522,+0.964
1683396840,+3.14,+14.732, +4.548,+0.964
1683396960,+3.14,+14.801, +4.544,+0.964
1683397080,+3.14,+14.819, +4.531,+0.964
1683397200,+3.14,+14.845, +4.487,+0.964
1683397320,+3.14,+14.888, +4.444,+0.964
1683397440,+3.14,+14.913, +4.412,+0.964
1683397560,+3.14,+14.956, +4.385,+0.964
1683397680,+3.14,+14.948, +4.371,+0.964
1683397800,+3.14,+15.000, +4.335,+0.964
1683397920,+3.14,+15.025, +4.321,+0.964
1683398040,+3.14,+15.051, +4.303,+0.964
1683398160,+3.14,+15.051, +4.296,+0.964
1683398280,+3.14,+15.077, +4.303,+0.965
1683398400,+3.14,+15.077, +4.309,+0.965
1683398520,+3.14,+15.120, +4.300,+0.964
