7450-401396
OS REV: 1.05 Sensor Cal: 1618512290
Time (sec),  BV (Volts),  T (deg C),  DO (mg/l),  Q ()
1685302080,+3.11,+17.090, +3.938,+0.962
1685302200,+3.11,+17.107, +3.939,+0.962
1685302320,+3.11,+17.099, +3.969,+0.962
1685302440,+3.11,+17.141, +3.992,+0.962
1685302560,+3.11,+17.158, +4.015,+0.962
1685302680,+3.11,+17.175, +4.046,+0.962
1685302800,+3.11,+17.175, +4.027,+0.962
1685302920,+3.11,+17.209, +4.005,+0.962
1685303040,+3.11,+17.217, +4.012,+0.962
1685303160,+3.11,+17.201, +3.934,+0.962
1685303280,+3.11,+17.217, +3.872,+0.962
1685303400,+3.11,+17.226, +3.811,+0.962
1685303520,+3.11,+17.226, +3.830,+0.962
1685303640,+3.11,+17.217, +3.723,+0.963
1685303760,+3.11,+17.217, +3.693,+0.963
1685303880,+3.11,+17.234, +3.722,+0.963
1685304000,+3.11,+17.260, +3.790,+0.963
1685304120,+3.11,+17.294, +3.900,+0.962
1685304240,+3.11,+17.319, +3.954,+0.962
1685304360,+3.11,+17.319, +3.957,+0.962
1685304480,+3.11,+17.336, +3.976,+0.962
1685304600,+3.11,+17.328, +4.010,+0.962
1685304720,+3.11,+17.344, +4.050,+0.963
1685304840,+3.11,+17.361, +4.066,+0.962
1685304960,+3.10,+17.370, +4.048,+0.962
1685305080,+3.11,+17.361, +4.061,+0.962
1685305200,+3.10,+17.387, +4.049,+0.962
1685305320,+3.11,+17.361, +3.954,+0.962
1685305440,+3.11,+17.378, +3.965,+0.962
1685305560,+3.10,+17.412, +4.019,+0.962
1685305680,+3.10,+17.421, +4.050,+0.962
1685305800,+3.10,+17.429, +4.047,+0.962
1685305920,+3.11,+17.421, +4.036,+0.962
1685306040,+3.10,+17.446, +4.070,+0.962
1685306160,+3.10,+17.471, +4.027,+0.962
1685306280,+3.10,+17.454, +4.026,+0.962
1685306400,+3.10,+17.488, +4.050,+0.962
1685306520,+3.10,+17.488, +4.045,+0.962
1685306640,+3.10,+17.514, +4.038,+0.962
1685306760,+3.10,+17.488, +4.044,+0.962
1685306880,+3.10,+17.514, +4.074,+0.962
1685307000,+3.10,+17.514, +4.073,+0.962
1685307120,+3.10,+17.522, +4.086,+0.962
1685307240,+3.10,+17.530, +4.088,+0.962
1685307360,+3.10,+17.530, +4.084,+0.962
1685307480,+3.10,+17.539, +4.071,+0.962
1685307600,+3.10,+17.539, +4.069,+0.962
1685307720,+3.10,+17.581, +4.087,+0.962
1685307840,+3.10,+17.742, +4.351,+0.962
1685307960,+3.10,+17.699, +4.337,+0.962
1685308080,+3.10,+17.632, +4.357,+0.962
1685308200,+3.10,+17.632, +4.322,+0.962
1685308320,+3.10,+17.615, +4.328,+0.962
1685308440,+3.10,+17.632, +4.322,+0.962
1685308560,+3.10,+17.632, +4.296,+0.962
1685308680,+3.10,+17.632, +4.284,+0.962
1685308800,+3.10,+17.632, +4.242,+0.962
1685308920,+3.10,+17.615, +4.216,+0.962
1685309040,+3.10,+17.623, +4.220,+0.962
1685309160,+3.10,+17.632, +4.227,+0.962
1685309280,+3.10,+17.657, +4.209,+0.962
1685309400,+3.10,+17.640, +4.204,+0.962
1685309520,+3.10,+17.649, +4.194,+0.962
1685309640,+3.10,+17.640, +4.197,+0.962
1685309760,+3.10,+17.657, +4.173,+0.962
1685309880,+3.10,+17.657, +4.111,+0.962
1685310000,+3.10,+17.716, +4.103,+0.962
1685310120,+3.10,+17.683, +4.080,+0.962
1685310240,+3.10,+17.691, +4.077,+0.962
1685310360,+3.10,+17.683, +4.077,+0.962
1685310480,+3.10,+17.708, +4.051,+0.962
1685310600,+3.10,+17.699, +4.052,+0.962
1685310720,+3.10,+17.716, +4.051,+0.962
1685310840,+3.10,+17.683, +4.054,+0.962
1685310960,+3.10,+17.733, +4.063,+0.962
1685311080,+3.10,+17.716, +4.060,+0.962
1685311200,+3.10,+17.725, +4.065,+0.962
1685311320,+3.10,+17.725, +4.009,+0.962
1685311440,+3.10,+17.666, +3.814,+0.962
1685311560,+3.10,+17.725, +3.934,+0.963
1685311680,+3.10,+17.750, +4.035,+0.962
1685311800,+3.10,+17.742, +4.045,+0.962
1685311920,+3.10,+17.759, +4.055,+0.962
1685312040,+3.10,+17.767, +4.091,+0.962
1685312160,+3.10,+17.742, +4.067,+0.962
1685312280,+3.10,+17.759, +4.081,+0.962
1685312400,+3.10,+17.750, +4.087,+0.962
1685312520,+3.10,+17.750, +4.086,+0.962
1685312640,+3.10,+17.767, +4.077,+0.962
1685312760,+3.10,+17.775, +4.096,+0.962
1685312880,+3.10,+17.759, +4.091,+0.962
1685313000,+3.10,+17.767, +4.084,+0.962
1685313120,+3.10,+17.775, +4.104,+0.963
1685313240,+3.10,+17.801, +4.110,+0.962
1685313360,+3.10,+17.801, +4.119,+0.962
1685313480,+3.10,+17.801, +4.117,+0.962
1685313600,+3.10,+17.767, +4.040,+0.962
1685313720,+3.10,+17.792, +4.003,+0.962
1685313840,+3.10,+17.801, +4.036,+0.962
1685313960,+3.10,+17.792, +4.056,+0.962
1685314080,+3.10,+17.792, +4.042,+0.962
1685314200,+3.10,+17.801, +4.031,+0.962
1685314320,+3.10,+17.792, +4.026,+0.962
1685314440,+3.10,+17.801, +4.054,+0.962
1685314560,+3.10,+17.792, +4.040,+0.962
1685314680,+3.10,+17.801, +4.018,+0.962
1685314800,+3.10,+17.801, +4.022,+0.962
1685314920,+3.10,+17.792, +4.020,+0.962
1685315040,+3.10,+17.818, +3.992,+0.962
1685315160,+3.10,+17.809, +3.986,+0.962
1685315280,+3.10,+17.818, +3.979,+0.962
1685315400,+3.10,+17.818, +4.001,+0.962
1685315520,+3.10,+17.818, +4.019,+0.962
1685315640,+3.10,+17.809, +4.034,+0.962
1685315760,+3.10,+17.826, +4.041,+0.962
1685315880,+3.10,+17.818, +4.059,+0.962
1685316000,+3.10,+17.818, +4.092,+0.962
1685316120,+3.10,+17.818, +4.076,+0.962
1685316240,+3.10,+17.834, +4.044,+0.962
1685316360,+3.10,+17.834, +4.008,+0.962
1685316480,+3.10,+17.826, +3.914,+0.962
1685316600,+3.10,+17.826, +3.665,+0.962
1685316720,+3.10,+17.843, +3.712,+0.962
1685316840,+3.10,+17.826, +3.747,+0.963
1685316960,+3.10,+17.834, +3.799,+0.962
1685317080,+3.10,+17.843, +3.821,+0.962
1685317200,+3.10,+17.834, +3.823,+0.962
1685317320,+3.10,+17.809, +3.814,+0.962
1685317440,+3.10,+17.851, +3.897,+0.962
1685317560,+3.10,+17.826, +3.907,+0.962
1685317680,+3.10,+17.826, +3.922,+0.962
1685317800,+3.10,+17.834, +3.917,+0.962
1685317920,+3.10,+17.826, +3.929,+0.962
1685318040,+3.10,+17.843, +4.018,+0.962
1685318160,+3.10,+17.851, +4.038,+0.962
1685318280,+3.10,+17.834, +3.971,+0.962
1685318400,+3.10,+17.834, +3.957,+0.962
1685318520,+3.10,+17.801, +3.953,+0.962
1685318640,+3.10,+17.860, +4.075,+0.962
1685318760,+3.10,+17.851, +4.146,+0.962
1685318880,+3.10,+17.860, +4.232,+0.962
1685319000,+3.10,+17.834, +4.213,+0.962
1685319120,+3.10,+17.860, +4.266,+0.962
1685319240,+3.10,+17.834, +4.240,+0.962
1685319360,+3.10,+17.834, +4.228,+0.962
1685319480,+3.10,+17.792, +4.203,+0.962
1685319600,+3.10,+17.843, +4.296,+0.962
1685319720,+3.10,+17.826, +4.336,+0.962
1685319840,+3.10,+17.860, +4.419,+0.962
1685319960,+3.10,+17.843, +4.411,+0.962
1685320080,+3.10,+17.834, +4.392,+0.962
1685320200,+3.10,+17.818, +4.335,+0.962
1685320320,+3.10,+17.818, +4.334,+0.962
1685320440,+3.10,+17.843, +4.335,+0.962
1685320560,+3.10,+17.843, +4.544,+0.962
1685320680,+3.11,+17.851, +4.834,+0.962
1685320800,+3.10,+17.851, +4.847,+0.962
1685320920,+3.10,+17.834, +4.877,+0.962
1685321040,+3.10,+17.834, +4.864,+0.962
1685321160,+3.10,+17.818, +4.833,+0.962
1685321280,+3.10,+17.792, +4.735,+0.962
1685321400,+3.10,+17.818, +4.747,+0.962
1685321520,+3.10,+17.809, +4.735,+0.962
1685321640,+3.10,+17.809, +4.696,+0.962
1685321760,+3.10,+17.809, +4.790,+0.962
1685321880,+3.10,+17.792, +4.818,+0.962
1685322000,+3.10,+17.784, +4.826,+0.962
1685322120,+3.10,+17.792, +4.816,+0.962
1685322240,+3.10,+17.792, +4.817,+0.962
1685322360,+3.10,+17.801, +4.817,+0.962
1685322480,+3.10,+17.792, +4.818,+0.962
1685322600,+3.10,+17.801, +4.834,+0.962
1685322720,+3.10,+17.784, +4.839,+0.961
1685322840,+3.10,+17.809, +4.836,+0.961
1685322960,+3.10,+17.784, +4.845,+0.962
1685323080,+3.10,+17.784, +4.842,+0.961
1685323200,+3.10,+17.792, +4.891,+0.961
1685323320,+3.10,+17.792, +4.843,+0.961
1685323440,+3.10,+17.775, +4.776,+0.962
1685323560,+3.10,+17.775, +4.729,+0.961
1685323680,+3.10,+17.784, +4.708,+0.962
1685323800,+3.10,+17.792, +4.689,+0.962
1685323920,+3.10,+17.792, +4.672,+0.962
1685324040,+3.10,+17.792, +4.723,+0.962
1685324160,+3.10,+17.767, +4.747,+0.961
1685324280,+3.10,+17.792, +4.753,+0.961
1685324400,+3.10,+17.767, +4.767,+0.962
1685324520,+3.10,+17.750, +4.748,+0.961
1685324640,+3.10,+17.759, +4.748,+0.961
1685324760,+3.10,+17.759, +4.821,+0.961
1685324880,+3.10,+17.767, +4.873,+0.961
1685325000,+3.10,+17.759, +4.875,+0.961
1685325120,+3.10,+17.750, +4.840,+0.961
1685325240,+3.10,+17.767, +4.973,+0.961
1685325360,+3.10,+17.742, +4.811,+0.962
1685325480,+3.10,+17.767, +4.800,+0.962
1685325600,+3.10,+17.767, +4.906,+0.962
1685325720,+3.10,+17.784, +4.964,+0.961
1685325840,+3.10,+17.750, +4.966,+0.962
1685325960,+3.10,+17.767, +5.077,+0.961
1685326080,+3.10,+17.750, +5.132,+0.961
1685326200,+3.10,+17.759, +5.179,+0.961
1685326320,+3.10,+17.742, +5.226,+0.962
1685326440,+3.10,+17.733, +5.215,+0.961
1685326560,+3.10,+17.742, +5.203,+0.961
1685326680,+3.10,+17.725, +5.183,+0.961
1685326800,+3.10,+17.733, +5.219,+0.961
1685326920,+3.10,+17.708, +5.290,+0.961
1685327040,+3.10,+17.725, +5.340,+0.961
1685327160,+3.10,+17.716, +5.380,+0.961
1685327280,+3.10,+17.716, +5.429,+0.961
1685327400,+3.10,+17.708, +5.482,+0.961
1685327520,+3.10,+17.716, +5.556,+0.961
1685327640,+3.10,+17.699, +5.584,+0.961
1685327760,+3.10,+17.708, +5.603,+0.961
1685327880,+3.10,+17.708, +5.615,+0.961
1685328000,+3.10,+17.716, +5.618,+0.961
1685328120,+3.10,+17.683, +5.626,+0.961
1685328240,+3.10,+17.674, +5.595,+0.961
1685328360,+3.10,+17.674, +5.430,+0.961
1685328480,+3.10,+17.674, +5.460,+0.961
1685328600,+3.10,+17.691, +5.218,+0.961
1685328720,+3.10,+17.674, +5.173,+0.962
1685328840,+3.10,+17.666, +5.189,+0.962
1685328960,+3.10,+17.674, +5.204,+0.961
1685329080,+3.10,+17.674, +5.233,+0.961
1685329200,+3.10,+17.666, +5.424,+0.961
1685329320,+3.10,+17.640, +5.342,+0.961
1685329440,+3.10,+17.657, +5.334,+0.961
1685329560,+3.10,+17.657, +5.441,+0.961
1685329680,+3.10,+17.674, +5.573,+0.962
1685329800,+3.10,+17.657, +5.666,+0.961
1685329920,+3.10,+17.632, +5.760,+0.961
1685330040,+3.10,+17.632, +5.804,+0.961
1685330160,+3.10,+17.606, +5.531,+0.960
1685330280,+3.10,+17.623, +5.556,+0.961
1685330400,+3.10,+17.623, +5.618,+0.961
1685330520,+3.10,+17.615, +5.507,+0.961
1685330640,+3.10,+17.615, +5.572,+0.961
1685330760,+3.10,+17.606, +5.672,+0.961
1685330880,+3.10,+17.581, +5.596,+0.961
1685331000,+3.10,+17.598, +5.634,+0.960
1685331120,+3.10,+17.598, +5.699,+0.961
1685331240,+3.10,+17.581, +5.729,+0.961
1685331360,+3.10,+17.581, +5.764,+0.961
1685331480,+3.10,+17.581, +5.800,+0.961
1685331600,+3.10,+17.581, +5.778,+0.960
1685331720,+3.10,+17.556, +5.675,+0.961
1685331840,+3.10,+17.556, +5.700,+0.961
1685331960,+3.10,+17.556, +5.648,+0.961
1685332080,+3.10,+17.539, +5.708,+0.961
1685332200,+3.10,+17.522, +5.795,+0.961
1685332320,+3.10,+17.530, +5.937,+0.961
1685332440,+3.10,+17.539, +6.003,+0.961
1685332560,+3.10,+17.530, +6.016,+0.961
1685332680,+3.10,+17.522, +6.037,+0.961
1685332800,+3.10,+17.530, +6.054,+0.961
1685332920,+3.10,+17.514, +6.097,+0.961
1685333040,+3.10,+17.514, +6.126,+0.961
1685333160,+3.10,+17.505, +6.101,+0.961
1685333280,+3.10,+17.488, +6.080,+0.961
1685333400,+3.10,+17.488, +6.047,+0.961
1685333520,+3.10,+17.480, +6.035,+0.961
1685333640,+3.10,+17.497, +6.021,+0.961
1685333760,+3.10,+17.497, +6.002,+0.961
1685333880,+3.10,+17.488, +5.995,+0.961
1685334000,+3.10,+17.463, +5.975,+0.960
1685334120,+3.10,+17.463, +5.986,+0.961
1685334240,+3.10,+17.446, +6.007,+0.961
1685334360,+3.10,+17.454, +6.008,+0.961
1685334480,+3.10,+17.446, +6.006,+0.961
1685334600,+3.10,+17.437, +5.979,+0.961
1685334720,+3.10,+17.437, +5.954,+0.961
1685334840,+3.10,+17.437, +5.928,+0.961
1685334960,+3.10,+17.412, +5.928,+0.961
1685335080,+3.10,+17.404, +5.932,+0.961
1685335200,+3.10,+17.421, +5.924,+0.961
1685335320,+3.10,+17.404, +5.931,+0.961
1685335440,+3.10,+17.387, +5.928,+0.961
1685335560,+3.10,+17.387, +5.929,+0.961
1685335680,+3.10,+17.378, +5.927,+0.961
1685335800,+3.10,+17.387, +5.921,+0.961
1685335920,+3.10,+17.353, +5.909,+0.961
1685336040,+3.10,+17.378, +5.881,+0.961
1685336160,+3.10,+17.353, +5.840,+0.961
1685336280,+3.10,+17.344, +5.791,+0.961
1685336400,+3.11,+17.344, +5.754,+0.961
1685336520,+3.10,+17.336, +5.712,+0.961
1685336640,+3.10,+17.328, +5.689,+0.961
1685336760,+3.10,+17.328, +5.652,+0.961
1685336880,+3.11,+17.311, +5.632,+0.962
1685337000,+3.10,+17.302, +5.612,+0.961
1685337120,+3.11,+17.311, +5.600,+0.962
1685337240,+3.11,+17.319, +5.589,+0.961
1685337360,+3.11,+17.302, +5.593,+0.961
1685337480,+3.11,+17.294, +5.601,+0.961
1685337600,+3.10,+17.311, +5.606,+0.962
1685337720,+3.11,+17.277, +5.634,+0.962
1685337840,+3.11,+17.277, +5.641,+0.961
1685337960,+3.11,+17.251, +5.649,+0.961
1685338080,+3.11,+17.260, +5.649,+0.961
1685338200,+3.11,+17.268, +5.618,+0.961
1685338320,+3.11,+17.260, +5.583,+0.961
1685338440,+3.11,+17.234, +5.520,+0.961
1685338560,+3.11,+17.217, +5.443,+0.962
1685338680,+3.11,+17.234, +5.366,+0.961
1685338800,+3.11,+17.217, +5.335,+0.961
1685338920,+3.11,+17.217, +5.313,+0.962
1685339040,+3.11,+17.209, +5.276,+0.961
1685339160,+3.11,+17.184, +5.265,+0.962
1685339280,+3.11,+17.184, +5.264,+0.962
1685339400,+3.11,+17.192, +5.269,+0.961
1685339520,+3.11,+17.167, +5.297,+0.961
1685339640,+3.11,+17.167, +5.330,+0.961
1685339760,+3.11,+17.167, +5.354,+0.961
1685339880,+3.11,+17.141, +5.373,+0.961
1685340000,+3.11,+17.150, +5.375,+0.962
1685340120,+3.11,+17.133, +5.369,+0.961
1685340240,+3.11,+17.133, +5.336,+0.961
1685340360,+3.11,+17.116, +5.574,+0.961
1685340480,+3.11,+17.133, +5.671,+0.961
1685340600,+3.11,+17.124, +5.687,+0.961
1685340720,+3.11,+17.107, +5.700,+0.961
1685340840,+3.11,+17.107, +5.720,+0.962
1685340960,+3.11,+17.099, +5.726,+0.961
1685341080,+3.11,+17.099, +5.737,+0.961
1685341200,+3.11,+17.073, +5.739,+0.961
1685341320,+3.11,+17.082, +5.717,+0.961
1685341440,+3.11,+17.073, +5.681,+0.961
1685341560,+3.11,+17.065, +5.638,+0.961
1685341680,+3.11,+17.082, +5.585,+0.961
1685341800,+3.11,+17.057, +5.530,+0.961
1685341920,+3.11,+17.073, +5.466,+0.961
1685342040,+3.11,+17.040, +5.421,+0.961
1685342160,+3.11,+17.014, +5.384,+0.962
1685342280,+3.11,+17.040, +5.339,+0.962
1685342400,+3.11,+17.006, +5.303,+0.962
1685342520,+3.11,+16.989, +5.261,+0.961
1685342640,+3.11,+16.997, +5.245,+0.961
1685342760,+3.11,+17.006, +5.291,+0.961
1685342880,+3.11,+17.006, +5.383,+0.962
1685343000,+3.11,+16.980, +5.501,+0.961
1685343120,+3.11,+16.980, +5.612,+0.961
1685343240,+3.11,+16.980, +5.709,+0.961
1685343360,+3.11,+16.963, +5.751,+0.961
1685343480,+3.11,+16.989, +5.741,+0.961
1685343600,+3.11,+16.963, +5.720,+0.961
1685343720,+3.11,+16.938, +5.718,+0.961
1685343840,+3.11,+16.938, +5.866,+0.961
1685343960,+3.11,+16.938, +5.904,+0.961
1685344080,+3.11,+16.938, +5.908,+0.961
1685344200,+3.11,+16.921, +5.888,+0.961
1685344320,+3.11,+16.938, +5.886,+0.961
1685344440,+3.11,+16.912, +5.907,+0.961
1685344560,+3.11,+16.912, +5.935,+0.961
1685344680,+3.11,+16.912, +5.970,+0.961
1685344800,+3.11,+16.887, +5.993,+0.961
1685344920,+3.11,+16.895, +6.006,+0.961
1685345040,+3.11,+16.870, +6.025,+0.961
1685345160,+3.11,+16.895, +6.026,+0.961
1685345280,+3.11,+16.895, +6.054,+0.961
1685345400,+3.11,+16.853, +6.075,+0.961
1685345520,+3.11,+16.845, +6.075,+0.961
1685345640,+3.11,+16.862, +6.057,+0.961
1685345760,+3.11,+16.845, +6.032,+0.961
1685345880,+3.11,+16.845, +6.018,+0.961
1685346000,+3.11,+16.845, +6.014,+0.961
1685346120,+3.11,+16.836, +6.015,+0.961
1685346240,+3.11,+16.819, +6.036,+0.961
1685346360,+3.11,+16.828, +6.078,+0.961
1685346480,+3.11,+16.836, +6.108,+0.961
1685346600,+3.11,+16.819, +6.157,+0.961
1685346720,+3.11,+16.819, +6.170,+0.961
1685346840,+3.11,+16.794, +6.179,+0.961
1685346960,+3.10,+16.785, +6.172,+0.961
1685347080,+3.11,+16.768, +6.161,+0.961
1685347200,+3.11,+16.777, +6.157,+0.961
1685347320,+3.10,+16.760, +6.160,+0.961
1685347440,+3.10,+16.768, +6.157,+0.961
1685347560,+3.10,+16.760, +6.154,+0.961
1685347680,+3.10,+16.768, +6.129,+0.961
1685347800,+3.10,+16.743, +6.117,+0.961
1685347920,+3.10,+16.760, +6.098,+0.961
1685348040,+3.10,+16.734, +6.090,+0.961
1685348160,+3.10,+16.734, +6.067,+0.961
1685348280,+3.10,+16.717, +6.088,+0.961
1685348400,+3.10,+16.726, +6.091,+0.960
1685348520,+3.10,+16.709, +6.090,+0.961
1685348640,+3.10,+16.717, +6.053,+0.961
1685348760,+3.10,+16.717, +6.016,+0.961
1685348880,+3.10,+16.700, +5.999,+0.961
1685349000,+3.10,+16.692, +5.998,+0.961
1685349120,+3.10,+16.683, +5.992,+0.961
1685349240,+3.10,+16.700, +6.010,+0.961
1685349360,+3.10,+16.675, +6.045,+0.961
1685349480,+3.10,+16.692, +6.068,+0.961
1685349600,+3.10,+16.675, +6.092,+0.961
1685349720,+3.10,+16.675, +6.109,+0.961
1685349840,+3.10,+16.658, +6.124,+0.961
1685349960,+3.10,+16.666, +6.137,+0.961
1685350080,+3.10,+16.658, +6.153,+0.961
1685350200,+3.10,+16.658, +6.160,+0.961
1685350320,+3.10,+16.641, +6.139,+0.961
1685350440,+3.10,+16.649, +6.140,+0.961
1685350560,+3.10,+16.641, +6.177,+0.961
1685350680,+3.10,+16.641, +6.171,+0.961
1685350800,+3.10,+16.632, +6.150,+0.961
1685350920,+3.10,+16.632, +6.138,+0.961
1685351040,+3.10,+16.624, +6.143,+0.961
1685351160,+3.10,+16.615, +6.148,+0.961
1685351280,+3.10,+16.607, +6.161,+0.961
1685351400,+3.10,+16.624, +6.167,+0.961
1685351520,+3.10,+16.607, +6.186,+0.961
1685351640,+3.10,+16.607, +6.158,+0.961
1685351760,+3.10,+16.598, +6.142,+0.961
1685351880,+3.10,+16.607, +6.137,+0.961
1685352000,+3.10,+16.607, +6.141,+0.961
1685352120,+3.10,+16.581, +6.148,+0.961
1685352240,+3.10,+16.564, +6.153,+0.961
1685352360,+3.10,+16.581, +6.134,+0.961
1685352480,+3.10,+16.573, +6.113,+0.961
1685352600,+3.10,+16.564, +6.094,+0.961
1685352720,+3.10,+16.539, +6.093,+0.961
1685352840,+3.10,+16.581, +6.079,+0.961
1685352960,+3.10,+16.564, +6.097,+0.961
1685353080,+3.10,+16.547, +6.136,+0.961
1685353200,+3.10,+16.556, +6.148,+0.961
1685353320,+3.10,+16.530, +6.168,+0.961
1685353440,+3.10,+16.530, +6.187,+0.961
1685353560,+3.10,+16.530, +6.208,+0.961
1685353680,+3.10,+16.530, +6.222,+0.961
1685353800,+3.10,+16.513, +6.235,+0.961
1685353920,+3.10,+16.530, +6.249,+0.961
1685354040,+3.10,+16.522, +6.263,+0.961
1685354160,+3.10,+16.513, +6.273,+0.961
1685354280,+3.10,+16.522, +6.273,+0.961
1685354400,+3.10,+16.539, +6.277,+0.962
1685354520,+3.10,+16.513, +6.265,+0.961
1685354640,+3.10,+16.522, +6.100,+0.961
1685354760,+3.10,+16.496, +6.155,+0.961
1685354880,+3.10,+16.496, +6.187,+0.961
1685355000,+3.10,+16.522, +6.206,+0.961
1685355120,+3.10,+16.496, +6.231,+0.961
1685355240,+3.10,+16.488, +6.241,+0.961
1685355360,+3.10,+16.513, +6.236,+0.961
1685355480,+3.10,+16.496, +6.249,+0.961
1685355600,+3.10,+16.488, +6.254,+0.961
1685355720,+3.10,+16.479, +6.259,+0.961
1685355840,+3.10,+16.479, +6.259,+0.961
1685355960,+3.10,+16.479, +6.256,+0.961
1685356080,+3.10,+16.488, +6.253,+0.961
1685356200,+3.10,+16.488, +6.226,+0.961
1685356320,+3.10,+16.479, +6.209,+0.961
1685356440,+3.10,+16.488, +6.208,+0.961
1685356560,+3.10,+16.479, +6.203,+0.961
1685356680,+3.10,+16.454, +6.215,+0.961
1685356800,+3.10,+16.462, +6.220,+0.961
1685356920,+3.10,+16.471, +6.217,+0.961
1685357040,+3.10,+16.462, +6.222,+0.961
1685357160,+3.10,+16.479, +6.218,+0.961
1685357280,+3.10,+16.479, +6.206,+0.961
1685357400,+3.10,+16.488, +6.197,+0.961
1685357520,+3.10,+16.488, +6.187,+0.961
1685357640,+3.10,+16.479, +6.192,+0.961
1685357760,+3.10,+16.471, +6.194,+0.961
1685357880,+3.10,+16.479, +6.174,+0.961
1685358000,+3.10,+16.479, +6.159,+0.961
1685358120,+3.10,+16.471, +6.176,+0.961
1685358240,+3.10,+16.479, +6.165,+0.961
1685358360,+3.10,+16.471, +6.156,+0.961
1685358480,+3.10,+16.471, +6.171,+0.961
1685358600,+3.10,+16.479, +6.180,+0.961
1685358720,+3.10,+16.471, +6.193,+0.961
1685358840,+3.10,+16.471, +6.201,+0.961
1685358960,+3.10,+16.479, +6.189,+0.961
1685359080,+3.10,+16.488, +6.187,+0.961
1685359200,+3.10,+16.488, +6.181,+0.961
1685359320,+3.10,+16.496, +6.182,+0.961
1685359440,+3.10,+16.488, +6.131,+0.961
1685359560,+3.10,+16.505, +6.147,+0.961
1685359680,+3.10,+16.496, +6.180,+0.961
1685359800,+3.10,+16.505, +6.193,+0.961
1685359920,+3.10,+16.505, +6.205,+0.961
1685360040,+3.10,+16.505, +6.202,+0.961
1685360160,+3.10,+16.496, +6.182,+0.961
1685360280,+3.10,+16.522, +6.185,+0.960
1685360400,+3.10,+16.513, +6.203,+0.961
1685360520,+3.10,+16.505, +6.206,+0.961
1685360640,+3.10,+16.513, +6.197,+0.961
1685360760,+3.10,+16.505, +6.207,+0.961
1685360880,+3.10,+16.522, +6.209,+0.961
1685361000,+3.10,+16.513, +6.209,+0.961
1685361120,+3.10,+16.522, +6.207,+0.961
1685361240,+3.10,+16.522, +6.196,+0.961
1685361360,+3.10,+16.530, +6.182,+0.961
1685361480,+3.10,+16.513, +6.177,+0.961
1685361600,+3.10,+16.539, +6.160,+0.961
1685361720,+3.10,+16.522, +6.151,+0.961
1685361840,+3.10,+16.539, +6.135,+0.961
1685361960,+3.10,+16.539, +6.119,+0.961
1685362080,+3.10,+16.556, +6.102,+0.961
1685362200,+3.10,+16.547, +6.060,+0.961
1685362320,+3.10,+16.564, +6.077,+0.961
1685362440,+3.10,+16.556, +6.072,+0.962
1685362560,+3.10,+16.547, +6.072,+0.961
1685362680,+3.10,+16.539, +6.090,+0.961
1685362800,+3.10,+16.556, +6.091,+0.961
1685362920,+3.10,+16.556, +6.093,+0.961
1685363040,+3.10,+16.564, +6.093,+0.961
1685363160,+3.10,+16.556, +6.102,+0.961
1685363280,+3.10,+16.573, +6.093,+0.961
1685363400,+3.10,+16.547, +6.096,+0.961
1685363520,+3.10,+16.573, +6.079,+0.961
1685363640,+3.10,+16.556, +6.082,+0.961
1685363760,+3.10,+16.573, +6.082,+0.961
1685363880,+3.10,+16.564, +6.086,+0.961
1685364000,+3.10,+16.590, +6.076,+0.961
1685364120,+3.10,+16.581, +6.074,+0.961
1685364240,+3.10,+16.581, +6.013,+0.961
1685364360,+3.10,+16.598, +6.001,+0.961
1685364480,+3.10,+16.590, +6.026,+0.961
1685364600,+3.10,+16.607, +6.030,+0.961
1685364720,+3.10,+16.615, +6.027,+0.961
1685364840,+3.10,+16.607, +6.023,+0.961
1685364960,+3.10,+16.598, +6.029,+0.961
1685365080,+3.10,+16.624, +6.036,+0.961
1685365200,+3.10,+16.615, +6.032,+0.961
1685365320,+3.10,+16.624, +6.040,+0.961
1685365440,+3.10,+16.615, +6.044,+0.961
1685365560,+3.10,+16.624, +6.048,+0.961
1685365680,+3.10,+16.632, +6.071,+0.961
1685365800,+3.10,+16.658, +6.063,+0.961
1685365920,+3.10,+16.641, +6.064,+0.961
1685366040,+3.10,+16.641, +6.059,+0.961
1685366160,+3.10,+16.658, +6.071,+0.961
1685366280,+3.10,+16.666, +6.070,+0.961
1685366400,+3.10,+16.675, +6.077,+0.961
1685366520,+3.10,+16.683, +6.075,+0.961
1685366640,+3.10,+16.700, +6.056,+0.961
1685366760,+3.10,+16.709, +6.040,+0.961
1685366880,+3.10,+16.700, +6.002,+0.961
1685367000,+3.10,+16.709, +5.981,+0.961
1685367120,+3.10,+16.709, +5.990,+0.961
1685367240,+3.10,+16.709, +5.995,+0.961
1685367360,+3.10,+16.726, +6.011,+0.962
1685367480,+3.10,+16.717, +6.024,+0.961
1685367600,+3.10,+16.743, +6.023,+0.961
1685367720,+3.10,+16.743, +6.026,+0.961
1685367840,+3.10,+16.734, +6.032,+0.961
1685367960,+3.10,+16.743, +6.016,+0.961
1685368080,+3.10,+16.777, +6.022,+0.961
1685368200,+3.10,+16.785, +6.022,+0.961
1685368320,+3.11,+16.768, +6.047,+0.961
1685368440,+3.10,+16.785, +6.064,+0.961
1685368560,+3.10,+16.785, +6.076,+0.961
1685368680,+3.11,+16.794, +6.087,+0.961
1685368800,+3.11,+16.819, +6.100,+0.961
1685368920,+3.11,+16.845, +6.110,+0.961
1685369040,+3.11,+16.862, +5.994,+0.961
1685369160,+3.11,+16.870, +6.043,+0.961
1685369280,+3.11,+16.862, +6.074,+0.961
1685369400,+3.11,+16.870, +6.090,+0.961
1685369520,+3.11,+16.878, +6.098,+0.961
1685369640,+3.11,+16.878, +6.112,+0.961
1685369760,+3.11,+16.887, +6.127,+0.961
1685369880,+3.11,+16.904, +6.145,+0.961
1685370000,+3.11,+16.938, +6.144,+0.961
1685370120,+3.11,+16.938, +6.152,+0.961
1685370240,+3.11,+16.955, +6.150,+0.961
1685370360,+3.11,+16.963, +6.157,+0.962
1685370480,+3.11,+16.955, +6.143,+0.961
1685370600,+3.11,+16.980, +6.129,+0.961
1685370720,+3.11,+17.006, +6.102,+0.961
1685370840,+3.11,+17.023, +6.082,+0.961
1685370960,+3.11,+17.006, +6.068,+0.961
1685371080,+3.11,+17.031, +6.054,+0.961
1685371200,+3.11,+17.048, +6.047,+0.961
1685371320,+3.11,+17.048, +6.103,+0.961
1685371440,+3.11,+17.090, +6.105,+0.961
1685371560,+3.11,+17.107, +6.109,+0.961
1685371680,+3.11,+17.124, +6.112,+0.961
1685371800,+3.11,+17.158, +6.110,+0.961
1685371920,+3.11,+17.141, +6.108,+0.961
1685372040,+3.11,+17.150, +6.105,+0.961
1685372160,+3.11,+17.192, +6.086,+0.960
1685372280,+3.11,+17.217, +6.097,+0.961
1685372400,+3.11,+17.226, +6.069,+0.961
1685372520,+3.11,+17.243, +6.057,+0.961
1685372640,+3.11,+17.268, +6.038,+0.961
1685372760,+3.11,+17.251, +6.029,+0.961
1685372880,+3.10,+17.285, +6.008,+0.960
1685373000,+3.10,+17.311, +6.011,+0.961
1685373120,+3.10,+17.319, +5.994,+0.961
1685373240,+3.10,+17.336, +5.989,+0.961
1685373360,+3.10,+17.336, +5.990,+0.961
1685373480,+3.10,+17.336, +5.980,+0.961
1685373600,+3.10,+17.370, +5.968,+0.961
1685373720,+3.10,+17.353, +5.964,+0.961
1685373840,+3.10,+17.404, +5.936,+0.961
1685373960,+3.10,+17.421, +5.915,+0.961
1685374080,+3.10,+17.412, +5.919,+0.961
1685374200,+3.10,+17.421, +5.900,+0.961
1685374320,+3.10,+17.446, +5.884,+0.961
1685374440,+3.10,+17.454, +5.880,+0.961
1685374560,+3.10,+17.463, +5.860,+0.961
1685374680,+3.10,+17.463, +5.839,+0.961
1685374800,+3.10,+17.497, +5.799,+0.961
1685374920,+3.10,+17.505, +5.766,+0.961
1685375040,+3.10,+17.522, +5.745,+0.961
1685375160,+3.10,+17.505, +5.755,+0.961
1685375280,+3.10,+17.547, +5.732,+0.961
1685375400,+3.10,+17.564, +5.742,+0.961
1685375520,+3.10,+17.556, +5.720,+0.961
1685375640,+3.10,+17.556, +5.732,+0.961
1685375760,+3.10,+17.598, +5.739,+0.961
1685375880,+3.10,+17.598, +5.745,+0.961
1685376000,+3.10,+17.623, +5.757,+0.961
1685376120,+3.10,+17.640, +5.754,+0.961
1685376240,+3.10,+17.649, +5.745,+0.961
1685376360,+3.10,+17.657, +5.747,+0.960
1685376480,+3.10,+17.674, +5.738,+0.961
1685376600,+3.10,+17.683, +5.731,+0.960
1685376720,+3.10,+17.666, +5.714,+0.961
1685376840,+3.10,+17.691, +5.688,+0.960
1685376960,+3.10,+17.708, +5.690,+0.961
1685377080,+3.10,+17.725, +5.746,+0.961
1685377200,+3.10,+17.775, +5.728,+0.961
1685377320,+3.10,+17.759, +5.709,+0.961
1685377440,+3.10,+17.767, +5.739,+0.961
1685377560,+3.10,+17.784, +5.680,+0.961
1685377680,+3.10,+17.767, +5.617,+0.961
1685377800,+3.10,+17.809, +5.707,+0.961
1685377920,+3.10,+17.834, +5.791,+0.961
1685378040,+3.10,+17.818, +5.817,+0.961
1685378160,+3.10,+17.851, +5.814,+0.961
1685378280,+3.10,+17.843, +5.820,+0.961
1685378400,+3.10,+17.885, +5.787,+0.960
1685378520,+3.10,+17.894, +5.789,+0.961
1685378640,+3.10,+17.902, +5.792,+0.961
1685378760,+3.11,+17.927, +5.802,+0.961
1685378880,+3.11,+17.944, +5.831,+0.961
1685379000,+3.11,+17.961, +5.886,+0.961
1685379120,+3.11,+17.978, +5.883,+0.961
1685379240,+3.11,+18.003, +5.875,+0.961
1685379360,+3.11,+18.012, +5.865,+0.961
1685379480,+3.11,+17.995, +5.843,+0.961
1685379600,+3.11,+18.012, +5.810,+0.961
1685379720,+3.11,+18.045, +5.787,+0.961
1685379840,+3.11,+18.037, +5.722,+0.961
1685379960,+3.11,+18.028, +5.752,+0.961
1685380080,+3.11,+18.054, +5.731,+0.961
1685380200,+3.11,+18.062, +5.788,+0.961
1685380320,+3.11,+18.062, +5.762,+0.961
1685380440,+3.11,+18.062, +5.752,+0.961
1685380560,+3.11,+18.096, +5.757,+0.961
1685380680,+3.11,+18.096, +5.760,+0.961
1685380800,+3.11,+18.104, +5.753,+0.961
1685380920,+3.10,+18.104, +5.751,+0.961
1685381040,+3.11,+18.146, +5.732,+0.961
1685381160,+3.11,+18.113, +5.775,+0.960
1685381280,+3.11,+18.138, +5.793,+0.961
1685381400,+3.10,+18.172, +5.803,+0.961
1685381520,+3.11,+18.172, +5.818,+0.960
1685381640,+3.11,+18.197, +5.848,+0.961
1685381760,+3.11,+18.189, +5.845,+0.961
1685381880,+3.10,+18.214, +5.834,+0.961
1685382000,+3.10,+18.189, +5.796,+0.961
1685382120,+3.10,+18.214, +5.780,+0.961
1685382240,+3.10,+18.189, +5.785,+0.961
1685382360,+3.10,+18.239, +5.832,+0.961
1685382480,+3.10,+18.273, +5.839,+0.961
1685382600,+3.10,+18.290, +5.838,+0.961
1685382720,+3.10,+18.298, +5.838,+0.961
1685382840,+3.10,+18.306, +5.827,+0.961
1685382960,+3.10,+18.332, +5.828,+0.961
1685383080,+3.10,+18.340, +5.830,+0.960
1685383200,+3.10,+18.365, +5.819,+0.961
1685383320,+3.10,+18.365, +5.790,+0.960
1685383440,+3.10,+18.349, +5.665,+0.961
1685383560,+3.10,+18.408, +5.692,+0.961
1685383680,+3.10,+18.424, +5.709,+0.961
1685383800,+3.10,+18.416, +5.734,+0.961
1685383920,+3.10,+18.450, +5.721,+0.960
1685384040,+3.10,+18.458, +5.729,+0.961
1685384160,+3.10,+18.492, +5.740,+0.961
1685384280,+3.10,+18.492, +5.724,+0.961
1685384400,+3.10,+18.466, +5.740,+0.961
1685384520,+3.10,+18.492, +5.731,+0.961
1685384640,+3.10,+18.483, +5.722,+0.961
1685384760,+3.10,+18.508, +5.732,+0.961
1685384880,+3.10,+18.534, +5.722,+0.960
1685385000,+3.10,+18.542, +5.740,+0.961
1685385120,+3.10,+18.542, +5.745,+0.961
1685385240,+3.10,+18.584, +5.758,+0.961
1685385360,+3.10,+18.584, +5.794,+0.961
1685385480,+3.10,+18.609, +5.811,+0.961
1685385600,+3.10,+18.618, +5.824,+0.961
1685385720,+3.10,+18.635, +5.843,+0.961
1685385840,+3.10,+18.660, +5.833,+0.960
1685385960,+3.10,+18.660, +5.828,+0.961
1685386080,+3.10,+18.677, +5.825,+0.960
1685386200,+3.10,+18.694, +5.788,+0.961
1685386320,+3.10,+18.685, +5.760,+0.961
1685386440,+3.10,+18.719, +5.732,+0.961
1685386560,+3.10,+18.727, +5.724,+0.961
1685386680,+3.10,+18.719, +5.695,+0.961
1685386800,+3.10,+18.744, +5.705,+0.961
1685386920,+3.10,+18.761, +5.690,+0.961
1685387040,+3.10,+18.769, +5.690,+0.961
1685387160,+3.10,+18.752, +5.677,+0.961
1685387280,+3.10,+18.769, +5.657,+0.961
1685387400,+3.10,+18.794, +5.654,+0.961
1685387520,+3.10,+18.794, +5.662,+0.961
1685387640,+3.10,+18.803, +5.650,+0.960
1685387760,+3.10,+18.828, +5.653,+0.961
1685387880,+3.10,+18.845, +5.656,+0.961
1685388000,+3.10,+18.853, +5.659,+0.961
1685388120,+3.10,+18.870, +5.623,+0.961
1685388240,+3.10,+18.870, +5.615,+0.961
1685388360,+3.10,+18.878, +5.604,+0.961
1685388480,+3.10,+18.887, +5.611,+0.961
