7450-401396
OS REV: 1.05 Sensor Cal: 1618512290
Time (sec),  BV (Volts),  T (deg C),  DO (mg/l),  Q ()
1686686400,+3.08,+24.246, +1.979,+0.963
1686686520,+3.08,+24.229, +2.041,+0.963
1686686640,+3.08,+24.229, +2.089,+0.963
1686686760,+3.08,+24.255, +2.150,+0.964
1686686880,+3.08,+24.280, +2.173,+0.964
1686687000,+3.08,+24.271, +2.147,+0.963
1686687120,+3.08,+24.288, +2.125,+0.963
1686687240,+3.08,+24.288, +2.129,+0.964
1686687360,+3.08,+24.271, +2.173,+0.964
1686687480,+3.08,+24.313, +2.205,+0.964
1686687600,+3.08,+24.305, +2.150,+0.964
1686687720,+3.08,+24.322, +2.222,+0.964
1686687840,+3.08,+24.313, +2.207,+0.963
1686687960,+3.08,+24.338, +2.199,+0.964
1686688080,+3.08,+24.330, +2.221,+0.964
1686688200,+3.08,+24.313, +2.272,+0.964
1686688320,+3.08,+24.338, +2.293,+0.964
1686688440,+3.08,+24.330, +2.312,+0.964
1686688560,+3.08,+24.364, +2.315,+0.964
1686688680,+3.08,+24.322, +2.318,+0.964
1686688800,+3.08,+24.347, +2.305,+0.964
1686688920,+3.08,+24.338, +2.376,+0.964
1686689040,+3.08,+24.338, +2.411,+0.964
1686689160,+3.08,+24.322, +2.410,+0.964
1686689280,+3.08,+24.322, +2.303,+0.964
1686689400,+3.08,+24.322, +2.262,+0.964
1686689520,+3.08,+24.322, +2.272,+0.963
1686689640,+3.08,+24.280, +2.241,+0.964
1686689760,+3.08,+24.305, +2.361,+0.964
1686689880,+3.08,+24.313, +2.378,+0.964
1686690000,+3.08,+24.313, +2.338,+0.964
1686690120,+3.08,+24.322, +2.368,+0.964
1686690240,+3.08,+24.330, +2.386,+0.964
1686690360,+3.08,+24.338, +2.434,+0.964
1686690480,+3.08,+24.355, +2.319,+0.964
1686690600,+3.08,+24.330, +2.280,+0.964
1686690720,+3.08,+24.338, +2.074,+0.963
1686690840,+3.08,+24.347, +2.186,+0.964
1686690960,+3.08,+24.305, +2.260,+0.964
1686691080,+3.08,+24.280, +2.215,+0.964
1686691200,+3.08,+24.297, +2.249,+0.964
1686691320,+3.08,+24.263, +2.303,+0.964
1686691440,+3.08,+24.263, +2.304,+0.964
1686691560,+3.08,+24.229, +2.255,+0.963
1686691680,+3.08,+24.255, +2.165,+0.964
1686691800,+3.08,+24.238, +2.161,+0.963
1686691920,+3.08,+24.246, +2.215,+0.963
1686692040,+3.08,+24.246, +2.151,+0.963
1686692160,+3.08,+24.271, +2.488,+0.964
1686692280,+3.08,+24.271, +2.436,+0.964
1686692400,+3.08,+24.280, +2.559,+0.964
1686692520,+3.08,+24.263, +2.527,+0.964
1686692640,+3.08,+24.255, +2.582,+0.964
1686692760,+3.08,+24.246, +2.615,+0.964
1686692880,+3.08,+24.204, +2.545,+0.964
1686693000,+3.08,+24.204, +2.385,+0.964
1686693120,+3.08,+24.187, +2.391,+0.964
1686693240,+3.08,+24.137, +2.237,+0.963
1686693360,+3.08,+24.145, +2.232,+0.964
1686693480,+3.08,+24.087, +2.228,+0.963
1686693600,+3.08,+24.103, +2.485,+0.963
1686693720,+3.08,+24.095, +2.703,+0.964
1686693840,+3.08,+24.112, +2.467,+0.964
1686693960,+3.08,+24.087, +2.572,+0.964
1686694080,+3.08,+24.062, +2.532,+0.964
1686694200,+3.08,+24.036, +2.483,+0.964
1686694320,+3.08,+23.994, +2.475,+0.964
1686694440,+3.08,+23.994, +2.439,+0.964
1686694560,+3.08,+23.978, +2.455,+0.964
1686694680,+3.08,+23.944, +1.903,+0.963
1686694800,+3.08,+23.877, +2.078,+0.963
1686694920,+3.08,+23.894, +2.383,+0.964
1686695040,+3.08,+23.927, +2.452,+0.963
1686695160,+3.08,+23.919, +2.448,+0.964
1686695280,+3.08,+23.902, +2.405,+0.963
1686695400,+3.08,+23.877, +2.378,+0.964
1686695520,+3.08,+23.869, +2.332,+0.963
1686695640,+3.08,+23.852, +2.289,+0.963
1686695760,+3.08,+23.860, +2.421,+0.964
1686695880,+3.08,+23.802, +2.419,+0.963
1686696000,+3.08,+23.793, +2.525,+0.964
1686696120,+3.08,+23.810, +2.549,+0.964
1686696240,+3.08,+23.793, +2.504,+0.964
1686696360,+3.08,+23.760, +2.718,+0.963
1686696480,+3.08,+23.776, +2.789,+0.963
1686696600,+3.08,+23.768, +2.793,+0.963
1686696720,+3.08,+23.718, +2.527,+0.964
1686696840,+3.08,+23.709, +2.538,+0.964
1686696960,+3.08,+23.701, +2.569,+0.964
1686697080,+3.08,+23.701, +2.680,+0.964
1686697200,+3.08,+23.693, +2.666,+0.963
1686697320,+3.08,+23.659, +2.590,+0.963
1686697440,+3.08,+23.676, +2.491,+0.963
1686697560,+3.08,+23.642, +2.709,+0.963
1686697680,+3.08,+23.625, +2.705,+0.963
1686697800,+3.08,+23.625, +2.644,+0.963
1686697920,+3.08,+23.617, +2.644,+0.964
1686698040,+3.08,+23.609, +2.697,+0.963
1686698160,+3.08,+23.592, +2.711,+0.964
1686698280,+3.08,+23.567, +2.641,+0.963
1686698400,+3.08,+23.542, +2.574,+0.964
1686698520,+3.08,+23.542, +2.537,+0.963
1686698640,+3.08,+23.533, +2.519,+0.963
1686698760,+3.08,+23.491, +2.394,+0.963
1686698880,+3.08,+23.483, +2.460,+0.963
1686699000,+3.08,+23.475, +2.607,+0.963
1686699120,+3.08,+23.491, +2.578,+0.963
1686699240,+3.08,+23.433, +2.519,+0.963
1686699360,+3.08,+23.424, +2.525,+0.963
1686699480,+3.08,+23.399, +2.535,+0.963
1686699600,+3.08,+23.408, +2.486,+0.963
1686699720,+3.08,+23.374, +2.485,+0.963
1686699840,+3.08,+23.366, +2.568,+0.963
1686699960,+3.08,+23.332, +2.562,+0.963
1686700080,+3.08,+23.341, +2.550,+0.963
1686700200,+3.08,+23.315, +2.575,+0.963
1686700320,+3.08,+23.307, +2.554,+0.963
1686700440,+3.08,+23.274, +2.552,+0.963
1686700560,+3.08,+23.257, +2.537,+0.963
1686700680,+3.08,+23.248, +2.549,+0.963
1686700800,+3.08,+23.240, +2.514,+0.963
1686700920,+3.08,+23.232, +2.544,+0.963
1686701040,+3.08,+23.198, +2.540,+0.963
1686701160,+3.08,+23.198, +2.545,+0.963
1686701280,+3.08,+23.173, +2.537,+0.963
1686701400,+3.08,+23.165, +2.466,+0.963
1686701520,+3.08,+23.165, +2.381,+0.963
1686701640,+3.08,+23.156, +2.292,+0.963
1686701760,+3.08,+23.131, +2.371,+0.963
1686701880,+3.08,+23.098, +2.405,+0.963
1686702000,+3.08,+23.073, +2.361,+0.963
1686702120,+3.08,+23.089, +2.280,+0.963
1686702240,+3.08,+23.064, +2.101,+0.962
1686702360,+3.08,+23.047, +2.213,+0.963
1686702480,+3.08,+23.022, +2.330,+0.963
1686702600,+3.08,+23.014, +2.243,+0.963
1686702720,+3.08,+23.014, +2.267,+0.963
1686702840,+3.08,+22.989, +2.242,+0.963
1686702960,+3.08,+22.972, +2.227,+0.963
1686703080,+3.08,+22.947, +2.278,+0.962
1686703200,+3.08,+22.897, +2.289,+0.963
1686703320,+3.08,+22.914, +2.348,+0.963
1686703440,+3.08,+22.880, +2.469,+0.963
1686703560,+3.08,+22.855, +2.416,+0.963
1686703680,+3.08,+22.830, +2.468,+0.963
1686703800,+3.08,+22.821, +2.400,+0.963
1686703920,+3.08,+22.813, +2.378,+0.963
1686704040,+3.08,+22.805, +2.396,+0.963
1686704160,+3.08,+22.780, +2.451,+0.963
1686704280,+3.08,+22.746, +2.466,+0.963
1686704400,+3.08,+22.704, +2.482,+0.963
1686704520,+3.08,+22.729, +2.451,+0.963
1686704640,+3.08,+22.696, +2.373,+0.963
1686704760,+3.08,+22.696, +2.325,+0.963
1686704880,+3.08,+22.663, +2.294,+0.962
1686705000,+3.08,+22.637, +2.269,+0.962
1686705120,+3.08,+22.637, +2.238,+0.963
1686705240,+3.08,+22.612, +2.240,+0.962
1686705360,+3.08,+22.612, +2.176,+0.962
1686705480,+3.08,+22.604, +2.073,+0.962
1686705600,+3.08,+22.579, +2.155,+0.962
1686705720,+3.08,+22.562, +2.108,+0.962
1686705840,+3.08,+22.554, +2.077,+0.962
1686705960,+3.08,+22.545, +2.099,+0.962
1686706080,+3.08,+22.529, +2.079,+0.962
1686706200,+3.08,+22.529, +2.103,+0.962
1686706320,+3.08,+22.470, +2.206,+0.962
1686706440,+3.08,+22.462, +2.208,+0.962
1686706560,+3.08,+22.437, +2.193,+0.962
1686706680,+3.08,+22.428, +2.278,+0.962
1686706800,+3.08,+22.412, +2.263,+0.962
1686706920,+3.08,+22.395, +2.242,+0.962
1686707040,+3.09,+22.386, +2.244,+0.963
1686707160,+3.08,+22.361, +2.234,+0.962
1686707280,+3.08,+22.361, +2.212,+0.963
1686707400,+3.08,+22.336, +2.202,+0.962
1686707520,+3.08,+22.311, +2.184,+0.962
1686707640,+3.08,+22.294, +2.185,+0.962
1686707760,+3.08,+22.303, +2.189,+0.962
1686707880,+3.09,+22.286, +2.177,+0.962
1686708000,+3.09,+22.269, +2.272,+0.962
1686708120,+3.09,+22.253, +2.219,+0.962
1686708240,+3.09,+22.236, +1.949,+0.962
1686708360,+3.09,+22.236, +2.053,+0.962
1686708480,+3.08,+22.211, +2.132,+0.962
1686708600,+3.08,+22.202, +1.984,+0.962
1686708720,+3.08,+22.202, +1.906,+0.961
1686708840,+3.08,+22.177, +2.062,+0.962
1686708960,+3.08,+22.152, +2.175,+0.962
1686709080,+3.08,+22.119, +2.165,+0.962
1686709200,+3.08,+22.127, +2.207,+0.962
1686709320,+3.08,+22.119, +2.231,+0.962
1686709440,+3.08,+22.085, +2.197,+0.962
1686709560,+3.08,+22.094, +2.174,+0.962
1686709680,+3.08,+22.060, +2.181,+0.962
1686709800,+3.08,+22.052, +2.184,+0.962
1686709920,+3.08,+22.035, +2.205,+0.962
1686710040,+3.08,+22.018, +2.185,+0.962
1686710160,+3.08,+22.002, +2.193,+0.962
1686710280,+3.08,+21.960, +2.224,+0.962
1686710400,+3.08,+21.952, +2.215,+0.962
1686710520,+3.08,+21.952, +2.203,+0.962
1686710640,+3.08,+21.926, +2.245,+0.962
1686710760,+3.08,+21.910, +2.219,+0.962
1686710880,+3.08,+21.901, +2.157,+0.962
1686711000,+3.08,+21.876, +2.191,+0.962
1686711120,+3.08,+21.860, +2.181,+0.962
1686711240,+3.08,+21.843, +2.215,+0.962
1686711360,+3.08,+21.826, +2.214,+0.962
1686711480,+3.08,+21.818, +2.186,+0.962
1686711600,+3.08,+21.801, +2.170,+0.962
1686711720,+3.08,+21.776, +2.221,+0.962
1686711840,+3.08,+21.768, +2.243,+0.962
1686711960,+3.08,+21.751, +2.234,+0.962
1686712080,+3.08,+21.726, +2.230,+0.962
1686712200,+3.08,+21.717, +2.322,+0.962
1686712320,+3.08,+21.701, +2.318,+0.962
1686712440,+3.08,+21.676, +2.285,+0.962
1686712560,+3.08,+21.642, +2.293,+0.962
1686712680,+3.08,+21.617, +2.267,+0.962
1686712800,+3.08,+21.600, +2.320,+0.962
1686712920,+3.08,+21.567, +2.357,+0.962
1686713040,+3.08,+21.575, +2.339,+0.962
1686713160,+3.08,+21.558, +2.265,+0.962
1686713280,+3.08,+21.542, +2.263,+0.962
1686713400,+3.08,+21.525, +2.257,+0.962
1686713520,+3.09,+21.517, +2.262,+0.962
1686713640,+3.09,+21.500, +2.240,+0.962
1686713760,+3.09,+21.475, +2.220,+0.962
1686713880,+3.09,+21.458, +2.269,+0.962
1686714000,+3.09,+21.467, +2.266,+0.962
1686714120,+3.09,+21.458, +2.205,+0.962
1686714240,+3.09,+21.425, +2.170,+0.962
1686714360,+3.09,+21.416, +2.195,+0.961
1686714480,+3.09,+21.375, +2.301,+0.962
1686714600,+3.09,+21.358, +2.297,+0.962
1686714720,+3.09,+21.349, +2.269,+0.962
1686714840,+3.09,+21.341, +2.303,+0.962
1686714960,+3.09,+21.308, +2.276,+0.962
1686715080,+3.09,+21.299, +2.321,+0.962
1686715200,+3.09,+21.274, +2.291,+0.962
1686715320,+3.09,+21.274, +2.267,+0.962
1686715440,+3.09,+21.216, +2.335,+0.962
1686715560,+3.09,+21.232, +2.288,+0.962
1686715680,+3.09,+21.207, +2.267,+0.962
1686715800,+3.09,+21.182, +2.314,+0.962
1686715920,+3.09,+21.157, +2.308,+0.962
1686716040,+3.09,+21.132, +2.353,+0.962
1686716160,+3.09,+21.124, +2.336,+0.962
1686716280,+3.08,+21.115, +2.300,+0.962
1686716400,+3.08,+21.099, +2.309,+0.962
1686716520,+3.08,+21.073, +2.210,+0.962
1686716640,+3.08,+21.057, +2.232,+0.961
1686716760,+3.08,+21.057, +2.220,+0.962
1686716880,+3.08,+21.015, +2.075,+0.961
1686717000,+3.08,+20.998, +2.025,+0.961
1686717120,+3.08,+20.973, +2.118,+0.961
1686717240,+3.08,+20.965, +2.172,+0.961
1686717360,+3.08,+20.956, +2.147,+0.962
1686717480,+3.08,+20.923, +2.325,+0.962
1686717600,+3.08,+20.915, +2.379,+0.962
1686717720,+3.08,+20.881, +2.362,+0.962
1686717840,+3.08,+20.873, +2.377,+0.962
1686717960,+3.08,+20.856, +2.408,+0.962
1686718080,+3.08,+20.856, +2.360,+0.962
1686718200,+3.08,+20.823, +2.339,+0.962
1686718320,+3.08,+20.823, +2.313,+0.962
1686718440,+3.08,+20.814, +2.313,+0.962
1686718560,+3.08,+20.797, +2.347,+0.962
1686718680,+3.08,+20.756, +2.362,+0.962
1686718800,+3.08,+20.747, +2.368,+0.962
1686718920,+3.08,+20.739, +2.324,+0.962
1686719040,+3.08,+20.730, +2.325,+0.962
1686719160,+3.08,+20.714, +2.261,+0.962
1686719280,+3.08,+20.689, +2.333,+0.962
1686719400,+3.08,+20.680, +2.320,+0.962
1686719520,+3.08,+20.655, +2.328,+0.962
1686719640,+3.08,+20.630, +2.317,+0.962
1686719760,+3.08,+20.605, +2.345,+0.962
1686719880,+3.08,+20.622, +2.349,+0.962
1686720000,+3.08,+20.597, +2.323,+0.962
1686720120,+3.09,+20.588, +2.288,+0.962
1686720240,+3.08,+20.580, +2.243,+0.962
1686720360,+3.09,+20.546, +2.214,+0.962
1686720480,+3.09,+20.572, +2.204,+0.962
1686720600,+3.09,+20.530, +2.220,+0.962
1686720720,+3.09,+20.521, +2.247,+0.962
1686720840,+3.09,+20.488, +2.296,+0.962
1686720960,+3.09,+20.505, +2.290,+0.962
1686721080,+3.09,+20.488, +2.248,+0.961
1686721200,+3.09,+20.463, +2.231,+0.961
1686721320,+3.09,+20.446, +2.279,+0.962
1686721440,+3.09,+20.421, +2.271,+0.962
1686721560,+3.09,+20.421, +2.253,+0.962
1686721680,+3.09,+20.413, +2.195,+0.961
1686721800,+3.09,+20.404, +2.098,+0.961
1686721920,+3.09,+20.371, +2.169,+0.961
1686722040,+3.09,+20.346, +2.252,+0.962
1686722160,+3.09,+20.346, +2.275,+0.961
1686722280,+3.09,+20.329, +2.231,+0.962
1686722400,+3.09,+20.320, +2.272,+0.962
1686722520,+3.09,+20.304, +2.240,+0.962
1686722640,+3.09,+20.279, +2.094,+0.962
1686722760,+3.09,+20.295, +2.142,+0.961
1686722880,+3.09,+20.270, +2.232,+0.961
1686723000,+3.09,+20.253, +2.244,+0.962
1686723120,+3.09,+20.270, +2.216,+0.962
1686723240,+3.09,+20.220, +2.209,+0.962
1686723360,+3.09,+20.203, +2.209,+0.962
1686723480,+3.09,+20.203, +2.188,+0.961
1686723600,+3.09,+20.195, +2.229,+0.962
1686723720,+3.09,+20.161, +2.288,+0.961
1686723840,+3.09,+20.153, +2.256,+0.962
1686723960,+3.09,+20.145, +2.232,+0.962
1686724080,+3.09,+20.120, +2.211,+0.961
1686724200,+3.09,+20.120, +2.198,+0.962
1686724320,+3.09,+20.103, +2.047,+0.961
1686724440,+3.09,+20.094, +2.112,+0.961
1686724560,+3.09,+20.069, +2.186,+0.961
1686724680,+3.09,+20.061, +2.177,+0.961
1686724800,+3.09,+20.061, +2.207,+0.962
1686724920,+3.09,+20.053, +2.236,+0.962
1686725040,+3.09,+20.044, +2.239,+0.961
1686725160,+3.09,+20.011, +2.220,+0.962
1686725280,+3.08,+19.994, +2.235,+0.962
1686725400,+3.08,+19.986, +2.247,+0.962
1686725520,+3.08,+19.977, +2.202,+0.962
1686725640,+3.08,+19.977, +2.161,+0.961
1686725760,+3.08,+19.952, +2.112,+0.961
1686725880,+3.08,+19.960, +2.112,+0.962
1686726000,+3.08,+19.935, +2.123,+0.962
1686726120,+3.08,+19.944, +2.140,+0.961
1686726240,+3.08,+19.935, +2.082,+0.961
1686726360,+3.08,+19.919, +2.045,+0.961
1686726480,+3.08,+19.935, +1.944,+0.961
1686726600,+3.08,+19.919, +1.919,+0.961
1686726720,+3.08,+19.902, +1.887,+0.961
1686726840,+3.08,+19.885, +1.918,+0.961
1686726960,+3.08,+19.885, +1.937,+0.961
1686727080,+3.08,+19.877, +1.989,+0.961
1686727200,+3.08,+19.835, +1.930,+0.961
1686727320,+3.08,+19.826, +1.964,+0.961
1686727440,+3.08,+19.810, +2.046,+0.961
1686727560,+3.08,+19.784, +2.127,+0.961
1686727680,+3.08,+19.759, +2.148,+0.961
1686727800,+3.08,+19.768, +2.150,+0.962
1686727920,+3.08,+19.768, +2.142,+0.962
1686728040,+3.08,+19.743, +2.134,+0.961
1686728160,+3.08,+19.726, +2.221,+0.962
1686728280,+3.08,+19.692, +2.093,+0.961
1686728400,+3.08,+19.709, +2.148,+0.961
1686728520,+3.08,+19.667, +2.202,+0.961
1686728640,+3.08,+19.659, +2.237,+0.962
1686728760,+3.08,+19.650, +2.257,+0.962
1686728880,+3.09,+19.625, +2.278,+0.962
1686729000,+3.09,+19.625, +2.250,+0.962
1686729120,+3.08,+19.625, +2.209,+0.962
1686729240,+3.09,+19.625, +2.120,+0.961
1686729360,+3.09,+19.617, +2.131,+0.961
1686729480,+3.09,+19.600, +2.175,+0.962
1686729600,+3.09,+19.592, +2.200,+0.962
1686729720,+3.09,+19.592, +2.232,+0.962
1686729840,+3.09,+19.567, +2.258,+0.962
1686729960,+3.09,+19.533, +2.183,+0.961
1686730080,+3.09,+19.550, +2.168,+0.961
1686730200,+3.09,+19.550, +2.153,+0.962
1686730320,+3.09,+19.541, +2.100,+0.961
1686730440,+3.09,+19.533, +2.056,+0.961
1686730560,+3.09,+19.525, +2.009,+0.961
1686730680,+3.09,+19.499, +1.995,+0.961
1686730800,+3.09,+19.499, +1.999,+0.961
1686730920,+3.09,+19.474, +2.133,+0.961
1686731040,+3.09,+19.474, +2.163,+0.961
1686731160,+3.09,+19.483, +2.137,+0.961
1686731280,+3.09,+19.441, +2.080,+0.961
1686731400,+3.09,+19.441, +2.140,+0.961
1686731520,+3.09,+19.416, +2.119,+0.961
1686731640,+3.09,+19.407, +2.124,+0.961
1686731760,+3.09,+19.407, +2.123,+0.961
1686731880,+3.09,+19.382, +2.210,+0.961
1686732000,+3.09,+19.357, +2.248,+0.962
1686732120,+3.09,+19.357, +2.205,+0.961
1686732240,+3.09,+19.349, +2.145,+0.961
1686732360,+3.09,+19.332, +2.138,+0.961
1686732480,+3.09,+19.323, +2.137,+0.961
1686732600,+3.09,+19.323, +2.151,+0.961
1686732720,+3.09,+19.307, +2.199,+0.961
1686732840,+3.09,+19.332, +2.205,+0.961
1686732960,+3.09,+19.290, +2.209,+0.961
1686733080,+3.09,+19.290, +2.180,+0.961
1686733200,+3.09,+19.273, +2.137,+0.961
1686733320,+3.09,+19.265, +2.113,+0.961
1686733440,+3.09,+19.273, +2.085,+0.961
1686733560,+3.09,+19.273, +2.040,+0.961
1686733680,+3.09,+19.265, +1.997,+0.961
1686733800,+3.09,+19.231, +2.059,+0.961
1686733920,+3.09,+19.206, +2.205,+0.961
1686734040,+3.09,+19.189, +2.247,+0.961
1686734160,+3.09,+19.206, +2.194,+0.962
1686734280,+3.09,+19.189, +2.174,+0.961
1686734400,+3.09,+19.164, +2.189,+0.961
1686734520,+3.09,+19.164, +2.177,+0.961
1686734640,+3.09,+19.156, +2.204,+0.961
1686734760,+3.09,+19.147, +2.167,+0.961
1686734880,+3.09,+19.139, +2.241,+0.961
1686735000,+3.09,+19.139, +2.224,+0.962
1686735120,+3.09,+19.139, +2.196,+0.961
1686735240,+3.09,+19.130, +2.138,+0.961
1686735360,+3.09,+19.122, +2.118,+0.961
1686735480,+3.09,+19.105, +2.115,+0.961
1686735600,+3.09,+19.088, +2.162,+0.961
1686735720,+3.09,+19.055, +2.159,+0.961
1686735840,+3.09,+19.072, +2.157,+0.961
1686735960,+3.09,+19.072, +2.173,+0.961
1686736080,+3.09,+19.046, +2.155,+0.961
1686736200,+3.09,+19.072, +2.139,+0.961
1686736320,+3.09,+19.055, +2.093,+0.961
1686736440,+3.09,+19.038, +2.044,+0.961
1686736560,+3.09,+19.030, +2.111,+0.961
1686736680,+3.09,+19.021, +2.075,+0.961
1686736800,+3.09,+19.004, +2.110,+0.961
1686736920,+3.09,+19.021, +2.106,+0.961
1686737040,+3.09,+19.021, +1.890,+0.961
1686737160,+3.09,+18.996, +1.968,+0.961
1686737280,+3.09,+18.996, +2.068,+0.961
1686737400,+3.09,+18.996, +2.094,+0.961
1686737520,+3.09,+18.996, +2.089,+0.961
1686737640,+3.09,+19.030, +2.107,+0.961
1686737760,+3.09,+18.979, +1.979,+0.961
1686737880,+3.09,+18.971, +1.924,+0.961
1686738000,+3.09,+18.971, +2.030,+0.961
1686738120,+3.09,+18.988, +2.031,+0.961
1686738240,+3.09,+18.988, +1.992,+0.961
1686738360,+3.09,+18.962, +1.938,+0.961
1686738480,+3.09,+18.971, +1.885,+0.961
1686738600,+3.09,+18.954, +1.941,+0.961
1686738720,+3.09,+18.946, +1.935,+0.961
1686738840,+3.09,+18.920, +1.787,+0.960
1686738960,+3.09,+18.920, +1.928,+0.961
1686739080,+3.08,+18.895, +2.115,+0.961
1686739200,+3.08,+18.904, +2.160,+0.961
1686739320,+3.08,+18.904, +2.160,+0.961
1686739440,+3.09,+18.904, +2.103,+0.961
1686739560,+3.08,+18.895, +1.992,+0.961
1686739680,+3.08,+18.920, +1.928,+0.961
1686739800,+3.08,+18.912, +1.835,+0.961
1686739920,+3.08,+18.904, +1.719,+0.960
1686740040,+3.08,+18.895, +1.713,+0.960
1686740160,+3.08,+18.920, +1.816,+0.960
1686740280,+3.08,+18.895, +1.948,+0.961
1686740400,+3.08,+18.904, +1.701,+0.959
1686740520,+3.08,+18.887, +1.381,+0.955
1686740640,+3.08,+18.895, +1.225,+0.951
1686740760,+3.08,+18.895, +1.255,+0.952
1686740880,+3.08,+18.887, +1.271,+0.953
1686741000,+3.08,+18.904, +1.345,+0.958
1686741120,+3.08,+18.887, +0.954,+0.955
1686741240,+3.08,+18.878, +0.782,+0.953
1686741360,+3.08,+18.878, +0.768,+0.953
1686741480,+3.08,+18.887, +0.732,+0.952
1686741600,+3.08,+18.870, +0.688,+0.952
1686741720,+3.08,+18.862, +0.587,+0.950
1686741840,+3.08,+18.853, +1.666,+0.960
1686741960,+3.08,+18.870, +1.808,+0.961
1686742080,+3.08,+18.862, +1.760,+0.960
1686742200,+3.08,+18.878, +1.740,+0.960
1686742320,+3.08,+18.887, +1.704,+0.960
1686742440,+3.08,+18.870, +1.818,+0.960
1686742560,+3.08,+18.870, +1.781,+0.961
1686742680,+3.08,+18.878, +1.809,+0.961
1686742800,+3.08,+18.878, +1.800,+0.961
1686742920,+3.08,+18.878, +1.749,+0.960
1686743040,+3.08,+18.887, +1.736,+0.961
1686743160,+3.08,+18.887, +1.659,+0.960
1686743280,+3.08,+18.895, +1.517,+0.959
1686743400,+3.08,+18.895, +1.372,+0.959
1686743520,+3.08,+18.904, +1.309,+0.958
1686743640,+3.08,+18.904, +1.318,+0.959
1686743760,+3.08,+18.904, +1.440,+0.959
1686743880,+3.08,+18.912, +1.453,+0.959
1686744000,+3.08,+18.904, +1.439,+0.959
1686744120,+3.09,+18.920, +1.447,+0.959
1686744240,+3.09,+18.904, +1.468,+0.959
1686744360,+3.09,+18.920, +1.497,+0.959
1686744480,+3.09,+18.920, +1.454,+0.959
1686744600,+3.09,+18.929, +1.466,+0.959
1686744720,+3.09,+18.946, +1.446,+0.959
1686744840,+3.09,+18.920, +1.451,+0.959
1686744960,+3.09,+18.929, +1.470,+0.959
1686745080,+3.09,+18.937, +1.460,+0.959
1686745200,+3.09,+18.946, +1.383,+0.959
1686745320,+3.09,+18.954, +1.282,+0.958
1686745440,+3.09,+18.971, +1.372,+0.959
1686745560,+3.09,+18.971, +1.444,+0.959
1686745680,+3.09,+18.971, +1.436,+0.959
1686745800,+3.09,+18.962, +1.474,+0.959
1686745920,+3.09,+18.962, +1.518,+0.960
1686746040,+3.09,+18.988, +1.525,+0.960
1686746160,+3.09,+18.988, +1.512,+0.959
1686746280,+3.09,+18.996, +1.489,+0.959
1686746400,+3.09,+19.004, +1.468,+0.959
1686746520,+3.09,+19.013, +1.441,+0.959
1686746640,+3.09,+19.021, +1.379,+0.959
1686746760,+3.09,+19.030, +1.354,+0.959
1686746880,+3.09,+19.021, +1.291,+0.958
1686747000,+3.09,+19.030, +1.208,+0.958
1686747120,+3.09,+19.038, +1.175,+0.957
1686747240,+3.09,+19.055, +1.173,+0.957
1686747360,+3.09,+19.072, +1.114,+0.957
1686747480,+3.09,+19.080, +1.143,+0.957
1686747600,+3.09,+19.097, +1.159,+0.957
1686747720,+3.09,+19.105, +1.166,+0.957
1686747840,+3.09,+19.105, +1.131,+0.957
1686747960,+3.09,+19.097, +1.096,+0.957
1686748080,+3.09,+19.130, +1.093,+0.956
1686748200,+3.09,+19.156, +1.295,+0.958
1686748320,+3.09,+19.130, +1.372,+0.959
1686748440,+3.09,+19.156, +1.433,+0.959
1686748560,+3.09,+19.172, +1.446,+0.959
1686748680,+3.09,+19.181, +1.445,+0.959
1686748800,+3.09,+19.197, +1.391,+0.959
1686748920,+3.09,+19.214, +1.376,+0.959
1686749040,+3.09,+19.214, +1.364,+0.959
1686749160,+3.09,+19.214, +1.352,+0.959
1686749280,+3.09,+19.231, +1.369,+0.959
1686749400,+3.09,+19.248, +1.375,+0.959
1686749520,+3.09,+19.265, +1.427,+0.959
1686749640,+3.09,+19.239, +1.453,+0.959
1686749760,+3.09,+19.273, +1.440,+0.959
1686749880,+3.09,+19.273, +1.430,+0.959
1686750000,+3.09,+19.281, +1.419,+0.959
1686750120,+3.09,+19.298, +1.394,+0.959
1686750240,+3.09,+19.315, +1.324,+0.959
1686750360,+3.09,+19.315, +1.238,+0.958
1686750480,+3.09,+19.315, +1.260,+0.958
1686750600,+3.09,+19.323, +1.289,+0.958
1686750720,+3.09,+19.357, +1.299,+0.958
1686750840,+3.09,+19.357, +1.191,+0.958
1686750960,+3.09,+19.357, +1.217,+0.958
1686751080,+3.09,+19.382, +1.278,+0.958
1686751200,+3.09,+19.416, +1.417,+0.959
1686751320,+3.09,+19.449, +1.443,+0.959
1686751440,+3.09,+19.474, +1.345,+0.959
1686751560,+3.09,+19.474, +1.427,+0.959
1686751680,+3.09,+19.508, +1.524,+0.960
1686751800,+3.09,+19.525, +1.578,+0.960
1686751920,+3.09,+19.541, +1.584,+0.960
1686752040,+3.09,+19.525, +1.590,+0.960
1686752160,+3.09,+19.550, +1.580,+0.960
1686752280,+3.09,+19.567, +1.639,+0.960
1686752400,+3.08,+19.608, +1.516,+0.960
1686752520,+3.09,+19.600, +1.485,+0.960
1686752640,+3.09,+19.617, +1.453,+0.959
1686752760,+3.09,+19.634, +1.391,+0.959
1686752880,+3.08,+19.659, +1.420,+0.959
1686753000,+3.08,+19.659, +1.475,+0.960
1686753120,+3.08,+19.684, +1.507,+0.960
1686753240,+3.08,+19.676, +1.507,+0.960
1686753360,+3.08,+19.692, +1.519,+0.960
1686753480,+3.08,+19.709, +1.562,+0.960
1686753600,+3.08,+19.751, +1.625,+0.960
1686753720,+3.08,+19.776, +1.649,+0.960
1686753840,+3.08,+19.784, +1.654,+0.960
1686753960,+3.08,+19.784, +1.650,+0.960
1686754080,+3.08,+19.776, +1.642,+0.960
1686754200,+3.08,+19.801, +1.655,+0.960
1686754320,+3.08,+19.826, +1.627,+0.960
1686754440,+3.08,+19.860, +1.637,+0.960
1686754560,+3.08,+19.860, +1.669,+0.960
1686754680,+3.08,+19.868, +1.673,+0.960
1686754800,+3.08,+19.868, +1.672,+0.960
1686754920,+3.08,+19.927, +1.624,+0.960
1686755040,+3.08,+19.919, +1.615,+0.960
1686755160,+3.08,+19.902, +1.615,+0.960
1686755280,+3.08,+19.910, +1.591,+0.960
1686755400,+3.08,+19.927, +1.511,+0.960
1686755520,+3.08,+19.927, +1.503,+0.960
1686755640,+3.08,+19.935, +1.481,+0.960
1686755760,+3.08,+19.969, +1.394,+0.959
1686755880,+3.08,+19.977, +1.392,+0.959
1686756000,+3.08,+19.969, +1.338,+0.959
1686756120,+3.08,+20.011, +1.439,+0.959
1686756240,+3.09,+20.036, +1.474,+0.960
1686756360,+3.09,+20.053, +1.516,+0.960
1686756480,+3.09,+20.061, +1.534,+0.960
1686756600,+3.09,+20.078, +1.483,+0.960
1686756720,+3.09,+20.069, +1.395,+0.959
1686756840,+3.09,+20.069, +1.305,+0.958
1686756960,+3.09,+20.103, +1.297,+0.959
1686757080,+3.09,+20.103, +1.317,+0.959
1686757200,+3.09,+20.103, +1.322,+0.959
1686757320,+3.09,+20.103, +1.321,+0.959
1686757440,+3.09,+20.094, +1.300,+0.959
1686757560,+3.09,+20.145, +1.293,+0.959
1686757680,+3.09,+20.178, +1.409,+0.959
1686757800,+3.09,+20.161, +1.470,+0.959
1686757920,+3.09,+20.153, +1.491,+0.959
1686758040,+3.09,+20.161, +1.491,+0.960
1686758160,+3.09,+20.170, +1.452,+0.959
1686758280,+3.09,+20.161, +1.408,+0.959
1686758400,+3.09,+20.170, +1.389,+0.959
1686758520,+3.09,+20.136, +1.347,+0.959
1686758640,+3.09,+20.161, +1.313,+0.959
1686758760,+3.09,+20.145, +1.295,+0.959
1686758880,+3.09,+20.161, +1.294,+0.958
1686759000,+3.09,+20.187, +1.255,+0.958
1686759120,+3.09,+20.220, +1.489,+0.960
1686759240,+3.09,+20.220, +1.613,+0.960
1686759360,+3.09,+20.212, +1.669,+0.960
1686759480,+3.09,+20.228, +1.710,+0.961
1686759600,+3.09,+20.220, +1.729,+0.961
1686759720,+3.09,+20.212, +1.745,+0.961
1686759840,+3.09,+20.245, +1.727,+0.961
1686759960,+3.09,+20.220, +1.701,+0.961
1686760080,+3.09,+20.228, +1.692,+0.961
1686760200,+3.09,+20.220, +1.725,+0.960
1686760320,+3.09,+20.228, +1.768,+0.961
1686760440,+3.09,+20.245, +1.776,+0.961
1686760560,+3.09,+20.287, +1.819,+0.961
1686760680,+3.09,+20.279, +1.840,+0.961
1686760800,+3.09,+20.287, +1.855,+0.961
1686760920,+3.09,+20.270, +1.867,+0.961
1686761040,+3.09,+20.287, +1.864,+0.961
1686761160,+3.09,+20.270, +1.894,+0.961
1686761280,+3.09,+20.279, +1.854,+0.961
1686761400,+3.09,+20.270, +1.828,+0.961
1686761520,+3.09,+20.287, +2.004,+0.961
1686761640,+3.09,+20.337, +2.121,+0.962
1686761760,+3.09,+20.312, +2.105,+0.962
1686761880,+3.09,+20.337, +2.049,+0.961
1686762000,+3.09,+20.329, +2.014,+0.961
1686762120,+3.09,+20.295, +1.964,+0.961
1686762240,+3.09,+20.320, +2.082,+0.961
1686762360,+3.09,+20.337, +2.217,+0.962
1686762480,+3.09,+20.337, +2.307,+0.962
1686762600,+3.09,+20.337, +2.255,+0.962
1686762720,+3.09,+20.312, +2.318,+0.962
1686762840,+3.09,+20.312, +2.366,+0.962
1686762960,+3.09,+20.329, +2.383,+0.962
1686763080,+3.09,+20.312, +2.353,+0.962
1686763200,+3.09,+20.304, +2.259,+0.962
1686763320,+3.09,+20.312, +2.147,+0.961
1686763440,+3.09,+20.287, +2.150,+0.961
1686763560,+3.09,+20.304, +2.160,+0.961
1686763680,+3.09,+20.329, +2.083,+0.961
1686763800,+3.09,+20.304, +2.094,+0.961
1686763920,+3.09,+20.320, +2.030,+0.961
1686764040,+3.09,+20.337, +1.958,+0.961
1686764160,+3.09,+20.320, +2.006,+0.961
1686764280,+3.09,+20.362, +1.934,+0.961
1686764400,+3.09,+20.379, +1.899,+0.961
1686764520,+3.09,+20.387, +1.792,+0.961
1686764640,+3.09,+20.371, +1.850,+0.961
1686764760,+3.09,+20.438, +1.978,+0.961
1686764880,+3.09,+20.404, +2.047,+0.961
1686765000,+3.09,+20.413, +2.009,+0.961
1686765120,+3.09,+20.438, +2.000,+0.961
1686765240,+3.09,+20.438, +1.944,+0.961
1686765360,+3.09,+20.479, +1.888,+0.961
1686765480,+3.09,+20.505, +1.889,+0.961
1686765600,+3.09,+20.530, +1.936,+0.961
1686765720,+3.08,+20.546, +1.906,+0.961
1686765840,+3.09,+20.538, +1.631,+0.960
1686765960,+3.08,+20.563, +1.779,+0.961
1686766080,+3.08,+20.605, +1.942,+0.961
1686766200,+3.08,+20.622, +1.969,+0.961
1686766320,+3.08,+20.622, +2.015,+0.961
1686766440,+3.08,+20.647, +1.996,+0.961
1686766560,+3.08,+20.664, +1.984,+0.961
1686766680,+3.08,+20.664, +1.929,+0.961
1686766800,+3.08,+20.680, +1.905,+0.961
1686766920,+3.08,+20.722, +1.898,+0.961
1686767040,+3.08,+20.730, +1.873,+0.961
1686767160,+3.08,+20.772, +1.757,+0.961
1686767280,+3.08,+20.772, +1.691,+0.961
1686767400,+3.08,+20.789, +1.664,+0.960
1686767520,+3.08,+20.823, +1.640,+0.960
1686767640,+3.08,+20.823, +1.634,+0.960
1686767760,+3.08,+20.839, +1.636,+0.960
1686767880,+3.08,+20.848, +1.608,+0.960
1686768000,+3.08,+20.856, +1.598,+0.960
1686768120,+3.08,+20.889, +1.571,+0.960
1686768240,+3.08,+20.931, +1.584,+0.960
1686768360,+3.08,+20.948, +1.648,+0.960
1686768480,+3.08,+20.956, +1.688,+0.960
1686768600,+3.08,+21.007, +1.667,+0.960
1686768720,+3.08,+21.015, +1.618,+0.960
1686768840,+3.08,+21.023, +1.598,+0.960
1686768960,+3.08,+21.057, +1.599,+0.960
1686769080,+3.08,+21.115, +1.578,+0.960
1686769200,+3.08,+21.132, +1.578,+0.960
1686769320,+3.09,+21.174, +1.506,+0.960
1686769440,+3.09,+21.191, +1.511,+0.960
1686769560,+3.09,+21.216, +1.574,+0.960
1686769680,+3.09,+21.207, +1.518,+0.960
1686769800,+3.09,+21.199, +1.464,+0.960
1686769920,+3.09,+21.241, +1.435,+0.960
1686770040,+3.09,+21.266, +1.338,+0.959
1686770160,+3.09,+21.257, +1.270,+0.959
1686770280,+3.09,+21.249, +1.259,+0.958
1686770400,+3.09,+21.274, +1.245,+0.958
1686770520,+3.09,+21.291, +1.392,+0.959
1686770640,+3.09,+21.308, +1.358,+0.959
1686770760,+3.09,+21.341, +1.389,+0.959
1686770880,+3.09,+21.324, +1.395,+0.959
1686771000,+3.09,+21.366, +1.445,+0.959
1686771120,+3.09,+21.349, +1.494,+0.960
1686771240,+3.09,+21.358, +1.529,+0.960
1686771360,+3.09,+21.349, +1.548,+0.960
1686771480,+3.09,+21.375, +1.575,+0.960
1686771600,+3.09,+21.408, +1.593,+0.960
1686771720,+3.09,+21.391, +1.550,+0.960
1686771840,+3.08,+21.408, +1.563,+0.960
1686771960,+3.08,+21.408, +1.559,+0.960
1686772080,+3.08,+21.425, +1.626,+0.960
1686772200,+3.08,+21.408, +1.643,+0.960
1686772320,+3.08,+21.408, +1.665,+0.960
1686772440,+3.08,+21.408, +1.684,+0.961
1686772560,+3.08,+21.400, +1.711,+0.961
1686772680,+3.08,+21.416, +1.708,+0.961
1686772800,+3.08,+21.458, +1.726,+0.961
