7450-401396
OS REV: 1.05 Sensor Cal: 1618512290
Time (sec),  BV (Volts),  T (deg C),  DO (mg/l),  Q ()
1701308280,+3.00, -0.190,+13.680,+0.929
1701308400,+3.00, -0.190,+13.690,+0.929
1701308520,+3.00, -0.190,+13.664,+0.929
1701308640,+3.00, -0.190,+13.626,+0.929
1701308760,+3.00, -0.190,+13.612,+0.929
1701308880,+3.00, -0.190,+13.616,+0.929
1701309000,+3.00, -0.190,+13.611,+0.929
1701309120,+3.00, -0.190,+13.585,+0.929
1701309240,+3.00, -0.190,+13.589,+0.929
1701309360,+3.00, -0.190,+13.570,+0.928
1701309480,+3.00, -0.190,+13.568,+0.929
1701309600,+3.00, -0.190,+13.572,+0.929
1701309720,+3.00, -0.190,+13.555,+0.929
1701309840,+3.00, -0.190,+13.551,+0.928
1701309960,+3.00, -0.190,+13.547,+0.928
1701310080,+3.00, -0.190,+13.542,+0.928
1701310200,+3.00, -0.190,+13.574,+0.929
1701310320,+3.00, -0.190,+13.549,+0.928
1701310440,+3.00, -0.190,+13.568,+0.929
1701310560,+3.00, -0.190,+13.588,+0.928
1701310680,+3.00, -0.190,+13.601,+0.928
1701310800,+3.00, -0.190,+13.622,+0.929
1701310920,+3.00, -0.190,+13.617,+0.928
1701311040,+3.00, -0.190,+13.627,+0.928
1701311160,+3.00, -0.190,+13.621,+0.928
1701311280,+3.00, -0.190,+13.633,+0.929
1701311400,+3.00, -0.190,+13.627,+0.928
1701311520,+3.00, -0.190,+13.639,+0.929
1701311640,+3.00, -0.190,+13.651,+0.929
1701311760,+3.00, -0.190,+13.666,+0.929
1701311880,+3.00, -0.190,+13.683,+0.929
1701312000,+3.00, -0.190,+13.684,+0.929
1701312120,+3.00, -0.190,+13.720,+0.929
1701312240,+3.00, -0.190,+13.714,+0.929
1701312360,+3.00, -0.190,+13.716,+0.929
1701312480,+3.00, -0.190,+13.726,+0.929
1701312600,+3.00, -0.190,+13.741,+0.929
1701312720,+3.00, -0.190,+13.732,+0.929
1701312840,+3.00, -0.190,+13.749,+0.929
1701312960,+3.00, -0.190,+13.756,+0.930
1701313080,+3.00, -0.190,+13.754,+0.929
1701313200,+2.99, -0.190,+13.765,+0.929
1701313320,+3.00, -0.190,+13.759,+0.929
1701313440,+2.99, -0.190,+13.787,+0.930
1701313560,+3.00, -0.190,+13.789,+0.930
1701313680,+3.00, -0.190,+13.787,+0.930
1701313800,+3.00, -0.190,+13.798,+0.930
1701313920,+2.99, -0.190,+13.790,+0.929
1701314040,+2.99, -0.190,+13.792,+0.930
1701314160,+3.00, -0.190,+13.778,+0.930
1701314280,+3.00, -0.190,+13.769,+0.930
1701314400,+2.99, -0.190,+13.752,+0.929
1701314520,+2.99, -0.190,+13.727,+0.929
1701314640,+3.00, -0.190,+13.708,+0.929
1701314760,+3.00, -0.190,+13.699,+0.929
1701314880,+3.00, -0.190,+13.680,+0.929
1701315000,+3.00, -0.190,+13.675,+0.929
1701315120,+3.00, -0.190,+13.666,+0.929
1701315240,+3.00, -0.190,+13.657,+0.929
1701315360,+3.00, -0.190,+13.651,+0.929
1701315480,+3.00, -0.190,+13.638,+0.928
1701315600,+3.00, -0.190,+13.638,+0.928
1701315720,+3.00, -0.190,+13.614,+0.928
1701315840,+3.00, -0.190,+13.606,+0.928
1701315960,+3.00, -0.190,+13.592,+0.929
1701316080,+3.00, -0.190,+13.571,+0.928
1701316200,+3.00, -0.190,+13.564,+0.928
1701316320,+3.00, -0.190,+13.551,+0.928
1701316440,+3.00, -0.190,+13.547,+0.928
1701316560,+3.00, -0.190,+13.542,+0.929
1701316680,+3.00, -0.190,+13.540,+0.928
1701316800,+3.00, -0.190,+13.529,+0.929
1701316920,+3.00, -0.190,+13.515,+0.928
1701317040,+3.00, -0.190,+13.506,+0.928
1701317160,+3.00, -0.190,+13.508,+0.928
1701317280,+3.00, -0.190,+13.498,+0.928
1701317400,+3.00, -0.190,+13.510,+0.928
1701317520,+3.00, -0.190,+13.481,+0.928
1701317640,+3.00, -0.190,+13.487,+0.928
1701317760,+3.00, -0.190,+13.489,+0.928
1701317880,+3.00, -0.190,+13.470,+0.928
1701318000,+3.00, -0.190,+13.470,+0.928
1701318120,+3.00, -0.190,+13.461,+0.928
1701318240,+3.00, -0.190,+13.465,+0.928
1701318360,+3.00, -0.190,+13.472,+0.928
1701318480,+3.00, -0.190,+13.451,+0.928
1701318600,+3.00, -0.190,+13.451,+0.928
1701318720,+3.00, -0.190,+13.455,+0.928
1701318840,+3.00, -0.190,+13.446,+0.928
1701318960,+3.00, -0.190,+13.455,+0.928
1701319080,+3.00, -0.190,+13.442,+0.928
1701319200,+3.00, -0.190,+13.432,+0.927
1701319320,+3.00, -0.190,+13.470,+0.928
1701319440,+3.00, -0.190,+13.443,+0.927
1701319560,+3.00, -0.190,+13.432,+0.927
1701319680,+3.00, -0.190,+13.426,+0.927
1701319800,+3.00, -0.190,+13.431,+0.928
1701319920,+3.00, -0.190,+13.417,+0.928
1701320040,+3.00, -0.190,+13.431,+0.928
1701320160,+3.00, -0.190,+13.394,+0.927
1701320280,+3.00, -0.190,+13.402,+0.927
1701320400,+3.00, -0.190,+13.398,+0.927
1701320520,+3.00, -0.190,+13.418,+0.928
1701320640,+3.00, -0.190,+13.399,+0.927
1701320760,+3.00, -0.190,+13.404,+0.927
1701320880,+3.00, -0.190,+13.423,+0.927
1701321000,+3.00, -0.190,+13.415,+0.928
1701321120,+3.00, -0.190,+13.382,+0.927
1701321240,+3.00, -0.190,+13.392,+0.927
1701321360,+3.00, -0.190,+13.390,+0.927
1701321480,+3.00, -0.190,+13.394,+0.927
1701321600,+3.00, -0.190,+13.404,+0.928
1701321720,+3.00, -0.190,+13.394,+0.927
1701321840,+3.00, -0.190,+13.393,+0.928
1701321960,+3.00, -0.190,+13.388,+0.927
1701322080,+3.00, -0.190,+13.373,+0.927
1701322200,+3.00, -0.190,+13.365,+0.927
1701322320,+3.00, -0.190,+13.377,+0.928
1701322440,+3.00, -0.190,+13.366,+0.927
1701322560,+3.00, -0.190,+13.375,+0.927
1701322680,+3.00, -0.190,+13.389,+0.927
1701322800,+3.00, -0.190,+13.373,+0.927
1701322920,+3.00, -0.190,+13.373,+0.927
1701323040,+3.00, -0.190,+13.362,+0.927
1701323160,+3.00, -0.190,+13.354,+0.927
1701323280,+3.00, -0.190,+13.370,+0.928
1701323400,+3.00, -0.190,+13.364,+0.927
1701323520,+3.00, -0.190,+13.342,+0.927
1701323640,+3.00, -0.190,+13.335,+0.927
1701323760,+3.00, -0.190,+13.362,+0.927
1701323880,+3.00, -0.190,+13.366,+0.927
1701324000,+3.00, -0.190,+13.352,+0.927
1701324120,+3.00, -0.190,+13.352,+0.927
1701324240,+3.00, -0.190,+13.346,+0.927
1701324360,+3.00, -0.190,+13.354,+0.927
1701324480,+3.00, -0.190,+13.352,+0.927
1701324600,+3.00, -0.190,+13.342,+0.927
1701324720,+3.00, -0.190,+13.351,+0.928
1701324840,+3.00, -0.190,+13.347,+0.927
1701324960,+3.00, -0.190,+13.338,+0.927
1701325080,+3.00, -0.190,+13.348,+0.927
1701325200,+3.00, -0.190,+13.358,+0.927
1701325320,+3.00, -0.190,+13.352,+0.927
1701325440,+3.00, -0.190,+13.341,+0.927
1701325560,+3.00, -0.190,+13.343,+0.927
1701325680,+3.00, -0.190,+13.350,+0.927
1701325800,+3.00, -0.190,+13.334,+0.926
1701325920,+3.00, -0.190,+13.346,+0.927
1701326040,+3.00, -0.190,+13.356,+0.927
1701326160,+3.00, -0.190,+13.325,+0.927
1701326280,+3.00, -0.190,+13.325,+0.927
1701326400,+3.00, -0.190,+13.322,+0.927
1701326520,+3.00, -0.190,+13.326,+0.927
1701326640,+3.00, -0.190,+13.333,+0.927
1701326760,+3.00, -0.190,+13.319,+0.927
1701326880,+3.00, -0.190,+13.308,+0.927
1701327000,+3.00, -0.190,+13.304,+0.927
1701327120,+3.00, -0.190,+13.300,+0.927
1701327240,+3.00, -0.190,+13.298,+0.927
1701327360,+3.00, -0.190,+13.296,+0.927
1701327480,+3.00, -0.190,+13.306,+0.927
1701327600,+3.00, -0.190,+13.292,+0.926
1701327720,+3.00, -0.190,+13.288,+0.926
1701327840,+3.00, -0.190,+13.294,+0.927
1701327960,+3.00, -0.190,+13.279,+0.927
1701328080,+3.00, -0.190,+13.288,+0.926
1701328200,+3.00, -0.190,+13.284,+0.926
1701328320,+3.00, -0.190,+13.291,+0.927
1701328440,+3.00, -0.190,+13.286,+0.927
1701328560,+3.00, -0.190,+13.284,+0.926
1701328680,+3.00, -0.190,+13.296,+0.927
1701328800,+3.00, -0.190,+13.276,+0.926
1701328920,+3.00, -0.190,+13.287,+0.927
1701329040,+3.00, -0.190,+13.269,+0.926
1701329160,+3.00, -0.190,+13.275,+0.927
1701329280,+3.00, -0.190,+13.257,+0.926
1701329400,+3.00, -0.190,+13.273,+0.926
1701329520,+3.00, -0.190,+13.275,+0.926
1701329640,+3.00, -0.190,+13.263,+0.926
1701329760,+3.00, -0.190,+13.261,+0.926
1701329880,+3.00, -0.190,+13.253,+0.926
1701330000,+3.00, -0.190,+13.246,+0.926
1701330120,+3.00, -0.190,+13.249,+0.926
1701330240,+3.00, -0.190,+13.234,+0.926
1701330360,+3.00, -0.190,+13.232,+0.926
1701330480,+3.00, -0.190,+13.239,+0.926
1701330600,+3.00, -0.190,+13.238,+0.926
1701330720,+3.00, -0.190,+13.236,+0.927
1701330840,+3.00, -0.190,+13.242,+0.926
1701330960,+3.00, -0.190,+13.232,+0.926
1701331080,+3.00, -0.190,+13.226,+0.926
1701331200,+3.00, -0.190,+13.224,+0.926
1701331320,+3.00, -0.190,+13.228,+0.926
1701331440,+3.00, -0.190,+13.220,+0.926
1701331560,+3.00, -0.190,+13.218,+0.926
1701331680,+3.00, -0.190,+13.226,+0.926
1701331800,+3.00, -0.190,+13.232,+0.927
1701331920,+3.00, -0.190,+13.222,+0.926
1701332040,+3.00, -0.190,+13.214,+0.926
1701332160,+3.00, -0.190,+13.228,+0.927
1701332280,+3.00, -0.190,+13.205,+0.926
1701332400,+3.00, -0.190,+13.212,+0.926
1701332520,+3.00, -0.190,+13.216,+0.926
1701332640,+3.00, -0.190,+13.218,+0.926
1701332760,+3.00, -0.190,+13.214,+0.926
1701332880,+3.00, -0.190,+13.210,+0.926
1701333000,+3.00, -0.190,+13.207,+0.926
1701333120,+3.00, -0.190,+13.219,+0.926
1701333240,+3.00, -0.190,+13.199,+0.926
1701333360,+3.00, -0.190,+13.201,+0.926
1701333480,+3.00, -0.190,+13.195,+0.926
1701333600,+3.00, -0.190,+13.195,+0.926
1701333720,+3.00, -0.190,+13.183,+0.926
1701333840,+3.00, -0.190,+13.203,+0.926
1701333960,+3.00, -0.190,+13.183,+0.926
1701334080,+3.00, -0.190,+13.183,+0.926
1701334200,+3.00, -0.190,+13.177,+0.926
1701334320,+3.00, -0.190,+13.183,+0.926
1701334440,+3.00, -0.190,+13.185,+0.926
1701334560,+3.00, -0.190,+13.191,+0.926
1701334680,+3.00, -0.190,+13.191,+0.926
1701334800,+3.00, -0.190,+13.191,+0.926
1701334920,+3.00, -0.190,+13.181,+0.926
1701335040,+3.00, -0.190,+13.195,+0.926
1701335160,+3.00, -0.190,+13.203,+0.926
1701335280,+3.00, -0.190,+13.197,+0.926
1701335400,+3.00, -0.190,+13.179,+0.926
1701335520,+3.00, -0.190,+13.193,+0.926
1701335640,+3.00, -0.190,+13.201,+0.926
1701335760,+3.00, -0.190,+13.197,+0.926
1701335880,+3.00, -0.190,+13.203,+0.926
1701336000,+3.00, -0.190,+13.213,+0.927
1701336120,+3.00, -0.190,+13.197,+0.926
1701336240,+3.00, -0.190,+13.193,+0.926
1701336360,+3.00, -0.190,+13.203,+0.926
1701336480,+3.00, -0.190,+13.197,+0.926
1701336600,+3.00, -0.190,+13.203,+0.926
1701336720,+3.00, -0.190,+13.187,+0.926
1701336840,+3.00, -0.190,+13.193,+0.926
1701336960,+3.00, -0.190,+13.193,+0.926
1701337080,+3.00, -0.190,+13.185,+0.926
1701337200,+3.00, -0.190,+13.201,+0.926
1701337320,+3.00, -0.190,+13.195,+0.926
1701337440,+3.00, -0.190,+13.185,+0.926
1701337560,+3.00, -0.190,+13.183,+0.926
1701337680,+3.00, -0.190,+13.193,+0.926
1701337800,+3.00, -0.190,+13.187,+0.926
1701337920,+3.00, -0.190,+13.185,+0.926
1701338040,+3.00, -0.190,+13.185,+0.926
1701338160,+3.00, -0.190,+13.195,+0.926
1701338280,+3.00, -0.190,+13.211,+0.927
1701338400,+3.00, -0.190,+13.193,+0.926
1701338520,+3.00, -0.190,+13.195,+0.926
1701338640,+3.00, -0.190,+13.209,+0.927
1701338760,+3.00, -0.190,+13.205,+0.926
1701338880,+3.00, -0.190,+13.209,+0.926
1701339000,+3.00, -0.190,+13.207,+0.926
1701339120,+3.00, -0.190,+13.207,+0.926
1701339240,+3.00, -0.190,+13.209,+0.926
1701339360,+3.00, -0.190,+13.211,+0.926
1701339480,+3.00, -0.190,+13.211,+0.926
1701339600,+3.00, -0.190,+13.209,+0.926
1701339720,+3.00, -0.190,+13.205,+0.927
1701339840,+3.00, -0.190,+13.220,+0.926
1701339960,+3.00, -0.190,+13.204,+0.926
1701340080,+3.00, -0.190,+13.204,+0.926
1701340200,+3.00, -0.190,+13.222,+0.926
1701340320,+3.00, -0.190,+13.196,+0.926
1701340440,+3.00, -0.190,+13.191,+0.926
1701340560,+3.00, -0.190,+13.186,+0.925
1701340680,+3.00, -0.190,+13.179,+0.926
1701340800,+3.00, -0.190,+13.193,+0.926
1701340920,+3.00, -0.190,+13.183,+0.926
1701341040,+3.00, -0.190,+13.193,+0.926
1701341160,+3.00, -0.190,+13.197,+0.926
1701341280,+3.00, -0.190,+13.179,+0.926
1701341400,+3.00, -0.190,+13.175,+0.926
1701341520,+3.00, -0.190,+13.173,+0.926
1701341640,+3.00, -0.190,+13.178,+0.926
1701341760,+3.00, -0.190,+13.181,+0.926
1701341880,+3.00, -0.190,+13.167,+0.926
1701342000,+3.00, -0.190,+13.165,+0.926
1701342120,+3.00, -0.190,+13.163,+0.926
1701342240,+3.00, -0.190,+13.157,+0.926
1701342360,+3.00, -0.190,+13.153,+0.925
1701342480,+3.00, -0.190,+13.155,+0.926
1701342600,+3.00, -0.190,+13.158,+0.926
1701342720,+3.00, -0.190,+13.151,+0.926
1701342840,+3.00, -0.190,+13.143,+0.925
1701342960,+3.00, -0.190,+13.144,+0.926
1701343080,+3.00, -0.190,+13.140,+0.926
1701343200,+3.00, -0.190,+13.142,+0.926
1701343320,+3.00, -0.190,+13.132,+0.925
1701343440,+3.00, -0.190,+13.122,+0.925
1701343560,+3.00, -0.190,+13.107,+0.925
1701343680,+3.00, -0.190,+13.114,+0.925
1701343800,+3.00, -0.190,+13.114,+0.925
1701343920,+3.00, -0.190,+13.122,+0.926
1701344040,+3.00, -0.190,+13.120,+0.926
1701344160,+3.00, -0.190,+13.116,+0.925
1701344280,+3.00, -0.190,+13.122,+0.926
1701344400,+3.00, -0.190,+13.114,+0.925
1701344520,+3.00, -0.190,+13.114,+0.925
1701344640,+3.00, -0.190,+13.128,+0.926
1701344760,+3.00, -0.190,+13.114,+0.925
1701344880,+3.00, -0.190,+13.120,+0.925
1701345000,+3.00, -0.190,+13.130,+0.926
1701345120,+3.00, -0.190,+13.124,+0.925
1701345240,+3.00, -0.190,+13.144,+0.926
1701345360,+3.00, -0.190,+13.142,+0.926
1701345480,+3.00, -0.190,+13.132,+0.925
1701345600,+3.00, -0.190,+13.142,+0.926
1701345720,+3.00, -0.190,+13.140,+0.925
1701345840,+3.00, -0.190,+13.144,+0.926
1701345960,+3.00, -0.190,+13.139,+0.925
1701346080,+3.00, -0.190,+13.163,+0.926
1701346200,+3.00, -0.190,+13.153,+0.926
1701346320,+3.00, -0.190,+13.165,+0.926
1701346440,+3.00, -0.190,+13.169,+0.926
1701346560,+3.00, -0.190,+13.171,+0.926
1701346680,+3.00, -0.190,+13.185,+0.926
1701346800,+3.00, -0.190,+13.189,+0.926
1701346920,+3.00, -0.190,+13.211,+0.927
1701347040,+3.00, -0.190,+13.208,+0.926
1701347160,+3.00, -0.190,+13.234,+0.927
1701347280,+3.00, -0.190,+13.230,+0.926
1701347400,+3.00, -0.190,+13.258,+0.927
1701347520,+3.00, -0.190,+13.281,+0.927
1701347640,+3.00, -0.190,+13.280,+0.926
1701347760,+3.00, -0.190,+13.300,+0.927
1701347880,+3.00, -0.190,+13.313,+0.927
1701348000,+3.00, -0.190,+13.336,+0.927
1701348120,+3.00, -0.190,+13.350,+0.927
1701348240,+3.00, -0.190,+13.363,+0.927
1701348360,+3.00, -0.190,+13.369,+0.927
1701348480,+3.00, -0.190,+13.386,+0.927
1701348600,+3.00, -0.190,+13.398,+0.927
1701348720,+3.00, -0.190,+13.407,+0.927
1701348840,+3.00, -0.190,+13.420,+0.927
1701348960,+3.00, -0.190,+13.447,+0.927
1701349080,+3.00, -0.190,+13.444,+0.927
1701349200,+3.00, -0.190,+13.458,+0.927
1701349320,+3.00, -0.190,+13.483,+0.928
1701349440,+3.00, -0.190,+13.491,+0.928
1701349560,+3.00, -0.190,+13.509,+0.928
1701349680,+3.00, -0.190,+13.523,+0.928
1701349800,+3.00, -0.190,+13.543,+0.928
1701349920,+3.00, -0.190,+13.564,+0.928
1701350040,+3.00, -0.190,+13.603,+0.929
1701350160,+3.00, -0.190,+13.622,+0.929
1701350280,+3.00, -0.190,+13.640,+0.929
1701350400,+2.99, -0.190,+13.672,+0.929
1701350520,+2.99, -0.190,+13.706,+0.929
1701350640,+2.99, -0.190,+13.742,+0.929
1701350760,+2.99, -0.190,+13.737,+0.929
1701350880,+2.99, -0.190,+13.765,+0.930
1701351000,+2.99, -0.190,+13.777,+0.930
1701351120,+2.99, -0.190,+13.784,+0.930
1701351240,+2.99, -0.190,+13.829,+0.930
1701351360,+2.99, -0.190,+13.914,+0.930
1701351480,+2.99, -0.190,+13.910,+0.930
1701351600,+2.99, -0.190,+13.923,+0.931
1701351720,+2.99, -0.190,+13.937,+0.931
1701351840,+2.99, -0.190,+14.009,+0.931
1701351960,+2.99, -0.190,+14.139,+0.932
1701352080,+2.99, -0.179,+14.269,+0.933
1701352200,+2.99, +0.132,+14.129,+0.933
1701352320,+2.99, +0.341,+13.992,+0.932
1701352440,+2.99, +0.440,+14.008,+0.933
1701352560,+2.99, +0.637,+13.949,+0.933
1701352680,+2.98, +0.921,+13.854,+0.934
1701352800,+2.98, +1.149,+13.759,+0.934
1701352920,+2.99, +1.321,+13.695,+0.934
1701353040,+2.99, +1.364,+13.657,+0.934
1701353160,+2.99, +1.364,+13.681,+0.934
1701353280,+2.99, +1.408,+13.680,+0.934
1701353400,+2.99, +1.472,+13.650,+0.934
1701353520,+2.99, +1.686,+13.656,+0.935
1701353640,+2.98, +2.229,+13.467,+0.935
1701353760,+2.98, +2.545,+13.376,+0.935
1701353880,+2.99, +2.692,+13.286,+0.936
1701354000,+2.99, +2.807,+13.187,+0.935
1701354120,+2.99, +2.702,+13.222,+0.935
1701354240,+2.98, +2.566,+13.291,+0.935
1701354360,+2.98, +2.419,+13.335,+0.935
1701354480,+2.98, +2.324,+13.394,+0.935
1701354600,+2.98, +2.376,+13.396,+0.935
1701354720,+2.98, +2.555,+13.411,+0.936
1701354840,+2.99, +2.973,+13.240,+0.936
1701354960,+2.99, +3.015,+13.176,+0.935
1701355080,+2.99, +2.953,+13.190,+0.935
1701355200,+2.99, +2.911,+13.198,+0.935
1701355320,+2.99, +2.942,+13.232,+0.935
1701355440,+2.99, +3.057,+13.218,+0.936
1701355560,+2.98, +3.295,+13.169,+0.936
1701355680,+2.98, +3.491,+13.067,+0.936
1701355800,+2.98, +3.809,+13.074,+0.937
1701355920,+2.98, +4.197,+12.987,+0.937
1701356040,+2.98, +4.641,+12.709,+0.936
1701356160,+2.98, +4.551,+12.691,+0.936
1701356280,+2.98, +4.369,+12.731,+0.936
1701356400,+2.98, +4.379,+12.871,+0.937
1701356520,+2.98, +4.872,+12.690,+0.937
1701356640,+2.98, +4.942,+12.623,+0.936
1701356760,+2.98, +5.410,+12.676,+0.938
1701356880,+2.98, +6.402,+12.409,+0.939
1701357000,+2.98, +6.944,+12.146,+0.938
1701357120,+2.98, +7.079,+12.001,+0.938
1701357240,+2.98, +6.905,+12.014,+0.937
1701357360,+2.98, +6.809,+12.059,+0.937
1701357480,+2.98, +6.790,+12.075,+0.937
1701357600,+2.98, +6.819,+12.086,+0.937
1701357720,+2.98, +7.011,+12.032,+0.938
1701357840,+2.98, +6.838,+12.016,+0.937
1701357960,+2.98, +6.615,+12.108,+0.937
1701358080,+2.98, +6.790,+12.160,+0.938
1701358200,+2.98, +7.213,+12.157,+0.939
1701358320,+2.98, +8.323,+12.059,+0.941
1701358440,+2.97,+10.001,+11.661,+0.942
1701358560,+2.97,+10.792,+11.222,+0.940
1701358680,+2.97,+10.747,+11.001,+0.938
1701358800,+2.98,+10.129,+11.123,+0.937
1701358920,+2.97, +9.808,+11.312,+0.938
1701359040,+2.97, +9.662,+11.321,+0.939
1701359160,+2.97, +9.698,+11.307,+0.938
1701359280,+2.98, +9.431,+11.353,+0.938
1701359400,+2.98, +9.209,+11.385,+0.938
1701359520,+2.98, +8.875,+11.490,+0.938
1701359640,+2.97, +8.707,+11.527,+0.938
1701359760,+2.97, +8.614,+11.578,+0.938
1701359880,+2.97, +8.707,+11.606,+0.938
1701360000,+2.98, +9.209,+11.569,+0.939
1701360120,+2.98, +9.385,+11.368,+0.938
1701360240,+2.97, +9.662,+11.702,+0.941
1701360360,+2.97,+11.054,+11.302,+0.942
1701360480,+2.98,+11.341,+10.921,+0.939
1701360600,+2.97,+11.520,+11.135,+0.941
1701360720,+2.97,+11.726,+10.897,+0.940
1701360840,+2.98,+11.440,+10.919,+0.938
1701360960,+2.97,+10.936,+10.972,+0.938
1701361080,+2.97,+10.538,+11.077,+0.938
1701361200,+2.98,+10.138,+11.181,+0.938
1701361320,+2.97, +9.918,+11.212,+0.938
1701361440,+2.97, +9.662,+11.255,+0.937
1701361560,+2.98, +9.440,+11.334,+0.938
1701361680,+2.98, +9.283,+11.383,+0.937
1701361800,+2.98, +9.163,+11.408,+0.937
1701361920,+2.98, +9.024,+11.409,+0.937
1701362040,+2.98, +8.977,+11.525,+0.938
1701362160,+2.98, +9.311,+11.473,+0.939
1701362280,+2.98, +9.348,+11.341,+0.938
1701362400,+2.98, +9.182,+11.379,+0.937
1701362520,+2.98, +9.070,+11.430,+0.938
1701362640,+2.98, +8.996,+11.436,+0.937
1701362760,+2.98, +8.987,+11.505,+0.938
1701362880,+2.98, +9.117,+11.448,+0.938
1701363000,+2.98, +9.089,+11.431,+0.938
1701363120,+2.98, +8.968,+11.448,+0.938
1701363240,+2.98, +9.070,+11.450,+0.938
1701363360,+2.98, +9.015,+11.428,+0.937
1701363480,+2.98, +9.042,+11.537,+0.938
1701363600,+2.98, +9.367,+11.425,+0.938
1701363720,+2.98, +9.431,+11.371,+0.938
1701363840,+2.98, +9.367,+11.358,+0.938
1701363960,+2.98, +9.302,+11.349,+0.937
1701364080,+2.98, +9.219,+11.377,+0.938
1701364200,+2.98, +9.144,+11.433,+0.938
1701364320,+2.98, +9.256,+11.411,+0.938
1701364440,+2.97, +9.680,+11.386,+0.938
1701364560,+2.98,+10.120,+11.256,+0.939
1701364680,+2.98,+10.302,+11.208,+0.938
1701364800,+2.98,+10.211,+11.130,+0.938
1701364920,+2.97, +9.964,+11.191,+0.938
1701365040,+2.97, +9.799,+11.219,+0.937
1701365160,+2.97, +9.643,+11.262,+0.937
1701365280,+2.97, +9.560,+11.320,+0.938
1701365400,+2.97, +9.763,+11.358,+0.939
1701365520,+2.97,+10.056,+11.353,+0.939
1701365640,+2.97,+10.584,+11.246,+0.940
1701365760,+2.97,+11.126,+11.249,+0.940
1701365880,+2.97,+12.428,+11.202,+0.944
1701366000,+2.97,+13.648,+10.827,+0.943
1701366120,+2.96,+14.517,+10.702,+0.944
1701366240,+2.97,+15.283,+10.379,+0.943
1701366360,+2.97,+15.292,+10.280,+0.942
1701366480,+2.97,+15.232,+10.257,+0.942
1701366600,+2.97,+14.982,+10.210,+0.941
1701366720,+2.97,+14.378,+10.259,+0.939
1701366840,+2.97,+13.666,+10.354,+0.939
1701366960,+2.97,+13.369,+10.606,+0.940
1701367080,+2.97,+13.404,+10.473,+0.939
1701367200,+2.97,+13.290,+10.570,+0.940
1701367320,+2.97,+13.544,+10.509,+0.940
1701367440,+2.97,+13.089,+10.442,+0.938
1701367560,+2.97,+12.534,+10.594,+0.939
1701367680,+2.97,+12.640,+10.740,+0.940
1701367800,+2.97,+12.851,+10.662,+0.940
1701367920,+2.97,+12.534,+10.610,+0.939
1701368040,+2.97,+12.135,+10.727,+0.939
1701368160,+2.97,+12.127,+10.738,+0.939
1701368280,+2.97,+12.011,+10.756,+0.939
1701368400,+2.97,+11.833,+10.774,+0.939
1701368520,+2.97,+11.637,+10.860,+0.939
1701368640,+2.97,+11.672,+10.825,+0.938
1701368760,+2.97,+11.529,+10.835,+0.938
1701368880,+2.97,+11.592,+10.932,+0.940
1701369000,+2.97,+11.931,+10.861,+0.939
1701369120,+2.97,+11.931,+10.769,+0.939
1701369240,+2.97,+11.681,+10.798,+0.939
1701369360,+2.97,+11.458,+10.825,+0.938
1701369480,+2.97,+11.252,+10.915,+0.939
1701369600,+2.97,+11.216,+10.927,+0.939
1701369720,+2.97,+11.090,+10.913,+0.938
1701369840,+2.97,+10.955,+10.959,+0.938
1701369960,+2.97,+10.882,+10.982,+0.939
1701370080,+2.97,+10.810,+11.000,+0.938
1701370200,+2.97,+10.765,+11.003,+0.938
1701370320,+2.97,+10.683,+11.004,+0.938
1701370440,+2.97,+10.593,+11.045,+0.938
1701370560,+2.97,+10.511,+11.065,+0.938
1701370680,+2.98,+10.429,+11.073,+0.939
1701370800,+2.98,+10.375,+11.069,+0.938
1701370920,+2.98,+10.402,+11.067,+0.938
1701371040,+2.98,+10.348,+11.055,+0.938
1701371160,+2.98,+10.238,+11.136,+0.939
1701371280,+2.98,+10.211,+11.112,+0.938
1701371400,+2.98,+10.174,+11.132,+0.938
1701371520,+2.98,+10.165,+11.156,+0.938
1701371640,+2.98,+10.211,+11.124,+0.939
1701371760,+2.98,+10.202,+11.123,+0.938
1701371880,+2.98,+10.238,+11.145,+0.938
1701372000,+2.98,+10.275,+11.133,+0.939
1701372120,+2.98,+10.320,+11.158,+0.939
1701372240,+2.97,+10.566,+11.129,+0.939
1701372360,+2.97,+10.846,+11.066,+0.940
1701372480,+2.97,+11.090,+10.971,+0.939
1701372600,+2.97,+11.108,+10.939,+0.939
1701372720,+2.97,+11.018,+10.958,+0.939
1701372840,+2.97,+10.945,+10.943,+0.938
1701372960,+2.97,+10.765,+10.960,+0.938
1701373080,+2.97,+10.620,+11.011,+0.938
1701373200,+2.97,+10.538,+11.029,+0.938
1701373320,+2.97,+10.547,+11.034,+0.938
1701373440,+2.98,+10.393,+11.083,+0.939
1701373560,+2.98,+10.457,+11.064,+0.938
1701373680,+2.98,+10.320,+11.056,+0.938
1701373800,+2.98,+10.238,+11.137,+0.938
1701373920,+2.98,+10.293,+11.097,+0.938
1701374040,+2.98,+10.129,+11.136,+0.938
1701374160,+2.97, +9.983,+11.167,+0.939
1701374280,+2.97, +9.937,+11.156,+0.938
1701374400,+2.97, +9.772,+11.198,+0.938
1701374520,+2.97, +9.597,+11.250,+0.938
1701374640,+2.98, +9.440,+11.270,+0.938
1701374760,+2.98, +9.339,+11.371,+0.938
1701374880,+2.97, +9.689,+11.289,+0.939
1701375000,+2.97, +9.753,+11.341,+0.940
1701375120,+2.98,+10.174,+11.266,+0.940
1701375240,+2.98,+10.165,+11.150,+0.939
1701375360,+2.97, +9.946,+11.188,+0.939
1701375480,+2.97, +9.744,+11.220,+0.938
1701375600,+2.97, +9.542,+11.253,+0.938
1701375720,+2.98, +9.394,+11.296,+0.938
1701375840,+2.98, +9.191,+11.343,+0.938
1701375960,+2.98, +9.015,+11.366,+0.938
1701376080,+2.98, +8.912,+11.415,+0.938
1701376200,+2.97, +8.828,+11.435,+0.938
1701376320,+2.97, +8.745,+11.465,+0.938
1701376440,+2.97, +8.698,+11.474,+0.939
1701376560,+2.97, +8.679,+11.499,+0.939
1701376680,+2.97, +8.698,+11.477,+0.938
1701376800,+2.97, +8.632,+11.486,+0.939
1701376920,+2.97, +8.576,+11.500,+0.938
1701377040,+2.97, +8.511,+11.548,+0.938
1701377160,+2.97, +8.455,+11.520,+0.938
1701377280,+2.98, +8.370,+11.573,+0.938
1701377400,+2.98, +8.276,+11.585,+0.938
1701377520,+2.98, +8.182,+11.577,+0.937
1701377640,+2.98, +8.069,+11.614,+0.938
1701377760,+2.98, +7.899,+11.656,+0.938
1701377880,+2.98, +7.756,+11.694,+0.937
1701378000,+2.97, +7.623,+11.742,+0.938
1701378120,+2.97, +7.538,+11.771,+0.938
1701378240,+2.97, +7.471,+11.772,+0.938
1701378360,+2.98, +7.356,+11.817,+0.938
1701378480,+2.98, +7.251,+11.819,+0.938
1701378600,+2.98, +7.079,+11.852,+0.937
1701378720,+2.98, +6.905,+11.912,+0.938
1701378840,+2.98, +6.780,+11.948,+0.938
1701378960,+2.98, +6.712,+12.003,+0.938
1701379080,+2.98, +6.615,+12.008,+0.937
1701379200,+2.98, +6.538,+12.024,+0.937
1701379320,+2.98, +6.470,+12.059,+0.938
1701379440,+2.98, +6.412,+12.079,+0.938
1701379560,+2.98, +6.363,+12.085,+0.938
1701379680,+2.98, +6.295,+12.108,+0.938
1701379800,+2.98, +6.207,+12.123,+0.937
1701379920,+2.98, +6.119,+12.153,+0.937
1701380040,+2.98, +6.021,+12.179,+0.938
1701380160,+2.98, +5.923,+12.208,+0.937
1701380280,+2.98, +5.845,+12.208,+0.938
1701380400,+2.98, +5.687,+12.269,+0.937
1701380520,+2.98, +5.608,+12.284,+0.937
1701380640,+2.98, +5.490,+12.318,+0.937
1701380760,+2.98, +5.381,+12.357,+0.937
1701380880,+2.98, +5.281,+12.387,+0.937
1701381000,+2.98, +5.192,+12.426,+0.937
1701381120,+2.98, +5.082,+12.429,+0.937
1701381240,+2.98, +4.942,+12.496,+0.938
1701381360,+2.98, +4.842,+12.513,+0.937
1701381480,+2.98, +4.702,+12.564,+0.938
1701381600,+2.98, +4.621,+12.547,+0.937
1701381720,+2.98, +4.520,+12.577,+0.937
1701381840,+2.98, +4.399,+12.630,+0.937
1701381960,+2.98, +4.278,+12.669,+0.937
1701382080,+2.98, +4.207,+12.681,+0.937
1701382200,+2.99, +4.085,+12.729,+0.937
1701382320,+2.99, +3.983,+12.760,+0.937
1701382440,+2.98, +3.952,+12.751,+0.936
1701382560,+2.98, +3.871,+12.791,+0.937
1701382680,+2.98, +3.799,+12.821,+0.937
1701382800,+2.98, +3.748,+12.836,+0.937
1701382920,+2.98, +3.707,+12.845,+0.937
1701383040,+2.98, +3.656,+12.877,+0.937
1701383160,+2.98, +3.594,+12.901,+0.937
1701383280,+2.98, +3.563,+12.916,+0.937
1701383400,+2.98, +3.604,+12.918,+0.937
1701383520,+2.98, +3.635,+12.920,+0.937
1701383640,+2.98, +3.686,+12.888,+0.937
1701383760,+2.98, +3.697,+12.880,+0.936
1701383880,+2.98, +3.717,+12.886,+0.937
1701384000,+2.98, +3.738,+12.863,+0.936
1701384120,+2.98, +3.748,+12.863,+0.937
1701384240,+2.98, +3.727,+12.871,+0.937
1701384360,+2.98, +3.656,+12.892,+0.937
1701384480,+2.98, +3.594,+12.913,+0.937
1701384600,+2.98, +3.584,+12.924,+0.937
1701384720,+2.98, +3.615,+12.930,+0.937
1701384840,+2.98, +3.563,+12.927,+0.937
1701384960,+2.98, +3.522,+12.913,+0.937
1701385080,+2.98, +3.532,+12.934,+0.936
1701385200,+2.98, +3.481,+12.948,+0.936
1701385320,+2.98, +3.501,+12.937,+0.936
1701385440,+2.98, +3.460,+12.948,+0.937
1701385560,+2.98, +3.409,+12.958,+0.936
1701385680,+2.98, +3.347,+12.955,+0.937
1701385800,+2.98, +3.274,+12.979,+0.937
1701385920,+2.98, +3.192,+12.995,+0.937
1701386040,+2.98, +3.088,+13.028,+0.936
1701386160,+2.99, +2.994,+13.077,+0.936
1701386280,+2.99, +2.911,+13.101,+0.937
1701386400,+2.99, +2.838,+13.114,+0.936
1701386520,+2.99, +2.733,+13.143,+0.936
1701386640,+2.99, +2.639,+13.176,+0.936
1701386760,+2.98, +2.576,+13.209,+0.936
1701386880,+2.98, +2.492,+13.230,+0.936
1701387000,+2.98, +2.387,+13.261,+0.936
1701387120,+2.98, +2.324,+13.284,+0.936
1701387240,+2.98, +2.260,+13.307,+0.936
1701387360,+2.98, +2.186,+13.334,+0.936
1701387480,+2.98, +2.144,+13.328,+0.935
1701387600,+2.98, +2.091,+13.354,+0.936
1701387720,+2.98, +2.027,+13.389,+0.936
1701387840,+2.98, +1.985,+13.396,+0.936
1701387960,+2.98, +1.942,+13.420,+0.936
1701388080,+2.99, +1.900,+13.429,+0.936
1701388200,+2.99, +1.857,+13.447,+0.936
1701388320,+2.99, +1.847,+13.446,+0.936
1701388440,+2.99, +1.815,+13.464,+0.936
1701388560,+2.99, +1.815,+13.447,+0.935
1701388680,+2.99, +1.815,+13.449,+0.935
1701388800,+2.99, +1.804,+13.449,+0.935
1701388920,+2.99, +1.793,+13.465,+0.936
1701389040,+2.99, +1.761,+13.482,+0.936
1701389160,+2.99, +1.729,+13.468,+0.935
1701389280,+2.99, +1.729,+13.472,+0.935
1701389400,+2.99, +1.708,+13.475,+0.935
1701389520,+2.99, +1.676,+13.508,+0.936
1701389640,+2.99, +1.633,+13.501,+0.935
1701389760,+2.99, +1.579,+13.523,+0.935
1701389880,+2.99, +1.590,+13.508,+0.935
1701390000,+2.99, +1.536,+13.535,+0.935
1701390120,+2.99, +1.483,+13.561,+0.935
1701390240,+2.99, +1.451,+13.567,+0.935
1701390360,+2.99, +1.397,+13.598,+0.935
1701390480,+2.99, +1.354,+13.613,+0.935
1701390600,+2.99, +1.332,+13.605,+0.935
1701390720,+2.99, +1.289,+13.623,+0.935
1701390840,+2.99, +1.257,+13.623,+0.935
1701390960,+2.99, +1.246,+13.639,+0.935
1701391080,+2.99, +1.213,+13.647,+0.935
1701391200,+2.99, +1.170,+13.664,+0.935
1701391320,+2.98, +1.159,+13.662,+0.934
1701391440,+2.98, +1.149,+13.656,+0.934
1701391560,+2.98, +1.149,+13.667,+0.935
1701391680,+2.98, +1.138,+13.664,+0.935
1701391800,+2.98, +1.116,+13.675,+0.935
1701391920,+2.98, +1.084,+13.674,+0.934
1701392040,+2.98, +1.062,+13.689,+0.935
1701392160,+2.98, +1.019,+13.721,+0.935
1701392280,+2.98, +0.975,+13.723,+0.934
1701392400,+2.98, +0.986,+13.724,+0.935
1701392520,+2.98, +0.943,+13.743,+0.935
1701392640,+2.98, +0.932,+13.751,+0.935
1701392760,+2.98, +0.910,+13.751,+0.935
1701392880,+2.98, +0.866,+13.765,+0.935
1701393000,+2.98, +0.834,+13.772,+0.934
1701393120,+2.98, +0.823,+13.789,+0.935
1701393240,+2.98, +0.790,+13.793,+0.934
1701393360,+2.98, +0.779,+13.775,+0.934
1701393480,+2.98, +0.758,+13.786,+0.934
1701393600,+2.98, +0.725,+13.799,+0.934
1701393720,+2.98, +0.725,+13.818,+0.934
1701393840,+2.99, +0.681,+13.842,+0.934
1701393960,+2.99, +0.648,+13.850,+0.934
1701394080,+2.99, +0.670,+13.839,+0.935
1701394200,+2.99, +0.648,+13.858,+0.935
1701394320,+2.99, +0.670,+13.833,+0.934
1701394440,+2.99, +0.659,+13.836,+0.934
1701394560,+2.99, +0.659,+13.840,+0.935
1701394680,+2.99, +0.670,+13.812,+0.934
