7450-401396
OS REV: 1.05 Sensor Cal: 1618512290
Time (sec),  BV (Volts),  T (deg C),  DO (mg/l),  Q ()
1691704560,+3.04,+24.641, +8.041,+0.959
1691704680,+3.04,+24.565, +8.051,+0.959
1691704800,+3.04,+24.540, +8.053,+0.959
1691704920,+3.04,+24.532, +8.050,+0.959
1691705040,+3.04,+24.557, +8.042,+0.959
1691705160,+3.04,+24.506, +8.052,+0.958
1691705280,+3.04,+24.498, +8.043,+0.958
1691705400,+3.04,+24.490, +8.065,+0.959
1691705520,+3.04,+24.481, +8.054,+0.959
1691705640,+3.04,+24.464, +8.065,+0.959
1691705760,+3.04,+24.422, +8.071,+0.959
1691705880,+3.04,+24.414, +8.067,+0.959
1691706000,+3.04,+24.389, +8.069,+0.959
1691706120,+3.04,+24.372, +8.075,+0.959
1691706240,+3.04,+24.372, +8.060,+0.959
1691706360,+3.03,+24.338, +8.066,+0.958
1691706480,+3.03,+24.313, +8.069,+0.958
1691706600,+3.03,+24.305, +8.060,+0.958
1691706720,+3.03,+24.288, +8.070,+0.959
1691706840,+3.03,+24.271, +8.079,+0.959
1691706960,+3.03,+24.255, +8.071,+0.958
1691707080,+3.03,+24.238, +8.080,+0.958
1691707200,+3.03,+24.213, +8.086,+0.958
1691707320,+3.03,+24.196, +8.087,+0.959
1691707440,+3.03,+24.238, +8.065,+0.959
1691707560,+3.03,+24.263, +8.077,+0.960
1691707680,+3.03,+24.297, +8.064,+0.959
1691707800,+3.03,+24.305, +8.068,+0.960
1691707920,+3.04,+24.322, +8.043,+0.958
1691708040,+3.03,+24.330, +8.045,+0.958
1691708160,+3.03,+24.305, +8.063,+0.959
1691708280,+3.03,+24.263, +8.073,+0.959
1691708400,+3.03,+24.238, +8.077,+0.959
1691708520,+3.03,+24.171, +8.087,+0.958
1691708640,+3.03,+24.129, +8.109,+0.959
1691708760,+3.03,+24.095, +8.101,+0.958
1691708880,+3.03,+24.087, +8.110,+0.959
1691709000,+3.03,+24.062, +8.107,+0.959
1691709120,+3.03,+24.045, +8.112,+0.958
1691709240,+3.03,+24.011, +8.120,+0.958
1691709360,+3.03,+24.028, +8.123,+0.959
1691709480,+3.03,+24.028, +8.115,+0.958
1691709600,+3.03,+24.003, +8.119,+0.958
1691709720,+3.03,+24.020, +8.113,+0.959
1691709840,+3.03,+24.020, +8.105,+0.958
1691709960,+3.03,+24.003, +8.102,+0.959
1691710080,+3.03,+23.994, +8.093,+0.958
1691710200,+3.03,+23.994, +8.089,+0.959
1691710320,+3.03,+23.927, +8.107,+0.959
1691710440,+3.04,+23.860, +8.115,+0.959
1691710560,+3.04,+23.827, +8.114,+0.959
1691710680,+3.04,+23.760, +8.126,+0.959
1691710800,+3.04,+23.709, +8.130,+0.959
1691710920,+3.04,+23.634, +8.144,+0.959
1691711040,+3.04,+23.542, +8.152,+0.959
1691711160,+3.04,+23.525, +8.162,+0.959
1691711280,+3.04,+23.517, +8.171,+0.959
1691711400,+3.04,+23.500, +8.166,+0.959
1691711520,+3.04,+23.458, +8.170,+0.959
1691711640,+3.04,+23.449, +8.168,+0.959
1691711760,+3.04,+23.399, +8.180,+0.959
1691711880,+3.04,+23.408, +8.180,+0.959
1691712000,+3.04,+23.399, +8.182,+0.959
1691712120,+3.04,+23.408, +8.175,+0.959
1691712240,+3.04,+23.366, +8.173,+0.958
1691712360,+3.04,+23.382, +8.183,+0.959
1691712480,+3.04,+23.341, +8.186,+0.959
1691712600,+3.04,+23.307, +8.193,+0.959
1691712720,+3.04,+23.265, +8.193,+0.958
1691712840,+3.04,+23.257, +8.200,+0.959
1691712960,+3.04,+23.257, +8.202,+0.959
1691713080,+3.04,+23.248, +8.204,+0.959
1691713200,+3.04,+23.257, +8.190,+0.958
1691713320,+3.04,+23.215, +8.212,+0.959
1691713440,+3.03,+23.207, +8.212,+0.959
1691713560,+3.03,+23.173, +8.211,+0.959
1691713680,+3.03,+23.140, +8.211,+0.959
1691713800,+3.03,+23.064, +8.224,+0.958
1691713920,+3.03,+23.064, +8.225,+0.958
1691714040,+3.03,+23.064, +8.231,+0.959
1691714160,+3.03,+23.031, +8.232,+0.959
1691714280,+3.03,+23.014, +8.237,+0.959
1691714400,+3.03,+22.972, +8.245,+0.959
1691714520,+3.03,+22.947, +8.245,+0.958
1691714640,+3.04,+22.897, +8.255,+0.959
1691714760,+3.04,+22.880, +8.272,+0.959
1691714880,+3.04,+22.872, +8.251,+0.958
1691715000,+3.04,+22.863, +8.255,+0.958
1691715120,+3.04,+22.847, +8.246,+0.958
1691715240,+3.04,+22.813, +8.269,+0.958
1691715360,+3.04,+22.796, +8.262,+0.958
1691715480,+3.04,+22.771, +8.277,+0.959
1691715600,+3.04,+22.763, +8.275,+0.958
1691715720,+3.04,+22.755, +8.274,+0.958
1691715840,+3.04,+22.746, +8.265,+0.958
1691715960,+3.04,+22.729, +8.281,+0.958
1691716080,+3.04,+22.704, +8.276,+0.958
1691716200,+3.04,+22.679, +8.286,+0.958
1691716320,+3.04,+22.671, +8.287,+0.958
1691716440,+3.04,+22.654, +8.292,+0.958
1691716560,+3.04,+22.621, +8.291,+0.958
1691716680,+3.04,+22.579, +8.309,+0.958
1691716800,+3.04,+22.554, +8.309,+0.958
1691716920,+3.04,+22.520, +8.315,+0.958
1691717040,+3.04,+22.504, +8.319,+0.958
1691717160,+3.04,+22.478, +8.326,+0.958
1691717280,+3.04,+22.487, +8.321,+0.958
1691717400,+3.04,+22.445, +8.331,+0.958
1691717520,+3.04,+22.437, +8.324,+0.958
1691717640,+3.04,+22.428, +8.336,+0.958
1691717760,+3.04,+22.420, +8.332,+0.958
1691717880,+3.04,+22.420, +8.332,+0.958
1691718000,+3.04,+22.395, +8.342,+0.958
1691718120,+3.04,+22.386, +8.334,+0.958
1691718240,+3.04,+22.386, +8.344,+0.959
1691718360,+3.04,+22.378, +8.334,+0.958
1691718480,+3.04,+22.353, +8.338,+0.957
1691718600,+3.04,+22.353, +8.339,+0.958
1691718720,+3.04,+22.320, +8.338,+0.958
1691718840,+3.04,+22.320, +8.349,+0.958
1691718960,+3.04,+22.286, +8.358,+0.958
1691719080,+3.04,+22.253, +8.362,+0.958
1691719200,+3.04,+22.294, +8.353,+0.958
1691719320,+3.04,+22.236, +8.360,+0.958
1691719440,+3.04,+22.236, +8.372,+0.958
1691719560,+3.04,+22.253, +8.363,+0.958
1691719680,+3.04,+22.244, +8.352,+0.958
1691719800,+3.04,+22.236, +8.369,+0.958
1691719920,+3.04,+22.227, +8.357,+0.958
1691720040,+3.04,+22.236, +8.362,+0.958
1691720160,+3.04,+22.211, +8.360,+0.958
1691720280,+3.04,+22.202, +8.374,+0.959
1691720400,+3.04,+22.202, +8.362,+0.958
1691720520,+3.04,+22.194, +8.359,+0.957
1691720640,+3.04,+22.177, +8.371,+0.958
1691720760,+3.04,+22.186, +8.369,+0.958
1691720880,+3.04,+22.194, +8.367,+0.958
1691721000,+3.04,+22.186, +8.360,+0.958
1691721120,+3.04,+22.144, +8.369,+0.958
1691721240,+3.04,+22.144, +8.381,+0.958
1691721360,+3.04,+22.144, +8.371,+0.958
1691721480,+3.04,+22.135, +8.373,+0.958
1691721600,+3.04,+22.102, +8.385,+0.958
1691721720,+3.03,+22.077, +8.383,+0.958
1691721840,+3.04,+22.060, +8.395,+0.958
1691721960,+3.04,+22.044, +8.389,+0.958
1691722080,+3.04,+22.060, +8.378,+0.957
1691722200,+3.03,+22.035, +8.401,+0.958
1691722320,+3.04,+22.027, +8.388,+0.958
1691722440,+3.04,+22.027, +8.394,+0.958
1691722560,+3.04,+22.018, +8.387,+0.958
1691722680,+3.04,+21.993, +8.398,+0.958
1691722800,+3.04,+21.968, +8.392,+0.957
1691722920,+3.04,+21.960, +8.409,+0.958
1691723040,+3.04,+21.952, +8.400,+0.957
1691723160,+3.04,+21.943, +8.394,+0.957
1691723280,+3.04,+21.910, +8.408,+0.958
1691723400,+3.04,+21.893, +8.425,+0.958
1691723520,+3.04,+21.868, +8.413,+0.958
1691723640,+3.04,+21.876, +8.413,+0.958
1691723760,+3.04,+21.851, +8.420,+0.958
1691723880,+3.04,+21.843, +8.412,+0.957
1691724000,+3.04,+21.809, +8.418,+0.957
1691724120,+3.04,+21.776, +8.426,+0.957
1691724240,+3.04,+21.768, +8.439,+0.958
1691724360,+3.04,+21.742, +8.435,+0.957
1691724480,+3.04,+21.734, +8.437,+0.958
1691724600,+3.04,+21.734, +8.438,+0.958
1691724720,+3.04,+21.717, +8.445,+0.958
1691724840,+3.04,+21.684, +8.447,+0.957
1691724960,+3.04,+21.659, +8.460,+0.958
1691725080,+3.04,+21.642, +8.467,+0.958
1691725200,+3.04,+21.634, +8.467,+0.958
1691725320,+3.04,+21.642, +8.449,+0.957
1691725440,+3.04,+21.609, +8.457,+0.957
1691725560,+3.04,+21.600, +8.461,+0.957
1691725680,+3.04,+21.609, +8.461,+0.957
1691725800,+3.04,+21.617, +8.463,+0.958
1691725920,+3.04,+21.609, +8.460,+0.957
1691726040,+3.04,+21.584, +8.457,+0.957
1691726160,+3.04,+21.584, +8.464,+0.958
1691726280,+3.04,+21.558, +8.475,+0.958
1691726400,+3.04,+21.575, +8.475,+0.958
1691726520,+3.04,+21.550, +8.473,+0.958
1691726640,+3.04,+21.533, +8.466,+0.957
1691726760,+3.04,+21.533, +8.471,+0.958
1691726880,+3.04,+21.525, +8.475,+0.958
1691727000,+3.04,+21.483, +8.471,+0.957
1691727120,+3.04,+21.475, +8.474,+0.957
1691727240,+3.04,+21.467, +8.481,+0.957
1691727360,+3.04,+21.458, +8.474,+0.957
1691727480,+3.04,+21.433, +8.489,+0.957
1691727600,+3.04,+21.458, +8.493,+0.958
1691727720,+3.04,+21.433, +8.494,+0.957
1691727840,+3.04,+21.425, +8.489,+0.957
1691727960,+3.04,+21.416, +8.494,+0.957
1691728080,+3.04,+21.375, +8.503,+0.957
1691728200,+3.04,+21.366, +8.487,+0.957
1691728320,+3.04,+21.299, +8.514,+0.957
1691728440,+3.04,+21.299, +8.513,+0.957
1691728560,+3.04,+21.316, +8.500,+0.957
1691728680,+3.04,+21.324, +8.508,+0.958
1691728800,+3.04,+21.341, +8.499,+0.957
1691728920,+3.04,+21.341, +8.513,+0.958
1691729040,+3.04,+21.333, +8.511,+0.958
1691729160,+3.04,+21.308, +8.510,+0.957
1691729280,+3.04,+21.257, +8.522,+0.958
1691729400,+3.04,+21.241, +8.522,+0.957
1691729520,+3.04,+21.199, +8.522,+0.957
1691729640,+3.04,+21.174, +8.531,+0.957
1691729760,+3.04,+21.124, +8.529,+0.956
1691729880,+3.04,+21.090, +8.550,+0.957
1691730000,+3.04,+21.099, +8.535,+0.956
1691730120,+3.04,+21.082, +8.539,+0.956
1691730240,+3.04,+21.073, +8.543,+0.957
1691730360,+3.04,+21.057, +8.549,+0.957
1691730480,+3.04,+21.015, +8.553,+0.956
1691730600,+3.04,+20.973, +8.569,+0.957
1691730720,+3.04,+20.940, +8.565,+0.956
1691730840,+3.04,+20.915, +8.571,+0.956
1691730960,+3.04,+20.881, +8.568,+0.956
1691731080,+3.04,+20.839, +8.595,+0.957
1691731200,+3.04,+20.806, +8.600,+0.957
1691731320,+3.04,+20.797, +8.590,+0.956
1691731440,+3.04,+20.781, +8.599,+0.956
1691731560,+3.04,+20.764, +8.607,+0.957
1691731680,+3.04,+20.739, +8.607,+0.956
1691731800,+3.04,+20.747, +8.602,+0.956
1691731920,+3.04,+20.739, +8.594,+0.956
1691732040,+3.04,+20.747, +8.590,+0.956
1691732160,+3.04,+20.747, +8.595,+0.956
1691732280,+3.04,+20.747, +8.597,+0.956
1691732400,+3.04,+20.772, +8.596,+0.956
1691732520,+3.04,+20.756, +8.601,+0.956
1691732640,+3.04,+20.781, +8.595,+0.957
1691732760,+3.04,+20.789, +8.596,+0.957
1691732880,+3.04,+20.797, +8.596,+0.957
1691733000,+3.04,+20.806, +8.590,+0.957
1691733120,+3.04,+20.789, +8.587,+0.956
1691733240,+3.04,+20.756, +8.589,+0.956
1691733360,+3.04,+20.756, +8.600,+0.957
1691733480,+3.04,+20.756, +8.599,+0.957
1691733600,+3.04,+20.756, +8.609,+0.957
1691733720,+3.04,+20.739, +8.598,+0.956
1691733840,+3.04,+20.680, +8.610,+0.956
1691733960,+3.04,+20.680, +8.607,+0.956
1691734080,+3.04,+20.647, +8.610,+0.956
1691734200,+3.04,+20.613, +8.626,+0.956
1691734320,+3.04,+20.597, +8.626,+0.956
1691734440,+3.04,+20.563, +8.642,+0.957
1691734560,+3.04,+20.513, +8.647,+0.956
1691734680,+3.04,+20.521, +8.639,+0.956
1691734800,+3.04,+20.496, +8.647,+0.956
1691734920,+3.04,+20.454, +8.663,+0.956
1691735040,+3.04,+20.438, +8.659,+0.956
1691735160,+3.04,+20.438, +8.654,+0.956
1691735280,+3.04,+20.438, +8.652,+0.956
1691735400,+3.04,+20.429, +8.652,+0.956
1691735520,+3.04,+20.429, +8.654,+0.956
1691735640,+3.04,+20.413, +8.661,+0.956
1691735760,+3.04,+20.413, +8.662,+0.956
1691735880,+3.04,+20.413, +8.669,+0.957
1691736000,+3.04,+20.429, +8.657,+0.956
1691736120,+3.04,+20.404, +8.660,+0.956
1691736240,+3.04,+20.421, +8.661,+0.956
1691736360,+3.04,+20.429, +8.651,+0.956
1691736480,+3.04,+20.413, +8.664,+0.956
1691736600,+3.04,+20.429, +8.656,+0.956
1691736720,+3.04,+20.404, +8.658,+0.956
1691736840,+3.04,+20.404, +8.670,+0.957
1691736960,+3.04,+20.404, +8.668,+0.956
1691737080,+3.04,+20.396, +8.665,+0.956
1691737200,+3.04,+20.379, +8.669,+0.956
1691737320,+3.04,+20.362, +8.672,+0.956
1691737440,+3.04,+20.404, +8.657,+0.956
1691737560,+3.04,+20.429, +8.648,+0.956
1691737680,+3.04,+20.413, +8.653,+0.956
1691737800,+3.04,+20.404, +8.662,+0.956
1691737920,+3.04,+20.387, +8.671,+0.956
1691738040,+3.04,+20.337, +8.678,+0.956
1691738160,+3.04,+20.346, +8.672,+0.956
1691738280,+3.04,+20.329, +8.681,+0.956
1691738400,+3.04,+20.354, +8.672,+0.956
1691738520,+3.04,+20.337, +8.668,+0.956
1691738640,+3.04,+20.320, +8.680,+0.956
1691738760,+3.04,+20.320, +8.671,+0.956
1691738880,+3.04,+20.279, +8.691,+0.956
1691739000,+3.04,+20.287, +8.685,+0.956
1691739120,+3.04,+20.253, +8.691,+0.956
1691739240,+3.04,+20.245, +8.694,+0.956
1691739360,+3.04,+20.220, +8.694,+0.956
1691739480,+3.04,+20.203, +8.694,+0.956
1691739600,+3.04,+20.178, +8.710,+0.956
1691739720,+3.04,+20.136, +8.709,+0.956
1691739840,+3.04,+20.136, +8.710,+0.956
1691739960,+3.04,+20.103, +8.719,+0.956
1691740080,+3.04,+20.094, +8.722,+0.956
1691740200,+3.04,+20.069, +8.726,+0.956
1691740320,+3.04,+20.078, +8.722,+0.956
1691740440,+3.04,+20.078, +8.722,+0.956
1691740560,+3.04,+20.078, +8.723,+0.956
1691740680,+3.04,+20.061, +8.723,+0.955
1691740800,+3.04,+20.069, +8.715,+0.956
1691740920,+3.04,+20.036, +8.733,+0.956
1691741040,+3.04,+20.019, +8.730,+0.956
1691741160,+3.04,+19.994, +8.737,+0.956
1691741280,+3.04,+19.952, +8.738,+0.955
1691741400,+3.04,+19.960, +8.738,+0.955
1691741520,+3.04,+19.910, +8.756,+0.956
1691741640,+3.04,+19.927, +8.751,+0.956
1691741760,+3.04,+19.919, +8.745,+0.955
1691741880,+3.04,+19.919, +8.756,+0.956
1691742000,+3.04,+19.902, +8.753,+0.955
1691742120,+3.04,+19.902, +8.754,+0.956
1691742240,+3.04,+19.885, +8.758,+0.956
1691742360,+3.04,+19.893, +8.755,+0.956
1691742480,+3.04,+19.902, +8.755,+0.956
1691742600,+3.04,+19.885, +8.759,+0.956
1691742720,+3.04,+19.877, +8.760,+0.956
1691742840,+3.04,+19.910, +8.747,+0.956
1691742960,+3.04,+19.877, +8.758,+0.956
1691743080,+3.04,+19.877, +8.754,+0.955
1691743200,+3.04,+19.868, +8.765,+0.956
1691743320,+3.04,+19.877, +8.753,+0.956
1691743440,+3.04,+19.852, +8.755,+0.955
1691743560,+3.04,+19.843, +8.762,+0.956
1691743680,+3.04,+19.826, +8.760,+0.955
1691743800,+3.04,+19.793, +8.772,+0.955
1691743920,+3.04,+19.793, +8.766,+0.955
1691744040,+3.04,+19.759, +8.777,+0.955
1691744160,+3.04,+19.751, +8.778,+0.955
1691744280,+3.04,+19.726, +8.783,+0.955
1691744400,+3.04,+19.726, +8.787,+0.956
1691744520,+3.04,+19.726, +8.785,+0.955
1691744640,+3.04,+19.709, +8.794,+0.956
1691744760,+3.04,+19.692, +8.777,+0.955
1691744880,+3.04,+19.692, +8.798,+0.956
1691745000,+3.04,+19.642, +8.792,+0.955
1691745120,+3.04,+19.650, +8.797,+0.955
1691745240,+3.04,+19.634, +8.807,+0.956
1691745360,+3.04,+19.625, +8.798,+0.955
1691745480,+3.04,+19.617, +8.799,+0.955
1691745600,+3.04,+19.608, +8.796,+0.955
1691745720,+3.04,+19.600, +8.811,+0.956
1691745840,+3.04,+19.608, +8.804,+0.955
1691745960,+3.04,+19.600, +8.811,+0.956
1691746080,+3.04,+19.575, +8.814,+0.955
1691746200,+3.04,+19.575, +8.814,+0.956
1691746320,+3.04,+19.575, +8.811,+0.955
1691746440,+3.04,+19.600, +8.800,+0.955
1691746560,+3.04,+19.608, +8.808,+0.956
1691746680,+3.04,+19.608, +8.804,+0.956
1691746800,+3.04,+19.617, +8.807,+0.956
1691746920,+3.04,+19.617, +8.798,+0.955
1691747040,+3.04,+19.617, +8.806,+0.956
1691747160,+3.04,+19.608, +8.809,+0.956
1691747280,+3.04,+19.600, +8.806,+0.955
1691747400,+3.04,+19.583, +8.814,+0.955
1691747520,+3.04,+19.558, +8.825,+0.956
1691747640,+3.04,+19.550, +8.829,+0.956
1691747760,+3.04,+19.541, +8.821,+0.955
1691747880,+3.04,+19.550, +8.817,+0.955
1691748000,+3.04,+19.525, +8.813,+0.955
1691748120,+3.04,+19.533, +8.816,+0.955
1691748240,+3.04,+19.499, +8.830,+0.955
1691748360,+3.04,+19.491, +8.839,+0.956
1691748480,+3.04,+19.499, +8.825,+0.955
1691748600,+3.04,+19.499, +8.834,+0.955
1691748720,+3.04,+19.525, +8.820,+0.955
1691748840,+3.04,+19.533, +8.814,+0.955
1691748960,+3.04,+19.516, +8.815,+0.955
1691749080,+3.04,+19.499, +8.832,+0.956
1691749200,+3.04,+19.491, +8.834,+0.955
1691749320,+3.04,+19.466, +8.827,+0.955
1691749440,+3.04,+19.458, +8.839,+0.955
1691749560,+3.04,+19.432, +8.846,+0.955
1691749680,+3.04,+19.449, +8.838,+0.955
1691749800,+3.04,+19.441, +8.836,+0.955
1691749920,+3.04,+19.424, +8.850,+0.955
1691750040,+3.04,+19.432, +8.849,+0.955
1691750160,+3.04,+19.424, +8.860,+0.956
1691750280,+3.04,+19.432, +8.843,+0.955
1691750400,+3.04,+19.449, +8.849,+0.955
1691750520,+3.04,+19.466, +8.838,+0.955
1691750640,+3.04,+19.432, +8.838,+0.955
1691750760,+3.04,+19.458, +8.841,+0.955
1691750880,+3.04,+19.441, +8.848,+0.955
1691751000,+3.04,+19.458, +8.839,+0.955
1691751120,+3.04,+19.474, +8.842,+0.956
1691751240,+3.04,+19.491, +8.837,+0.956
1691751360,+3.04,+19.499, +8.838,+0.956
1691751480,+3.04,+19.508, +8.834,+0.955
1691751600,+3.04,+19.533, +8.835,+0.956
1691751720,+3.04,+19.516, +8.842,+0.956
1691751840,+3.04,+19.558, +8.826,+0.956
1691751960,+3.04,+19.575, +8.827,+0.956
1691752080,+3.04,+19.592, +8.816,+0.955
1691752200,+3.04,+19.583, +8.826,+0.956
1691752320,+3.04,+19.600, +8.815,+0.955
1691752440,+3.04,+19.583, +8.827,+0.956
1691752560,+3.04,+19.617, +8.823,+0.956
1691752680,+3.04,+19.600, +8.827,+0.956
1691752800,+3.04,+19.617, +8.815,+0.955
1691752920,+3.04,+19.642, +8.804,+0.955
1691753040,+3.04,+19.659, +8.814,+0.956
1691753160,+3.04,+19.701, +8.805,+0.956
1691753280,+3.04,+19.709, +8.803,+0.956
1691753400,+3.04,+19.734, +8.806,+0.956
1691753520,+3.04,+19.776, +8.794,+0.956
1691753640,+3.04,+19.810, +8.801,+0.956
1691753760,+3.04,+19.818, +8.797,+0.956
1691753880,+3.04,+19.860, +8.786,+0.956
1691754000,+3.04,+19.868, +8.776,+0.955
1691754120,+3.04,+19.893, +8.777,+0.956
1691754240,+3.04,+19.935, +8.761,+0.955
1691754360,+3.04,+19.952, +8.764,+0.956
1691754480,+3.04,+19.986, +8.764,+0.956
1691754600,+3.04,+19.986, +8.767,+0.956
1691754720,+3.04,+20.036, +8.758,+0.956
1691754840,+3.04,+20.053, +8.753,+0.956
1691754960,+3.04,+20.078, +8.754,+0.957
1691755080,+3.04,+20.120, +8.743,+0.956
1691755200,+3.04,+20.145, +8.748,+0.957
1691755320,+3.04,+20.178, +8.730,+0.956
1691755440,+3.04,+20.212, +8.729,+0.956
1691755560,+3.04,+20.262, +8.714,+0.956
1691755680,+3.04,+20.295, +8.722,+0.956
1691755800,+3.04,+20.337, +8.724,+0.957
1691755920,+3.04,+20.379, +8.704,+0.956
1691756040,+3.04,+20.421, +8.695,+0.957
1691756160,+3.04,+20.454, +8.686,+0.956
1691756280,+3.04,+20.488, +8.692,+0.957
1691756400,+3.04,+20.513, +8.688,+0.957
1691756520,+3.04,+20.580, +8.681,+0.957
1691756640,+3.04,+20.597, +8.678,+0.957
1691756760,+3.04,+20.647, +8.664,+0.957
1691756880,+3.04,+20.672, +8.659,+0.957
1691757000,+3.04,+20.722, +8.665,+0.958
1691757120,+3.04,+20.747, +8.653,+0.957
1691757240,+3.04,+20.789, +8.638,+0.957
1691757360,+3.04,+20.806, +8.643,+0.957
1691757480,+3.04,+20.856, +8.635,+0.957
1691757600,+3.04,+20.931, +8.616,+0.957
1691757720,+3.04,+20.981, +8.624,+0.958
1691757840,+3.04,+21.007, +8.606,+0.957
1691757960,+3.04,+21.040, +8.611,+0.957
1691758080,+3.04,+21.073, +8.598,+0.957
1691758200,+3.04,+21.099, +8.597,+0.957
1691758320,+3.04,+21.149, +8.591,+0.957
1691758440,+3.04,+21.182, +8.583,+0.957
1691758560,+3.04,+21.224, +8.586,+0.957
1691758680,+3.04,+21.324, +8.559,+0.957
1691758800,+3.04,+21.475, +8.557,+0.958
1691758920,+3.04,+21.709, +8.517,+0.958
1691759040,+3.04,+21.834, +8.496,+0.958
1691759160,+3.04,+21.876, +8.480,+0.958
1691759280,+3.04,+21.893, +8.470,+0.957
1691759400,+3.04,+21.893, +8.479,+0.958
1691759520,+3.04,+21.926, +8.476,+0.958
1691759640,+3.04,+21.977, +8.476,+0.958
1691759760,+3.03,+22.094, +8.448,+0.958
1691759880,+3.04,+22.110, +8.447,+0.958
1691760000,+3.04,+22.152, +8.438,+0.958
1691760120,+3.04,+22.194, +8.451,+0.958
1691760240,+3.04,+22.412, +8.402,+0.958
1691760360,+3.04,+22.412, +8.406,+0.958
1691760480,+3.04,+22.420, +8.413,+0.959
1691760600,+3.04,+22.420, +8.403,+0.959
1691760720,+3.04,+22.412, +8.400,+0.958
1691760840,+3.04,+22.412, +8.412,+0.959
1691760960,+3.04,+22.437, +8.403,+0.958
1691761080,+3.04,+22.445, +8.393,+0.958
1691761200,+3.04,+22.420, +8.397,+0.958
1691761320,+3.04,+22.445, +8.389,+0.957
1691761440,+3.04,+22.420, +8.405,+0.958
1691761560,+3.04,+22.453, +8.398,+0.958
1691761680,+3.04,+22.478, +8.402,+0.958
1691761800,+3.04,+22.495, +8.396,+0.958
1691761920,+3.04,+22.529, +8.392,+0.958
1691762040,+3.04,+22.537, +8.393,+0.958
1691762160,+3.04,+22.579, +8.385,+0.958
1691762280,+3.04,+22.637, +8.379,+0.958
1691762400,+3.04,+22.604, +8.392,+0.957
1691762520,+3.04,+22.671, +8.371,+0.958
1691762640,+3.04,+22.688, +8.377,+0.958
1691762760,+3.04,+22.729, +8.375,+0.958
1691762880,+3.04,+22.771, +8.365,+0.958
1691763000,+3.04,+22.830, +8.345,+0.957
1691763120,+3.04,+22.863, +8.362,+0.958
1691763240,+3.04,+22.847, +8.380,+0.958
1691763360,+3.04,+22.855, +8.374,+0.958
1691763480,+3.04,+22.880, +8.369,+0.958
1691763600,+3.04,+22.922, +8.349,+0.958
1691763720,+3.03,+23.006, +8.343,+0.958
1691763840,+3.03,+23.073, +8.330,+0.958
1691763960,+3.03,+23.114, +8.337,+0.958
1691764080,+3.03,+23.156, +8.319,+0.958
1691764200,+3.03,+23.198, +8.323,+0.958
1691764320,+3.04,+23.240, +8.325,+0.959
1691764440,+3.04,+23.315, +8.305,+0.958
1691764560,+3.04,+23.382, +8.315,+0.959
1691764680,+3.04,+23.491, +8.287,+0.958
1691764800,+3.04,+23.525, +8.270,+0.958
1691764920,+3.04,+23.550, +8.299,+0.959
1691765040,+3.04,+23.651, +8.261,+0.958
1691765160,+3.04,+23.743, +8.262,+0.958
1691765280,+3.04,+23.785, +8.256,+0.959
1691765400,+3.03,+23.894, +8.266,+0.959
1691765520,+3.03,+24.204, +8.264,+0.960
1691765640,+3.04,+24.582, +8.198,+0.960
1691765760,+3.03,+24.784, +8.169,+0.960
1691765880,+3.03,+25.028, +8.187,+0.960
1691766000,+3.03,+25.103, +8.122,+0.960
1691766120,+3.03,+25.154, +8.126,+0.960
1691766240,+3.03,+25.188, +8.118,+0.960
1691766360,+3.03,+25.188, +8.123,+0.960
1691766480,+3.03,+25.205, +8.116,+0.960
1691766600,+3.03,+25.247, +8.100,+0.960
1691766720,+3.03,+25.247, +8.084,+0.959
1691766840,+3.03,+25.179, +8.080,+0.960
1691766960,+3.03,+25.171, +8.089,+0.959
1691767080,+3.03,+25.146, +8.095,+0.960
1691767200,+3.03,+25.162, +8.082,+0.960
1691767320,+3.03,+25.171, +8.071,+0.960
1691767440,+3.03,+25.238, +8.061,+0.960
1691767560,+3.04,+25.508, +8.056,+0.960
1691767680,+3.03,+25.744, +8.034,+0.961
1691767800,+3.03,+26.006, +7.998,+0.961
1691767920,+3.03,+26.395, +8.033,+0.962
1691768040,+3.03,+26.937, +7.920,+0.963
1691768160,+3.03,+26.861, +7.941,+0.963
1691768280,+3.03,+26.750, +7.932,+0.961
1691768400,+3.03,+26.581, +8.000,+0.961
1691768520,+3.03,+26.445, +7.965,+0.962
1691768640,+3.03,+26.344, +7.989,+0.961
1691768760,+3.03,+26.293, +7.957,+0.961
1691768880,+3.03,+26.268, +7.997,+0.961
1691769000,+3.03,+26.166, +7.985,+0.960
1691769120,+3.03,+26.073, +8.000,+0.960
1691769240,+3.03,+26.065, +8.008,+0.961
1691769360,+3.03,+26.040, +7.997,+0.960
1691769480,+3.03,+26.040, +7.991,+0.960
1691769600,+3.03,+26.082, +7.981,+0.961
1691769720,+3.03,+26.099, +7.980,+0.961
1691769840,+3.03,+26.124, +7.985,+0.961
1691769960,+3.03,+26.183, +7.993,+0.961
1691770080,+3.03,+26.251, +7.954,+0.961
1691770200,+3.03,+26.327, +7.970,+0.961
1691770320,+3.03,+26.319, +7.981,+0.961
1691770440,+3.03,+26.319, +7.954,+0.961
1691770560,+3.03,+26.386, +7.954,+0.961
1691770680,+3.03,+26.488, +7.963,+0.961
1691770800,+3.03,+26.539, +7.963,+0.960
1691770920,+3.03,+26.733, +7.943,+0.962
1691771040,+3.03,+27.234, +7.932,+0.963
1691771160,+3.03,+27.762, +7.866,+0.963
1691771280,+3.03,+27.770, +7.855,+0.962
1691771400,+3.03,+27.736, +7.802,+0.962
1691771520,+3.03,+27.864, +7.834,+0.962
1691771640,+3.03,+27.949, +7.788,+0.962
1691771760,+3.03,+28.043, +7.782,+0.963
1691771880,+3.03,+28.137, +7.810,+0.963
1691772000,+3.03,+28.206, +7.793,+0.962
1691772120,+3.02,+28.513, +7.758,+0.964
1691772240,+3.03,+28.650, +7.752,+0.963
1691772360,+3.03,+28.685, +7.718,+0.963
1691772480,+3.03,+28.813, +7.685,+0.964
1691772600,+3.03,+28.985, +7.719,+0.964
1691772720,+3.03,+29.122, +7.675,+0.963
1691772840,+3.03,+29.217, +7.663,+0.964
1691772960,+3.03,+29.286, +7.638,+0.964
1691773080,+3.03,+29.277, +7.680,+0.963
1691773200,+3.03,+29.114, +7.660,+0.963
1691773320,+3.03,+29.243, +7.692,+0.963
1691773440,+3.02,+29.527, +7.641,+0.964
1691773560,+3.02,+29.656, +7.604,+0.964
1691773680,+3.03,+29.742, +7.616,+0.965
1691773800,+3.03,+30.200, +7.609,+0.965
1691773920,+3.02,+30.573, +7.617,+0.965
1691774040,+3.02,+30.833, +7.586,+0.964
1691774160,+3.03,+31.024, +7.533,+0.965
1691774280,+3.03,+31.120, +7.512,+0.964
1691774400,+3.03,+31.094, +7.470,+0.964
1691774520,+3.03,+30.929, +7.549,+0.964
1691774640,+3.03,+30.955, +7.527,+0.964
1691774760,+3.03,+30.920, +7.572,+0.965
1691774880,+3.03,+31.059, +7.545,+0.964
1691775000,+3.03,+31.146, +7.522,+0.965
1691775120,+3.03,+31.190, +7.525,+0.964
1691775240,+3.03,+31.172, +7.532,+0.963
1691775360,+3.02,+31.286, +7.519,+0.965
1691775480,+3.02,+31.390, +7.519,+0.964
1691775600,+3.02,+31.425, +7.536,+0.964
1691775720,+3.02,+31.513, +7.432,+0.964
1691775840,+3.02,+31.478, +7.491,+0.963
1691775960,+3.02,+31.390, +7.437,+0.964
1691776080,+3.02,+31.469, +7.506,+0.964
1691776200,+3.02,+31.469, +7.461,+0.964
1691776320,+3.02,+31.417, +7.498,+0.964
1691776440,+3.02,+31.277, +7.453,+0.963
1691776560,+3.03,+31.164, +7.462,+0.964
1691776680,+3.03,+30.920, +7.517,+0.962
1691776800,+3.02,+30.685, +7.544,+0.963
1691776920,+3.02,+30.390, +7.507,+0.963
1691777040,+3.03,+30.183, +7.560,+0.962
1691777160,+3.03,+29.992, +7.563,+0.962
1691777280,+3.03,+29.820, +7.599,+0.962
1691777400,+3.02,+29.613, +7.629,+0.962
1691777520,+3.02,+29.501, +7.641,+0.962
1691777640,+3.03,+29.337, +7.662,+0.963
1691777760,+3.03,+29.208, +7.687,+0.962
1691777880,+3.03,+29.131, +7.666,+0.962
1691778000,+3.03,+29.011, +7.672,+0.963
1691778120,+3.03,+28.882, +7.707,+0.963
1691778240,+3.03,+28.822, +7.677,+0.962
1691778360,+3.03,+28.719, +7.724,+0.963
1691778480,+3.03,+28.625, +7.720,+0.962
1691778600,+3.02,+28.556, +7.743,+0.963
1691778720,+3.02,+28.531, +7.704,+0.962
1691778840,+3.02,+28.436, +7.755,+0.962
1691778960,+3.03,+28.376, +7.795,+0.963
1691779080,+3.03,+28.291, +7.793,+0.962
1691779200,+3.03,+28.214, +7.778,+0.963
1691779320,+3.03,+28.180, +7.762,+0.962
1691779440,+3.03,+28.171, +7.742,+0.962
1691779560,+3.03,+28.171, +7.754,+0.961
1691779680,+3.03,+28.214, +7.723,+0.962
1691779800,+3.03,+28.188, +7.796,+0.962
1691779920,+3.03,+28.137, +7.772,+0.962
1691780040,+3.03,+28.112, +7.796,+0.962
1691780160,+3.03,+28.060, +7.789,+0.963
1691780280,+3.03,+28.009, +7.814,+0.962
1691780400,+3.03,+27.915, +7.808,+0.963
1691780520,+3.03,+27.864, +7.823,+0.962
1691780640,+3.03,+27.677, +7.849,+0.961
1691780760,+3.03,+27.532, +7.875,+0.962
1691780880,+3.03,+27.455, +7.872,+0.961
1691781000,+3.03,+27.413, +7.865,+0.961
1691781120,+3.03,+27.379, +7.851,+0.962
1691781240,+3.03,+27.328, +7.854,+0.961
1691781360,+3.03,+27.294, +7.891,+0.962
1691781480,+3.03,+27.260, +7.901,+0.961
1691781600,+3.03,+27.200, +7.890,+0.962
1691781720,+3.03,+27.166, +7.913,+0.961
1691781840,+3.03,+27.158, +7.888,+0.962
1691781960,+3.03,+27.183, +7.930,+0.961
1691782080,+3.03,+27.158, +7.912,+0.962
1691782200,+3.03,+27.175, +7.908,+0.962
1691782320,+3.03,+27.175, +7.919,+0.962
1691782440,+3.03,+27.098, +7.920,+0.961
1691782560,+3.03,+27.047, +7.901,+0.962
1691782680,+3.03,+26.962, +7.942,+0.962
1691782800,+3.03,+26.929, +7.936,+0.961
1691782920,+3.03,+26.878, +7.899,+0.961
1691783040,+3.03,+26.793, +7.899,+0.961
1691783160,+3.03,+26.733, +7.945,+0.961
1691783280,+3.03,+26.717, +7.925,+0.961
1691783400,+3.03,+26.683, +7.966,+0.961
1691783520,+3.03,+26.649, +7.953,+0.961
1691783640,+3.03,+26.598, +7.937,+0.961
1691783760,+3.03,+26.581, +7.968,+0.961
1691783880,+3.03,+26.581, +7.968,+0.960
1691784000,+3.03,+26.564, +7.942,+0.961
1691784120,+3.03,+26.589, +7.933,+0.961
1691784240,+3.03,+26.649, +7.927,+0.962
1691784360,+3.03,+26.700, +7.960,+0.961
1691784480,+3.03,+26.776, +7.916,+0.961
1691784600,+3.03,+26.793, +7.912,+0.961
1691784720,+3.03,+26.801, +7.894,+0.961
1691784840,+3.03,+26.818, +7.901,+0.961
1691784960,+3.03,+26.827, +7.931,+0.961
1691785080,+3.03,+26.801, +7.890,+0.961
1691785200,+3.03,+26.801, +7.962,+0.962
1691785320,+3.03,+26.793, +7.878,+0.961
1691785440,+3.03,+26.801, +7.870,+0.960
1691785560,+3.03,+26.784, +7.943,+0.962
1691785680,+3.03,+26.733, +7.912,+0.962
1691785800,+3.03,+26.700, +7.961,+0.961
1691785920,+3.03,+26.649, +7.938,+0.961
1691786040,+3.03,+26.632, +7.942,+0.962
1691786160,+3.03,+26.556, +7.976,+0.961
1691786280,+3.03,+26.479, +7.971,+0.960
1691786400,+3.03,+26.361, +7.979,+0.961
1691786520,+3.03,+26.302, +7.982,+0.961
1691786640,+3.03,+26.268, +7.996,+0.960
1691786760,+3.03,+26.166, +8.005,+0.960
1691786880,+3.03,+26.124, +8.005,+0.961
1691787000,+3.03,+26.073, +8.006,+0.961
1691787120,+3.03,+26.014, +7.997,+0.960
1691787240,+3.03,+26.006, +8.016,+0.961
1691787360,+3.03,+25.997, +7.992,+0.961
1691787480,+3.03,+26.048, +7.974,+0.960
1691787600,+3.03,+26.124, +7.953,+0.961
1691787720,+3.03,+26.166, +7.980,+0.960
1691787840,+3.03,+26.183, +7.990,+0.960
1691787960,+3.03,+26.166, +7.974,+0.960
1691788080,+3.03,+26.175, +7.958,+0.960
1691788200,+3.03,+26.183, +7.989,+0.961
1691788320,+3.03,+26.183, +7.945,+0.961
1691788440,+3.03,+26.200, +7.944,+0.961
1691788560,+3.03,+26.200, +7.935,+0.960
1691788680,+3.03,+26.200, +7.963,+0.960
1691788800,+3.03,+26.149, +7.987,+0.960
1691788920,+3.03,+26.116, +7.950,+0.960
1691789040,+3.03,+26.107, +7.944,+0.960
1691789160,+3.03,+26.065, +7.959,+0.960
1691789280,+3.03,+26.048, +7.960,+0.961
1691789400,+3.03,+25.997, +7.971,+0.960
1691789520,+3.03,+25.972, +7.977,+0.961
1691789640,+3.03,+25.955, +7.989,+0.960
1691789760,+3.03,+25.904, +7.977,+0.960
1691789880,+3.03,+25.913, +7.987,+0.960
1691790000,+3.03,+25.887, +7.997,+0.960
1691790120,+3.03,+25.845, +8.020,+0.960
1691790240,+3.03,+25.786, +8.005,+0.960
1691790360,+3.03,+25.778, +7.997,+0.960
1691790480,+3.03,+25.727, +8.041,+0.961
1691790600,+3.03,+25.702, +7.986,+0.960
1691790720,+3.03,+25.685, +7.993,+0.960
1691790840,+3.03,+25.668, +7.999,+0.960
1691790960,+3.03,+25.660, +7.997,+0.959
