7450-401396
OS REV: 1.05 Sensor Cal: 1618512290
Time (sec),  BV (Volts),  T (deg C),  DO (mg/l),  Q ()
1695078840,+3.02,+18.146, +9.116,+0.948
1695078960,+3.02,+18.087, +9.135,+0.947
1695079080,+3.02,+18.012, +9.134,+0.947
1695079200,+3.02,+18.003, +9.133,+0.947
1695079320,+3.02,+17.961, +9.139,+0.947
1695079440,+3.02,+17.927, +9.156,+0.947
1695079560,+3.02,+17.885, +9.149,+0.947
1695079680,+3.02,+17.860, +9.158,+0.947
1695079800,+3.01,+17.826, +9.169,+0.947
1695079920,+3.01,+17.775, +9.186,+0.948
1695080040,+3.01,+17.733, +9.188,+0.947
1695080160,+3.01,+17.699, +9.190,+0.947
1695080280,+3.01,+17.657, +9.206,+0.947
1695080400,+3.02,+17.598, +9.223,+0.947
1695080520,+3.02,+17.547, +9.213,+0.946
1695080640,+3.02,+17.514, +9.248,+0.948
1695080760,+3.02,+17.471, +9.238,+0.947
1695080880,+3.02,+17.429, +9.253,+0.947
1695081000,+3.02,+17.378, +9.266,+0.947
1695081120,+3.02,+17.344, +9.272,+0.947
1695081240,+3.02,+17.302, +9.287,+0.948
1695081360,+3.02,+17.251, +9.285,+0.947
1695081480,+3.02,+17.201, +9.288,+0.947
1695081600,+3.02,+17.150, +9.314,+0.947
1695081720,+3.02,+17.090, +9.326,+0.947
1695081840,+3.02,+17.040, +9.332,+0.947
1695081960,+3.02,+17.006, +9.336,+0.947
1695082080,+3.02,+16.938, +9.347,+0.947
1695082200,+3.02,+16.870, +9.369,+0.947
1695082320,+3.02,+16.862, +9.363,+0.947
1695082440,+3.02,+16.785, +9.382,+0.947
1695082560,+3.02,+16.734, +9.392,+0.947
1695082680,+3.02,+16.700, +9.403,+0.947
1695082800,+3.02,+16.666, +9.408,+0.947
1695082920,+3.02,+16.624, +9.409,+0.947
1695083040,+3.02,+16.598, +9.401,+0.947
1695083160,+3.02,+16.581, +9.415,+0.947
1695083280,+3.02,+16.530, +9.436,+0.948
1695083400,+3.02,+16.505, +9.442,+0.947
1695083520,+3.02,+16.505, +9.422,+0.947
1695083640,+3.02,+16.488, +9.430,+0.947
1695083760,+3.02,+16.454, +9.442,+0.947
1695083880,+3.02,+16.445, +9.439,+0.947
1695084000,+3.02,+16.428, +9.446,+0.947
1695084120,+3.02,+16.403, +9.451,+0.947
1695084240,+3.02,+16.377, +9.458,+0.947
1695084360,+3.02,+16.343, +9.466,+0.947
1695084480,+3.02,+16.326, +9.466,+0.947
1695084600,+3.02,+16.301, +9.462,+0.947
1695084720,+3.02,+16.275, +9.474,+0.947
1695084840,+3.02,+16.249, +9.486,+0.947
1695084960,+3.02,+16.241, +9.479,+0.947
1695085080,+3.02,+16.207, +9.489,+0.947
1695085200,+3.02,+16.173, +9.511,+0.948
1695085320,+3.02,+16.147, +9.508,+0.947
1695085440,+3.02,+16.139, +9.505,+0.947
1695085560,+3.02,+16.139, +9.509,+0.947
1695085680,+3.02,+16.122, +9.500,+0.947
1695085800,+3.02,+16.104, +9.508,+0.947
1695085920,+3.02,+16.113, +9.507,+0.947
1695086040,+3.02,+16.087, +9.517,+0.948
1695086160,+3.02,+16.062, +9.528,+0.948
1695086280,+3.02,+16.070, +9.513,+0.947
1695086400,+3.02,+16.062, +9.511,+0.947
1695086520,+3.02,+16.028, +9.517,+0.947
1695086640,+3.02,+16.028, +9.531,+0.948
1695086760,+3.02,+16.011, +9.529,+0.947
1695086880,+3.02,+15.994, +9.540,+0.948
1695087000,+3.02,+15.985, +9.537,+0.948
1695087120,+3.02,+15.959, +9.536,+0.947
1695087240,+3.02,+15.951, +9.547,+0.948
1695087360,+3.02,+15.942, +9.544,+0.948
1695087480,+3.02,+15.891, +9.556,+0.947
1695087600,+3.02,+15.874, +9.561,+0.947
1695087720,+3.02,+15.865, +9.558,+0.947
1695087840,+3.02,+15.848, +9.561,+0.947
1695087960,+3.02,+15.865, +9.569,+0.948
1695088080,+3.02,+15.857, +9.560,+0.947
1695088200,+3.02,+15.874, +9.561,+0.948
1695088320,+3.02,+15.840, +9.567,+0.947
1695088440,+3.02,+15.823, +9.580,+0.948
1695088560,+3.02,+15.806, +9.586,+0.948
1695088680,+3.02,+15.797, +9.574,+0.947
1695088800,+3.02,+15.771, +9.576,+0.947
1695088920,+3.02,+15.754, +9.593,+0.948
1695089040,+3.02,+15.763, +9.581,+0.947
1695089160,+3.02,+15.737, +9.601,+0.948
1695089280,+3.02,+15.729, +9.587,+0.947
1695089400,+3.02,+15.677, +9.605,+0.947
1695089520,+3.02,+15.677, +9.618,+0.948
1695089640,+3.02,+15.643, +9.614,+0.947
1695089760,+3.02,+15.635, +9.613,+0.947
1695089880,+3.02,+15.609, +9.628,+0.948
1695090000,+3.02,+15.592, +9.619,+0.947
1695090120,+3.02,+15.558, +9.634,+0.947
1695090240,+3.02,+15.549, +9.633,+0.947
1695090360,+3.02,+15.549, +9.633,+0.948
1695090480,+3.02,+15.532, +9.633,+0.947
1695090600,+3.02,+15.498, +9.640,+0.947
1695090720,+3.02,+15.480, +9.643,+0.947
1695090840,+3.02,+15.446, +9.655,+0.947
1695090960,+3.02,+15.455, +9.648,+0.947
1695091080,+3.02,+15.420, +9.657,+0.947
1695091200,+3.02,+15.395, +9.670,+0.947
1695091320,+3.02,+15.360, +9.689,+0.948
1695091440,+3.02,+15.352, +9.684,+0.948
1695091560,+3.02,+15.309, +9.687,+0.947
1695091680,+3.02,+15.300, +9.685,+0.947
1695091800,+3.02,+15.275, +9.698,+0.947
1695091920,+3.02,+15.249, +9.695,+0.947
1695092040,+3.02,+15.214, +9.711,+0.947
1695092160,+3.02,+15.180, +9.708,+0.947
1695092280,+3.02,+15.163, +9.721,+0.948
1695092400,+3.02,+15.137, +9.718,+0.947
1695092520,+3.02,+15.120, +9.731,+0.947
1695092640,+3.02,+15.103, +9.725,+0.947
1695092760,+3.02,+15.068, +9.735,+0.947
1695092880,+3.02,+15.051, +9.743,+0.947
1695093000,+3.02,+15.025, +9.746,+0.947
1695093120,+3.02,+15.025, +9.742,+0.947
1695093240,+3.02,+15.000, +9.757,+0.947
1695093360,+3.02,+14.982, +9.744,+0.947
1695093480,+3.02,+14.982, +9.751,+0.947
1695093600,+3.02,+14.939, +9.762,+0.947
1695093720,+3.02,+14.948, +9.764,+0.948
1695093840,+3.02,+14.905, +9.777,+0.947
1695093960,+3.02,+14.888, +9.769,+0.947
1695094080,+3.02,+14.862, +9.778,+0.947
1695094200,+3.02,+14.845, +9.779,+0.947
1695094320,+3.02,+14.827, +9.787,+0.947
1695094440,+3.02,+14.801, +9.789,+0.947
1695094560,+3.02,+14.819, +9.790,+0.948
1695094680,+3.02,+14.801, +9.794,+0.947
1695094800,+3.02,+14.784, +9.787,+0.947
1695094920,+3.02,+14.767, +9.801,+0.947
1695095040,+3.02,+14.741, +9.813,+0.948
1695095160,+3.02,+14.715, +9.824,+0.948
1695095280,+3.02,+14.689, +9.820,+0.947
1695095400,+3.02,+14.663, +9.816,+0.947
1695095520,+3.02,+14.646, +9.817,+0.947
1695095640,+3.02,+14.629, +9.824,+0.947
1695095760,+3.02,+14.612, +9.832,+0.947
1695095880,+3.02,+14.577, +9.858,+0.948
1695096000,+3.02,+14.568, +9.842,+0.947
1695096120,+3.02,+14.525, +9.862,+0.947
1695096240,+3.02,+14.534, +9.846,+0.947
1695096360,+3.02,+14.517, +9.859,+0.947
1695096480,+3.02,+14.517, +9.844,+0.947
1695096600,+3.02,+14.482, +9.867,+0.947
1695096720,+3.02,+14.491, +9.862,+0.947
1695096840,+3.02,+14.473, +9.862,+0.947
1695096960,+3.02,+14.456, +9.863,+0.947
1695097080,+3.02,+14.456, +9.877,+0.948
1695097200,+3.02,+14.456, +9.869,+0.947
1695097320,+3.02,+14.456, +9.869,+0.947
1695097440,+3.02,+14.447, +9.874,+0.947
1695097560,+3.02,+14.447, +9.867,+0.947
1695097680,+3.02,+14.430, +9.874,+0.947
1695097800,+3.02,+14.413, +9.892,+0.948
1695097920,+3.02,+14.413, +9.884,+0.947
1695098040,+3.02,+14.421, +9.871,+0.947
1695098160,+3.02,+14.404, +9.884,+0.947
1695098280,+3.02,+14.421, +9.882,+0.947
1695098400,+3.02,+14.413, +9.873,+0.947
1695098520,+3.02,+14.421, +9.871,+0.947
1695098640,+3.02,+14.413, +9.884,+0.947
1695098760,+3.02,+14.404, +9.885,+0.947
1695098880,+3.02,+14.378, +9.895,+0.947
1695099000,+3.02,+14.369, +9.886,+0.947
1695099120,+3.02,+14.344, +9.895,+0.947
1695099240,+3.02,+14.318, +9.894,+0.946
1695099360,+3.02,+14.283, +9.904,+0.947
1695099480,+3.02,+14.222, +9.928,+0.947
1695099600,+3.02,+14.240, +9.923,+0.947
1695099720,+3.02,+14.196, +9.935,+0.947
1695099840,+3.02,+14.179, +9.928,+0.947
1695099960,+3.02,+14.144, +9.926,+0.946
1695100080,+3.02,+14.136, +9.946,+0.947
1695100200,+3.02,+14.109, +9.942,+0.947
1695100320,+3.02,+14.075, +9.958,+0.947
1695100440,+3.02,+14.083, +9.946,+0.947
1695100560,+3.02,+14.057, +9.954,+0.947
1695100680,+3.02,+14.040, +9.971,+0.947
1695100800,+3.02,+14.014, +9.977,+0.947
1695100920,+3.02,+14.005, +9.978,+0.947
1695101040,+3.02,+13.979, +9.980,+0.947
1695101160,+3.02,+13.997, +9.963,+0.947
1695101280,+3.02,+13.988, +9.963,+0.946
1695101400,+3.02,+13.979, +9.973,+0.947
1695101520,+3.02,+13.971, +9.986,+0.948
1695101640,+3.02,+13.953, +9.985,+0.947
1695101760,+3.02,+13.953, +9.967,+0.946
1695101880,+3.02,+13.953, +9.979,+0.947
1695102000,+3.02,+13.936, +9.998,+0.948
1695102120,+3.02,+13.936, +9.988,+0.947
1695102240,+3.02,+13.910, +9.993,+0.947
1695102360,+3.02,+13.910, +9.998,+0.947
1695102480,+3.02,+13.927,+10.001,+0.948
1695102600,+3.02,+13.910, +9.978,+0.947
1695102720,+3.02,+13.936, +9.993,+0.948
1695102840,+3.02,+13.918,+10.000,+0.948
1695102960,+3.02,+13.910,+10.002,+0.948
1695103080,+3.02,+13.918, +9.988,+0.947
1695103200,+3.02,+13.901,+10.012,+0.948
1695103320,+3.02,+13.901, +9.998,+0.947
1695103440,+3.02,+13.910, +9.996,+0.947
1695103560,+3.02,+13.884, +9.999,+0.948
1695103680,+3.02,+13.892, +9.999,+0.947
1695103800,+3.02,+13.857,+10.022,+0.948
1695103920,+3.02,+13.857,+10.011,+0.947
1695104040,+3.02,+13.849,+10.016,+0.947
1695104160,+3.02,+13.849,+10.005,+0.947
1695104280,+3.02,+13.840,+10.008,+0.947
1695104400,+3.02,+13.840,+10.016,+0.947
1695104520,+3.02,+13.840,+10.005,+0.947
1695104640,+3.02,+13.814,+10.017,+0.947
1695104760,+3.02,+13.814,+10.005,+0.946
1695104880,+3.03,+13.805,+10.026,+0.948
1695105000,+3.02,+13.797,+10.021,+0.947
1695105120,+3.02,+13.788,+10.021,+0.947
1695105240,+3.02,+13.797,+10.022,+0.948
1695105360,+3.02,+13.779,+10.025,+0.948
1695105480,+3.03,+13.762,+10.031,+0.948
1695105600,+3.02,+13.762,+10.017,+0.947
1695105720,+3.03,+13.736,+10.031,+0.947
1695105840,+3.03,+13.727,+10.044,+0.948
1695105960,+3.03,+13.753,+10.028,+0.947
1695106080,+3.03,+13.736,+10.038,+0.948
1695106200,+3.03,+13.727,+10.027,+0.947
1695106320,+3.03,+13.727,+10.036,+0.947
1695106440,+3.03,+13.727,+10.041,+0.948
1695106560,+3.03,+13.744,+10.030,+0.947
1695106680,+3.02,+13.744,+10.019,+0.947
1695106800,+3.02,+13.736,+10.047,+0.948
1695106920,+3.02,+13.762,+10.034,+0.948
1695107040,+3.02,+13.753,+10.027,+0.947
1695107160,+3.02,+13.788,+10.021,+0.948
1695107280,+3.03,+13.779,+10.026,+0.948
1695107400,+3.02,+13.770,+10.030,+0.948
1695107520,+3.02,+13.779,+10.026,+0.948
1695107640,+3.02,+13.788,+10.024,+0.948
1695107760,+3.02,+13.770,+10.031,+0.948
1695107880,+3.02,+13.770,+10.017,+0.947
1695108000,+3.03,+13.736,+10.033,+0.948
1695108120,+3.02,+13.770,+10.023,+0.948
1695108240,+3.02,+13.762,+10.017,+0.947
1695108360,+3.03,+13.762,+10.020,+0.947
1695108480,+3.03,+13.762,+10.015,+0.947
1695108600,+3.03,+13.744,+10.035,+0.948
1695108720,+3.02,+13.744,+10.029,+0.948
1695108840,+3.03,+13.727,+10.032,+0.948
1695108960,+3.02,+13.701,+10.042,+0.948
1695109080,+3.03,+13.709,+10.043,+0.948
1695109200,+3.03,+13.666,+10.051,+0.947
1695109320,+3.03,+13.675,+10.051,+0.947
1695109440,+3.03,+13.648,+10.054,+0.947
1695109560,+3.03,+13.648,+10.059,+0.947
1695109680,+3.03,+13.631,+10.057,+0.947
1695109800,+3.03,+13.631,+10.060,+0.948
1695109920,+3.03,+13.605,+10.063,+0.947
1695110040,+3.03,+13.587,+10.069,+0.947
1695110160,+3.03,+13.570,+10.076,+0.947
1695110280,+3.03,+13.570,+10.080,+0.947
1695110400,+3.03,+13.552,+10.070,+0.947
1695110520,+3.03,+13.526,+10.084,+0.947
1695110640,+3.02,+13.518,+10.081,+0.947
1695110760,+3.02,+13.518,+10.081,+0.947
1695110880,+3.02,+13.518,+10.086,+0.948
1695111000,+3.02,+13.518,+10.075,+0.947
1695111120,+3.02,+13.500,+10.088,+0.947
1695111240,+3.02,+13.518,+10.073,+0.947
1695111360,+3.02,+13.518,+10.083,+0.947
1695111480,+3.02,+13.518,+10.083,+0.947
1695111600,+3.02,+13.509,+10.089,+0.948
1695111720,+3.02,+13.518,+10.072,+0.947
1695111840,+3.02,+13.500,+10.082,+0.947
1695111960,+3.02,+13.474,+10.089,+0.947
1695112080,+3.02,+13.448,+10.096,+0.947
1695112200,+3.02,+13.430,+10.103,+0.947
1695112320,+3.02,+13.386,+10.117,+0.947
1695112440,+3.02,+13.378,+10.118,+0.947
1695112560,+3.02,+13.360,+10.122,+0.947
1695112680,+3.02,+13.308,+10.139,+0.947
1695112800,+3.02,+13.290,+10.151,+0.947
1695112920,+3.02,+13.281,+10.146,+0.947
1695113040,+3.02,+13.238,+10.162,+0.947
1695113160,+3.02,+13.229,+10.152,+0.947
1695113280,+3.02,+13.211,+10.163,+0.947
1695113400,+3.02,+13.194,+10.158,+0.946
1695113520,+3.02,+13.159,+10.174,+0.947
1695113640,+3.02,+13.141,+10.171,+0.947
1695113760,+3.02,+13.159,+10.171,+0.947
1695113880,+3.02,+13.115,+10.192,+0.948
1695114000,+3.02,+13.124,+10.173,+0.947
1695114120,+3.02,+13.124,+10.181,+0.947
1695114240,+3.02,+13.132,+10.165,+0.947
1695114360,+3.02,+13.106,+10.177,+0.947
1695114480,+3.02,+13.097,+10.182,+0.947
1695114600,+3.02,+13.089,+10.187,+0.947
1695114720,+3.02,+13.071,+10.185,+0.947
1695114840,+3.02,+13.062,+10.197,+0.947
1695114960,+3.02,+13.053,+10.193,+0.947
1695115080,+3.02,+13.027,+10.204,+0.947
1695115200,+3.02,+13.010,+10.210,+0.947
1695115320,+3.02,+12.992,+10.219,+0.947
1695115440,+3.02,+12.966,+10.227,+0.947
1695115560,+3.02,+12.966,+10.214,+0.947
1695115680,+3.02,+12.957,+10.217,+0.947
1695115800,+3.02,+12.957,+10.220,+0.947
1695115920,+3.02,+12.930,+10.227,+0.947
1695116040,+3.02,+12.930,+10.229,+0.947
1695116160,+3.02,+12.913,+10.229,+0.947
1695116280,+3.02,+12.922,+10.232,+0.947
1695116400,+3.02,+12.930,+10.214,+0.947
1695116520,+3.02,+12.913,+10.237,+0.947
1695116640,+3.02,+12.904,+10.230,+0.947
1695116760,+3.02,+12.895,+10.235,+0.947
1695116880,+3.02,+12.913,+10.220,+0.947
1695117000,+3.02,+12.913,+10.227,+0.947
1695117120,+3.02,+12.913,+10.230,+0.947
1695117240,+3.02,+12.895,+10.238,+0.947
1695117360,+3.02,+12.922,+10.226,+0.947
1695117480,+3.02,+12.904,+10.235,+0.948
1695117600,+3.02,+12.887,+10.243,+0.947
1695117720,+3.02,+12.904,+10.230,+0.947
1695117840,+3.02,+12.887,+10.225,+0.947
1695117960,+3.02,+12.887,+10.240,+0.947
1695118080,+3.02,+12.878,+10.242,+0.947
1695118200,+3.02,+12.878,+10.245,+0.947
1695118320,+3.02,+12.869,+10.240,+0.947
1695118440,+3.03,+12.843,+10.248,+0.947
1695118560,+3.02,+12.834,+10.254,+0.947
1695118680,+3.02,+12.851,+10.251,+0.947
1695118800,+3.02,+12.825,+10.250,+0.947
1695118920,+3.03,+12.790,+10.270,+0.947
1695119040,+3.03,+12.763,+10.275,+0.947
1695119160,+3.03,+12.763,+10.265,+0.947
1695119280,+3.03,+12.754,+10.272,+0.947
1695119400,+3.03,+12.737,+10.284,+0.947
1695119520,+3.03,+12.728,+10.276,+0.947
1695119640,+3.03,+12.719,+10.274,+0.946
1695119760,+3.03,+12.684,+10.289,+0.946
1695119880,+3.03,+12.693,+10.286,+0.947
1695120000,+3.03,+12.684,+10.286,+0.947
1695120120,+3.03,+12.666,+10.300,+0.947
1695120240,+3.03,+12.675,+10.292,+0.947
1695120360,+3.03,+12.684,+10.285,+0.947
1695120480,+3.03,+12.684,+10.296,+0.948
1695120600,+3.03,+12.658,+10.309,+0.948
1695120720,+3.03,+12.666,+10.300,+0.947
1695120840,+3.03,+12.675,+10.297,+0.948
1695120960,+3.03,+12.666,+10.296,+0.947
1695121080,+3.03,+12.693,+10.289,+0.947
1695121200,+3.03,+12.675,+10.289,+0.947
1695121320,+3.03,+12.684,+10.289,+0.947
1695121440,+3.03,+12.675,+10.300,+0.947
1695121560,+3.03,+12.666,+10.306,+0.948
1695121680,+3.03,+12.684,+10.292,+0.947
1695121800,+3.03,+12.684,+10.303,+0.948
1695121920,+3.03,+12.710,+10.287,+0.947
1695122040,+3.03,+12.719,+10.282,+0.947
1695122160,+3.03,+12.710,+10.285,+0.947
1695122280,+3.03,+12.719,+10.288,+0.947
1695122400,+3.03,+12.737,+10.280,+0.947
1695122520,+3.03,+12.728,+10.287,+0.947
1695122640,+3.03,+12.746,+10.281,+0.947
1695122760,+3.03,+12.763,+10.288,+0.948
1695122880,+3.03,+12.781,+10.269,+0.947
1695123000,+3.03,+12.790,+10.270,+0.947
1695123120,+3.03,+12.807,+10.280,+0.948
1695123240,+3.02,+12.843,+10.259,+0.947
1695123360,+3.03,+12.851,+10.266,+0.947
1695123480,+3.02,+12.878,+10.254,+0.947
1695123600,+3.02,+12.887,+10.252,+0.947
1695123720,+3.02,+12.922,+10.250,+0.948
1695123840,+3.02,+12.939,+10.247,+0.947
1695123960,+3.02,+12.974,+10.235,+0.947
1695124080,+3.02,+13.027,+10.204,+0.947
1695124200,+3.02,+13.045,+10.223,+0.948
1695124320,+3.02,+13.080,+10.201,+0.947
1695124440,+3.02,+13.106,+10.200,+0.947
1695124560,+3.02,+13.159,+10.186,+0.947
1695124680,+3.02,+13.185,+10.187,+0.948
1695124800,+3.02,+13.238,+10.179,+0.948
1695124920,+3.02,+13.255,+10.159,+0.947
1695125040,+3.02,+13.281,+10.170,+0.947
1695125160,+3.02,+13.325,+10.150,+0.947
1695125280,+3.02,+13.343,+10.149,+0.947
1695125400,+3.02,+13.404,+10.136,+0.947
1695125520,+3.02,+13.448,+10.131,+0.948
1695125640,+3.02,+13.500,+10.116,+0.947
1695125760,+3.03,+13.535,+10.109,+0.947
1695125880,+3.03,+13.605,+10.089,+0.947
1695126000,+3.03,+13.631,+10.089,+0.947
1695126120,+3.03,+13.692,+10.075,+0.947
1695126240,+3.03,+13.744,+10.062,+0.947
1695126360,+3.02,+13.823,+10.045,+0.947
1695126480,+3.02,+13.857,+10.041,+0.947
1695126600,+3.02,+13.910,+10.018,+0.947
1695126720,+3.02,+13.971,+10.016,+0.947
1695126840,+3.02,+14.031,+10.001,+0.948
1695126960,+3.02,+14.109, +9.984,+0.947
1695127080,+3.02,+14.144, +9.975,+0.947
1695127200,+3.02,+14.248, +9.953,+0.947
1695127320,+3.02,+14.309, +9.930,+0.947
1695127440,+3.02,+14.369, +9.927,+0.947
1695127560,+3.02,+14.465, +9.905,+0.947
1695127680,+3.02,+14.560, +9.890,+0.947
1695127800,+3.02,+14.629, +9.874,+0.947
1695127920,+3.02,+14.853, +9.838,+0.947
1695128040,+3.02,+15.000, +9.782,+0.947
1695128160,+3.02,+15.068, +9.774,+0.948
1695128280,+3.02,+15.137, +9.768,+0.947
1695128400,+3.02,+15.232, +9.735,+0.947
1695128520,+3.02,+15.300, +9.733,+0.948
1695128640,+3.02,+15.343, +9.721,+0.947
1695128760,+3.02,+15.378, +9.710,+0.947
1695128880,+3.02,+15.446, +9.698,+0.947
1695129000,+3.02,+15.506, +9.680,+0.947
1695129120,+3.02,+15.566, +9.680,+0.947
1695129240,+3.02,+15.643, +9.659,+0.947
1695129360,+3.02,+15.686, +9.653,+0.947
1695129480,+3.02,+15.754, +9.631,+0.947
1695129600,+3.02,+15.814, +9.615,+0.947
1695129720,+3.02,+15.865, +9.610,+0.947
1695129840,+3.02,+15.891, +9.597,+0.947
1695129960,+3.02,+15.976, +9.592,+0.947
1695130080,+3.02,+16.053, +9.570,+0.947
1695130200,+3.02,+16.122, +9.562,+0.947
1695130320,+3.02,+16.164, +9.544,+0.947
1695130440,+3.02,+16.224, +9.548,+0.947
1695130560,+3.02,+16.301, +9.531,+0.947
1695130680,+3.02,+16.343, +9.530,+0.947
1695130800,+3.02,+16.428, +9.504,+0.946
1695130920,+3.02,+16.488, +9.496,+0.946
1695131040,+3.02,+16.556, +9.487,+0.946
1695131160,+3.02,+16.615, +9.475,+0.946
1695131280,+3.02,+16.675, +9.471,+0.946
1695131400,+3.02,+16.743, +9.491,+0.946
1695131520,+3.02,+16.828, +9.446,+0.946
1695131640,+3.02,+16.904, +9.433,+0.946
1695131760,+3.02,+16.972, +9.428,+0.946
1695131880,+3.02,+17.429, +9.462,+0.947
1695132000,+3.02,+17.978, +9.255,+0.947
1695132120,+3.02,+18.062, +9.202,+0.947
1695132240,+3.02,+18.062, +9.203,+0.947
1695132360,+3.02,+18.037, +9.219,+0.947
1695132480,+3.02,+17.995, +9.254,+0.947
1695132600,+3.02,+17.944, +9.245,+0.946
1695132720,+3.02,+17.944, +9.240,+0.946
1695132840,+3.02,+18.146, +9.255,+0.947
1695132960,+3.02,+18.231, +9.202,+0.947
1695133080,+3.02,+18.323, +9.199,+0.947
1695133200,+3.02,+18.349, +9.167,+0.946
1695133320,+3.02,+18.340, +9.175,+0.947
1695133440,+3.02,+18.315, +9.202,+0.946
1695133560,+3.02,+18.323, +9.186,+0.945
1695133680,+3.02,+18.340, +9.169,+0.946
1695133800,+3.02,+18.357, +9.183,+0.946
1695133920,+3.02,+18.399, +9.222,+0.946
1695134040,+3.02,+18.408, +9.196,+0.947
1695134160,+3.02,+18.424, +9.179,+0.946
1695134280,+3.01,+18.466, +9.164,+0.946
1695134400,+3.01,+18.475, +9.198,+0.947
1695134520,+3.01,+18.517, +9.172,+0.947
1695134640,+3.01,+18.542, +9.170,+0.946
1695134760,+3.01,+18.618, +9.153,+0.947
1695134880,+3.01,+18.660, +9.149,+0.946
1695135000,+3.01,+18.702, +9.126,+0.946
1695135120,+3.01,+18.761, +9.139,+0.946
1695135240,+3.01,+18.803, +9.143,+0.946
1695135360,+3.01,+18.811, +9.137,+0.946
1695135480,+3.01,+18.870, +9.116,+0.946
1695135600,+3.01,+18.946, +9.120,+0.947
1695135720,+3.02,+19.038, +9.090,+0.947
1695135840,+3.02,+19.080, +9.084,+0.947
1695135960,+3.02,+19.139, +9.072,+0.946
1695136080,+3.02,+19.164, +9.060,+0.947
1695136200,+3.02,+19.231, +9.060,+0.947
1695136320,+3.02,+19.281, +9.040,+0.947
1695136440,+3.02,+19.365, +9.046,+0.947
1695136560,+3.01,+19.407, +9.023,+0.946
1695136680,+3.01,+19.491, +9.028,+0.947
1695136800,+3.01,+19.550, +9.028,+0.947
1695136920,+3.01,+19.676, +9.010,+0.947
1695137040,+3.01,+19.801, +8.963,+0.947
1695137160,+3.01,+19.960, +8.951,+0.947
1695137280,+3.02,+20.203, +8.930,+0.948
1695137400,+3.01,+20.597, +8.997,+0.948
1695137520,+3.01,+21.048, +8.876,+0.948
1695137640,+3.01,+21.107, +8.807,+0.948
1695137760,+3.01,+21.023, +8.813,+0.947
1695137880,+3.01,+21.007, +8.793,+0.947
1695138000,+3.01,+20.998, +8.808,+0.948
1695138120,+3.01,+21.517, +8.852,+0.950
1695138240,+3.01,+22.044, +8.698,+0.949
1695138360,+3.01,+22.353, +8.729,+0.951
1695138480,+3.01,+23.894, +8.731,+0.954
1695138600,+3.01,+24.792, +8.420,+0.952
1695138720,+3.01,+24.876, +8.358,+0.952
1695138840,+3.01,+24.868, +8.265,+0.951
1695138960,+3.01,+24.565, +8.329,+0.951
1695139080,+3.00,+24.103, +8.388,+0.950
1695139200,+3.01,+23.852, +8.396,+0.950
1695139320,+3.01,+23.592, +8.419,+0.949
1695139440,+3.01,+23.315, +8.445,+0.949
1695139560,+3.00,+23.064, +8.497,+0.949
1695139680,+3.01,+22.947, +8.520,+0.949
1695139800,+3.01,+22.671, +8.564,+0.948
1695139920,+3.01,+22.529, +8.605,+0.948
1695140040,+3.01,+22.529, +8.612,+0.949
1695140160,+3.01,+22.403, +8.572,+0.948
1695140280,+3.01,+22.361, +8.616,+0.948
1695140400,+3.01,+22.286, +8.618,+0.947
1695140520,+3.01,+22.219, +8.672,+0.948
1695140640,+3.01,+22.135, +8.645,+0.948
1695140760,+3.01,+22.077, +8.647,+0.947
1695140880,+3.01,+22.044, +8.666,+0.947
1695141000,+3.01,+22.035, +8.650,+0.948
1695141120,+3.01,+21.993, +8.669,+0.947
1695141240,+3.01,+22.002, +8.651,+0.948
1695141360,+3.01,+21.960, +8.684,+0.947
1695141480,+3.01,+21.977, +8.670,+0.948
1695141600,+3.01,+22.027, +8.701,+0.948
1695141720,+3.01,+22.044, +8.697,+0.948
1695141840,+3.01,+22.119, +8.659,+0.947
1695141960,+3.01,+22.085, +8.654,+0.947
1695142080,+3.01,+22.119, +8.624,+0.948
1695142200,+3.01,+22.152, +8.645,+0.948
1695142320,+3.01,+22.378, +8.773,+0.949
1695142440,+3.00,+23.073, +8.608,+0.949
1695142560,+3.01,+23.382, +8.565,+0.949
1695142680,+3.01,+23.232, +8.500,+0.949
1695142800,+3.01,+23.031, +8.550,+0.949
1695142920,+3.01,+22.939, +8.536,+0.948
1695143040,+3.01,+22.855, +8.551,+0.948
1695143160,+3.01,+22.838, +8.546,+0.948
1695143280,+3.01,+22.897, +8.523,+0.949
1695143400,+3.01,+22.872, +8.585,+0.949
1695143520,+3.01,+22.830, +8.550,+0.948
1695143640,+3.01,+22.713, +8.538,+0.948
1695143760,+3.01,+22.746, +8.599,+0.948
1695143880,+3.01,+22.729, +8.595,+0.948
1695144000,+3.01,+22.738, +8.583,+0.948
1695144120,+3.01,+22.729, +8.565,+0.949
1695144240,+3.01,+22.621, +8.554,+0.948
1695144360,+3.01,+22.512, +8.558,+0.947
1695144480,+3.01,+22.395, +8.614,+0.948
1695144600,+3.01,+22.378, +8.617,+0.947
1695144720,+3.01,+22.353, +8.596,+0.948
1695144840,+3.01,+22.303, +8.609,+0.948
1695144960,+3.01,+22.194, +8.636,+0.948
1695145080,+3.01,+22.202, +8.691,+0.948
1695145200,+3.01,+22.119, +8.630,+0.947
1695145320,+3.01,+22.002, +8.644,+0.948
1695145440,+3.01,+22.094, +8.664,+0.948
1695145560,+3.01,+22.127, +8.648,+0.948
1695145680,+3.01,+22.035, +8.642,+0.947
1695145800,+3.01,+22.018, +8.658,+0.948
1695145920,+3.01,+21.926, +8.657,+0.947
1695146040,+3.01,+21.893, +8.708,+0.948
1695146160,+3.01,+21.826, +8.694,+0.947
1695146280,+3.01,+21.834, +8.691,+0.947
1695146400,+3.01,+21.876, +8.663,+0.948
1695146520,+3.01,+21.876, +8.685,+0.948
1695146640,+3.01,+21.968, +8.671,+0.948
1695146760,+3.01,+21.977, +8.678,+0.947
1695146880,+3.01,+21.901, +8.686,+0.948
1695147000,+3.01,+21.918, +8.665,+0.947
1695147120,+3.01,+21.885, +8.703,+0.948
1695147240,+3.01,+21.910, +8.733,+0.948
1695147360,+3.01,+22.236, +8.622,+0.948
1695147480,+3.01,+22.880, +8.613,+0.950
1695147600,+3.01,+22.897, +8.553,+0.949
1695147720,+3.01,+22.721, +8.566,+0.948
1695147840,+3.01,+22.520, +8.624,+0.948
1695147960,+3.01,+22.529, +8.588,+0.949
1695148080,+3.01,+22.579, +8.605,+0.949
1695148200,+3.01,+22.562, +8.585,+0.949
1695148320,+3.01,+22.504, +8.615,+0.948
1695148440,+3.01,+22.462, +8.633,+0.948
1695148560,+3.01,+22.914, +8.641,+0.949
1695148680,+3.01,+22.888, +8.606,+0.948
1695148800,+3.01,+23.207, +8.648,+0.950
1695148920,+3.01,+23.709, +8.487,+0.950
1695149040,+3.01,+23.575, +8.473,+0.950
1695149160,+3.01,+23.274, +8.473,+0.949
1695149280,+3.00,+23.140, +8.551,+0.949
1695149400,+3.01,+23.022, +8.519,+0.949
1695149520,+3.01,+22.981, +8.563,+0.948
1695149640,+3.01,+22.897, +8.545,+0.949
1695149760,+3.01,+22.746, +8.550,+0.948
1695149880,+3.01,+22.671, +8.533,+0.948
1695150000,+3.01,+22.596, +8.569,+0.948
1695150120,+3.01,+22.596, +8.553,+0.948
1695150240,+3.01,+22.562, +8.577,+0.949
1695150360,+3.01,+22.520, +8.601,+0.948
1695150480,+3.01,+22.654, +8.557,+0.949
1695150600,+3.01,+22.579, +8.581,+0.948
1695150720,+3.01,+22.495, +8.643,+0.948
1695150840,+3.01,+22.470, +8.601,+0.948
1695150960,+3.01,+22.529, +8.613,+0.948
1695151080,+3.01,+22.470, +8.621,+0.948
1695151200,+3.01,+22.370, +8.629,+0.948
1695151320,+3.01,+22.353, +8.619,+0.948
1695151440,+3.01,+22.311, +8.607,+0.948
1695151560,+3.01,+22.219, +8.657,+0.948
1695151680,+3.01,+22.119, +8.623,+0.947
1695151800,+3.01,+22.085, +8.638,+0.947
1695151920,+3.01,+22.018, +8.637,+0.947
1695152040,+3.01,+21.993, +8.659,+0.948
1695152160,+3.01,+21.993, +8.650,+0.947
1695152280,+3.01,+21.960, +8.658,+0.948
1695152400,+3.01,+21.952, +8.648,+0.947
1695152520,+3.01,+21.960, +8.695,+0.948
1695152640,+3.01,+21.943, +8.655,+0.948
1695152760,+3.01,+21.935, +8.646,+0.947
1695152880,+3.01,+21.901, +8.715,+0.948
1695153000,+3.01,+21.918, +8.651,+0.948
1695153120,+3.01,+21.910, +8.642,+0.947
1695153240,+3.01,+21.918, +8.679,+0.947
1695153360,+3.01,+21.893, +8.651,+0.948
1695153480,+3.01,+21.851, +8.687,+0.948
1695153600,+3.01,+21.868, +8.676,+0.948
1695153720,+3.01,+21.885, +8.660,+0.948
1695153840,+3.01,+21.826, +8.670,+0.948
1695153960,+3.01,+21.801, +8.746,+0.947
1695154080,+3.01,+21.776, +8.678,+0.947
1695154200,+3.01,+21.759, +8.670,+0.947
1695154320,+3.01,+21.717, +8.692,+0.948
1695154440,+3.01,+21.742, +8.736,+0.947
1695154560,+3.01,+21.784, +8.671,+0.947
1695154680,+3.01,+21.809, +8.671,+0.947
1695154800,+3.01,+21.818, +8.743,+0.947
1695154920,+3.01,+21.826, +8.669,+0.948
1695155040,+3.01,+21.759, +8.681,+0.947
1695155160,+3.01,+21.734, +8.675,+0.948
1695155280,+3.01,+21.692, +8.694,+0.947
1695155400,+3.01,+21.659, +8.704,+0.948
1695155520,+3.01,+21.642, +8.708,+0.947
1695155640,+3.01,+21.558, +8.708,+0.947
1695155760,+3.01,+21.542, +8.711,+0.947
1695155880,+3.01,+21.475, +8.711,+0.947
1695156000,+3.01,+21.441, +8.727,+0.947
1695156120,+3.01,+21.391, +8.714,+0.947
1695156240,+3.01,+21.349, +8.719,+0.947
1695156360,+3.01,+21.291, +8.724,+0.948
1695156480,+3.01,+21.249, +8.728,+0.947
1695156600,+3.01,+21.182, +8.797,+0.947
1695156720,+3.01,+21.149, +8.765,+0.947
1695156840,+3.01,+21.082, +8.786,+0.947
1695156960,+3.01,+21.032, +8.793,+0.947
1695157080,+3.01,+20.990, +8.790,+0.947
1695157200,+3.01,+20.956, +8.784,+0.947
1695157320,+3.01,+20.915, +8.797,+0.947
1695157440,+3.01,+20.873, +8.815,+0.947
1695157560,+3.01,+20.831, +8.802,+0.947
1695157680,+3.01,+20.831, +8.802,+0.947
1695157800,+3.01,+20.781, +8.818,+0.947
1695157920,+3.01,+20.739, +8.816,+0.947
1695158040,+3.01,+20.697, +8.828,+0.947
1695158160,+3.01,+20.622, +8.852,+0.947
1695158280,+3.01,+20.605, +8.843,+0.947
1695158400,+3.01,+20.572, +8.839,+0.947
1695158520,+3.01,+20.521, +8.840,+0.947
1695158640,+3.01,+20.488, +8.847,+0.947
1695158760,+3.01,+20.446, +8.866,+0.947
1695158880,+3.01,+20.404, +8.859,+0.947
1695159000,+3.01,+20.371, +8.866,+0.947
1695159120,+3.01,+20.312, +8.881,+0.947
1695159240,+3.01,+20.270, +8.928,+0.947
1695159360,+3.01,+20.220, +8.910,+0.947
1695159480,+3.01,+20.187, +8.895,+0.947
1695159600,+3.01,+20.136, +8.909,+0.947
1695159720,+3.02,+20.103, +8.901,+0.946
1695159840,+3.01,+20.078, +8.920,+0.947
1695159960,+3.01,+20.019, +8.932,+0.947
1695160080,+3.01,+19.969, +8.938,+0.947
1695160200,+3.01,+19.919, +8.932,+0.947
1695160320,+3.01,+19.885, +8.930,+0.947
1695160440,+3.01,+19.818, +8.959,+0.947
1695160560,+3.01,+19.784, +8.958,+0.947
1695160680,+3.01,+19.726, +8.976,+0.947
1695160800,+3.01,+19.692, +8.974,+0.947
1695160920,+3.01,+19.667, +8.968,+0.947
1695161040,+3.01,+19.600, +8.982,+0.947
1695161160,+3.01,+19.550, +8.983,+0.947
1695161280,+3.01,+19.491, +8.998,+0.947
1695161400,+3.01,+19.441, +9.005,+0.946
1695161520,+3.01,+19.390, +9.036,+0.947
1695161640,+3.01,+19.374, +9.026,+0.947
1695161760,+3.02,+19.290, +9.039,+0.947
1695161880,+3.02,+19.248, +9.036,+0.946
1695162000,+3.02,+19.197, +9.042,+0.947
1695162120,+3.02,+19.139, +9.061,+0.947
1695162240,+3.02,+19.114, +9.048,+0.946
1695162360,+3.02,+19.055, +9.077,+0.946
1695162480,+3.02,+18.988, +9.098,+0.947
1695162600,+3.01,+18.937, +9.100,+0.947
1695162720,+3.01,+18.887, +9.120,+0.947
1695162840,+3.01,+18.845, +9.115,+0.947
1695162960,+3.01,+18.778, +9.135,+0.947
1695163080,+3.01,+18.727, +9.139,+0.947
1695163200,+3.01,+18.668, +9.140,+0.946
1695163320,+3.01,+18.609, +9.162,+0.947
1695163440,+3.01,+18.551, +9.157,+0.947
1695163560,+3.01,+18.508, +9.171,+0.947
1695163680,+3.01,+18.441, +9.186,+0.946
1695163800,+3.02,+18.391, +9.196,+0.947
1695163920,+3.02,+18.340, +9.202,+0.946
1695164040,+3.02,+18.256, +9.222,+0.946
1695164160,+3.02,+18.197, +9.233,+0.946
1695164280,+3.02,+18.146, +9.234,+0.947
1695164400,+3.02,+18.087, +9.248,+0.947
1695164520,+3.02,+18.028, +9.253,+0.946
1695164640,+3.02,+17.969, +9.280,+0.946
1695164760,+3.02,+17.910, +9.279,+0.947
1695164880,+3.02,+17.860, +9.283,+0.946
1695165000,+3.01,+17.809, +9.292,+0.947
1695165120,+3.01,+17.733, +9.297,+0.946
1695165240,+3.01,+17.683, +9.315,+0.947
