7450-401396
OS REV: 1.05 Sensor Cal: 1618512290
Time (sec),  BV (Volts),  T (deg C),  DO (mg/l),  Q ()
1683485160,+3.14,+15.840, +5.107,+0.963
1683485280,+3.14,+15.848, +5.094,+0.963
1683485400,+3.14,+15.848, +5.093,+0.963
1683485520,+3.14,+15.891, +5.071,+0.963
1683485640,+3.14,+15.891, +5.068,+0.963
1683485760,+3.14,+15.900, +5.072,+0.963
1683485880,+3.14,+15.925, +5.074,+0.963
1683486000,+3.14,+15.951, +5.067,+0.963
1683486120,+3.14,+15.976, +5.059,+0.963
1683486240,+3.14,+15.985, +5.067,+0.963
1683486360,+3.14,+15.994, +5.071,+0.963
1683486480,+3.13,+16.011, +5.067,+0.963
1683486600,+3.14,+16.028, +5.083,+0.963
1683486720,+3.14,+16.045, +5.070,+0.963
1683486840,+3.13,+16.036, +5.065,+0.963
1683486960,+3.14,+16.053, +5.059,+0.963
1683487080,+3.13,+16.053, +5.044,+0.963
1683487200,+3.13,+16.096, +5.043,+0.963
1683487320,+3.13,+16.104, +5.029,+0.963
1683487440,+3.13,+16.113, +5.025,+0.963
1683487560,+3.13,+16.113, +5.018,+0.963
1683487680,+3.13,+16.139, +5.014,+0.963
1683487800,+3.13,+16.139, +5.015,+0.963
1683487920,+3.13,+16.147, +5.019,+0.963
1683488040,+3.13,+16.173, +5.009,+0.963
1683488160,+3.13,+16.164, +5.001,+0.963
1683488280,+3.13,+16.173, +5.006,+0.963
1683488400,+3.13,+16.190, +5.000,+0.963
1683488520,+3.13,+16.215, +5.002,+0.963
1683488640,+3.13,+16.224, +4.998,+0.963
1683488760,+3.13,+16.241, +4.996,+0.963
1683488880,+3.13,+16.249, +4.999,+0.963
1683489000,+3.13,+16.266, +5.000,+0.963
1683489120,+3.13,+16.266, +4.997,+0.963
1683489240,+3.13,+16.275, +5.009,+0.963
1683489360,+3.13,+16.292, +4.996,+0.963
1683489480,+3.13,+16.301, +4.994,+0.964
1683489600,+3.13,+16.318, +4.984,+0.963
1683489720,+3.13,+16.326, +4.987,+0.963
1683489840,+3.13,+16.343, +4.973,+0.963
1683489960,+3.13,+16.352, +4.979,+0.963
1683490080,+3.13,+16.360, +4.982,+0.963
1683490200,+3.13,+16.369, +4.984,+0.963
1683490320,+3.13,+16.369, +4.986,+0.963
1683490440,+3.13,+16.394, +4.982,+0.963
1683490560,+3.13,+16.394, +4.990,+0.963
1683490680,+3.13,+16.411, +4.969,+0.963
1683490800,+3.13,+16.420, +4.965,+0.963
1683490920,+3.13,+16.462, +4.974,+0.963
1683491040,+3.13,+16.445, +5.003,+0.963
1683491160,+3.13,+16.471, +4.999,+0.963
1683491280,+3.13,+16.462, +4.994,+0.963
1683491400,+3.13,+16.454, +4.968,+0.963
1683491520,+3.13,+16.488, +4.989,+0.963
1683491640,+3.13,+16.496, +4.990,+0.963
1683491760,+3.13,+16.513, +4.966,+0.963
1683491880,+3.13,+16.513, +4.966,+0.964
1683492000,+3.13,+16.530, +4.965,+0.963
1683492120,+3.13,+16.530, +4.967,+0.963
1683492240,+3.13,+16.556, +4.967,+0.964
1683492360,+3.13,+16.547, +4.949,+0.963
1683492480,+3.13,+16.556, +4.957,+0.963
1683492600,+3.13,+16.564, +4.946,+0.963
1683492720,+3.13,+16.573, +4.941,+0.963
1683492840,+3.13,+16.590, +4.925,+0.963
1683492960,+3.13,+16.590, +4.933,+0.963
1683493080,+3.13,+16.598, +4.931,+0.963
1683493200,+3.13,+16.607, +4.923,+0.963
1683493320,+3.13,+16.615, +4.930,+0.963
1683493440,+3.13,+16.615, +4.937,+0.963
1683493560,+3.13,+16.624, +4.919,+0.963
1683493680,+3.13,+16.641, +4.928,+0.963
1683493800,+3.13,+16.641, +4.945,+0.963
1683493920,+3.13,+16.649, +4.950,+0.963
1683494040,+3.13,+16.649, +4.972,+0.963
1683494160,+3.13,+16.658, +4.974,+0.963
1683494280,+3.13,+16.666, +4.960,+0.963
1683494400,+3.13,+16.683, +4.970,+0.963
1683494520,+3.13,+16.692, +4.970,+0.963
1683494640,+3.13,+16.700, +4.948,+0.963
1683494760,+3.13,+16.700, +4.909,+0.963
1683494880,+3.13,+16.709, +4.859,+0.963
1683495000,+3.13,+16.700, +4.844,+0.963
1683495120,+3.13,+16.734, +4.837,+0.963
1683495240,+3.13,+16.717, +4.858,+0.963
1683495360,+3.13,+16.717, +4.869,+0.963
1683495480,+3.13,+16.734, +4.876,+0.963
1683495600,+3.13,+16.717, +4.868,+0.963
1683495720,+3.13,+16.743, +4.881,+0.964
1683495840,+3.13,+16.743, +4.887,+0.963
1683495960,+3.13,+16.751, +4.889,+0.963
1683496080,+3.13,+16.743, +4.903,+0.963
1683496200,+3.13,+16.768, +4.899,+0.963
1683496320,+3.13,+16.743, +4.914,+0.963
1683496440,+3.13,+16.760, +4.926,+0.963
1683496560,+3.13,+16.768, +4.930,+0.963
1683496680,+3.13,+16.768, +4.942,+0.963
1683496800,+3.13,+16.777, +4.947,+0.963
1683496920,+3.13,+16.768, +4.947,+0.963
1683497040,+3.13,+16.768, +4.994,+0.963
1683497160,+3.13,+16.794, +5.085,+0.963
1683497280,+3.13,+16.794, +5.132,+0.963
1683497400,+3.13,+16.802, +5.150,+0.964
1683497520,+3.13,+16.785, +5.158,+0.963
1683497640,+3.13,+16.777, +5.153,+0.963
1683497760,+3.13,+16.819, +5.148,+0.963
1683497880,+3.13,+16.802, +5.148,+0.963
1683498000,+3.13,+16.819, +5.154,+0.963
1683498120,+3.13,+16.828, +5.163,+0.963
1683498240,+3.13,+16.819, +5.178,+0.963
1683498360,+3.13,+16.828, +5.178,+0.963
1683498480,+3.13,+16.819, +5.188,+0.963
1683498600,+3.13,+16.802, +5.198,+0.963
1683498720,+3.13,+16.836, +5.205,+0.963
1683498840,+3.13,+16.828, +5.215,+0.963
1683498960,+3.13,+16.845, +5.217,+0.963
1683499080,+3.13,+16.828, +5.223,+0.963
1683499200,+3.13,+16.836, +5.216,+0.963
1683499320,+3.13,+16.853, +5.208,+0.963
1683499440,+3.13,+16.845, +5.207,+0.963
1683499560,+3.13,+16.828, +5.212,+0.963
1683499680,+3.13,+16.853, +5.206,+0.963
1683499800,+3.13,+16.845, +5.197,+0.963
1683499920,+3.13,+16.845, +5.189,+0.963
1683500040,+3.14,+16.853, +5.184,+0.963
1683500160,+3.14,+16.862, +5.180,+0.963
1683500280,+3.13,+16.870, +5.176,+0.963
1683500400,+3.13,+16.853, +5.176,+0.963
1683500520,+3.13,+16.862, +5.177,+0.964
1683500640,+3.13,+16.853, +5.170,+0.963
1683500760,+3.13,+16.870, +5.167,+0.963
1683500880,+3.13,+16.862, +5.165,+0.963
1683501000,+3.13,+16.862, +5.168,+0.963
1683501120,+3.13,+16.853, +5.171,+0.963
1683501240,+3.13,+16.862, +5.177,+0.963
1683501360,+3.13,+16.870, +5.171,+0.963
1683501480,+3.13,+16.862, +5.179,+0.964
1683501600,+3.13,+16.895, +5.164,+0.963
1683501720,+3.13,+16.887, +5.170,+0.963
1683501840,+3.13,+16.870, +5.176,+0.963
1683501960,+3.13,+16.887, +5.174,+0.963
1683502080,+3.13,+16.887, +5.172,+0.963
1683502200,+3.13,+16.887, +5.166,+0.963
1683502320,+3.13,+16.887, +5.166,+0.963
1683502440,+3.13,+16.878, +5.158,+0.963
1683502560,+3.13,+16.870, +5.151,+0.963
1683502680,+3.13,+16.878, +5.133,+0.963
1683502800,+3.13,+16.870, +5.039,+0.963
1683502920,+3.13,+16.887, +4.951,+0.963
1683503040,+3.13,+16.870, +4.934,+0.963
1683503160,+3.13,+16.878, +4.899,+0.963
1683503280,+3.13,+16.878, +4.918,+0.963
1683503400,+3.13,+16.895, +4.945,+0.963
1683503520,+3.13,+16.887, +4.970,+0.963
1683503640,+3.13,+16.895, +4.986,+0.963
1683503760,+3.13,+16.878, +5.008,+0.963
1683503880,+3.13,+16.912, +5.013,+0.963
1683504000,+3.13,+16.887, +5.040,+0.963
1683504120,+3.13,+16.887, +5.051,+0.963
1683504240,+3.13,+16.878, +5.063,+0.963
1683504360,+3.13,+16.878, +5.073,+0.963
1683504480,+3.13,+16.895, +5.067,+0.963
1683504600,+3.13,+16.887, +5.078,+0.964
1683504720,+3.14,+16.887, +5.064,+0.963
1683504840,+3.14,+16.878, +5.065,+0.964
1683504960,+3.13,+16.887, +5.043,+0.963
1683505080,+3.13,+16.904, +5.029,+0.963
1683505200,+3.13,+16.895, +5.021,+0.963
1683505320,+3.13,+16.878, +4.982,+0.964
1683505440,+3.13,+16.878, +4.947,+0.963
1683505560,+3.13,+16.870, +4.949,+0.963
1683505680,+3.13,+16.887, +4.956,+0.964
1683505800,+3.13,+16.878, +4.958,+0.964
1683505920,+3.13,+16.870, +4.960,+0.964
1683506040,+3.13,+16.887, +4.948,+0.964
1683506160,+3.13,+16.887, +4.952,+0.964
1683506280,+3.13,+16.870, +4.946,+0.963
1683506400,+3.13,+16.870, +4.937,+0.963
1683506520,+3.14,+16.878, +4.922,+0.963
1683506640,+3.13,+16.853, +4.913,+0.963
1683506760,+3.13,+16.887, +4.885,+0.963
1683506880,+3.13,+16.862, +4.892,+0.964
1683507000,+3.13,+16.853, +4.879,+0.964
1683507120,+3.13,+16.878, +4.858,+0.963
1683507240,+3.13,+16.870, +4.862,+0.964
1683507360,+3.13,+16.878, +4.878,+0.963
1683507480,+3.13,+16.870, +4.964,+0.964
1683507600,+3.13,+16.870, +5.008,+0.963
1683507720,+3.13,+16.862, +5.045,+0.963
1683507840,+3.13,+16.870, +5.068,+0.963
1683507960,+3.13,+16.853, +5.093,+0.963
1683508080,+3.13,+16.836, +5.114,+0.964
1683508200,+3.13,+16.845, +5.115,+0.963
1683508320,+3.13,+16.845, +5.121,+0.963
1683508440,+3.13,+16.836, +5.134,+0.963
1683508560,+3.13,+16.862, +5.130,+0.963
1683508680,+3.13,+16.828, +5.139,+0.963
1683508800,+3.13,+16.836, +5.145,+0.963
1683508920,+3.13,+16.845, +5.139,+0.964
1683509040,+3.13,+16.836, +5.124,+0.964
1683509160,+3.13,+16.828, +5.110,+0.963
1683509280,+3.13,+16.836, +5.099,+0.963
1683509400,+3.13,+16.828, +5.101,+0.963
1683509520,+3.13,+16.853, +5.090,+0.963
1683509640,+3.13,+16.828, +5.089,+0.963
1683509760,+3.13,+16.802, +5.094,+0.963
1683509880,+3.13,+16.828, +5.090,+0.963
1683510000,+3.13,+16.794, +5.117,+0.963
1683510120,+3.13,+16.828, +5.113,+0.963
1683510240,+3.13,+16.828, +5.113,+0.963
1683510360,+3.13,+16.819, +5.111,+0.963
1683510480,+3.13,+16.819, +5.103,+0.963
1683510600,+3.13,+16.811, +5.099,+0.963
1683510720,+3.13,+16.819, +5.088,+0.963
1683510840,+3.13,+16.836, +5.062,+0.964
1683510960,+3.13,+16.819, +5.074,+0.963
1683511080,+3.13,+16.811, +5.091,+0.963
1683511200,+3.13,+16.802, +5.094,+0.963
1683511320,+3.13,+16.794, +5.098,+0.963
1683511440,+3.13,+16.785, +5.005,+0.964
1683511560,+3.13,+16.802, +5.039,+0.963
1683511680,+3.13,+16.785, +5.046,+0.963
1683511800,+3.13,+16.785, +5.043,+0.963
1683511920,+3.13,+16.785, +5.035,+0.963
1683512040,+3.13,+16.785, +5.027,+0.963
1683512160,+3.13,+16.785, +5.024,+0.963
1683512280,+3.13,+16.768, +5.027,+0.963
1683512400,+3.13,+16.785, +5.024,+0.964
1683512520,+3.13,+16.768, +5.025,+0.963
1683512640,+3.13,+16.777, +5.027,+0.964
1683512760,+3.13,+16.743, +5.035,+0.963
1683512880,+3.13,+16.760, +5.038,+0.964
1683513000,+3.13,+16.768, +5.051,+0.964
1683513120,+3.13,+16.768, +5.048,+0.963
1683513240,+3.13,+16.760, +5.063,+0.964
1683513360,+3.13,+16.760, +5.080,+0.964
1683513480,+3.13,+16.743, +5.085,+0.963
1683513600,+3.13,+16.751, +5.094,+0.963
1683513720,+3.13,+16.734, +5.113,+0.963
1683513840,+3.13,+16.743, +5.111,+0.963
1683513960,+3.13,+16.734, +5.123,+0.963
1683514080,+3.13,+16.734, +5.136,+0.963
1683514200,+3.13,+16.743, +5.145,+0.964
1683514320,+3.13,+16.726, +5.150,+0.964
1683514440,+3.13,+16.726, +5.143,+0.963
1683514560,+3.13,+16.726, +5.144,+0.963
1683514680,+3.13,+16.709, +5.144,+0.963
1683514800,+3.13,+16.717, +5.149,+0.963
1683514920,+3.13,+16.717, +5.151,+0.963
1683515040,+3.13,+16.709, +5.150,+0.964
1683515160,+3.13,+16.700, +5.150,+0.963
1683515280,+3.13,+16.709, +5.157,+0.963
1683515400,+3.13,+16.692, +5.165,+0.963
1683515520,+3.13,+16.700, +5.170,+0.964
1683515640,+3.13,+16.683, +5.175,+0.963
1683515760,+3.13,+16.692, +5.169,+0.963
1683515880,+3.13,+16.675, +5.159,+0.964
1683516000,+3.13,+16.675, +5.169,+0.963
1683516120,+3.13,+16.658, +5.183,+0.963
1683516240,+3.13,+16.675, +5.181,+0.963
1683516360,+3.13,+16.683, +5.190,+0.964
1683516480,+3.13,+16.658, +5.192,+0.964
1683516600,+3.13,+16.666, +5.198,+0.963
1683516720,+3.13,+16.675, +5.207,+0.963
1683516840,+3.13,+16.649, +5.216,+0.964
1683516960,+3.13,+16.700, +5.675,+0.963
1683517080,+3.13,+16.683, +5.930,+0.963
1683517200,+3.13,+16.624, +5.961,+0.963
1683517320,+3.13,+16.649, +5.917,+0.963
1683517440,+3.13,+16.624, +5.901,+0.963
1683517560,+3.13,+16.615, +5.863,+0.963
1683517680,+3.13,+16.607, +5.836,+0.963
1683517800,+3.13,+16.615, +5.835,+0.963
1683517920,+3.13,+16.607, +5.849,+0.963
1683518040,+3.13,+16.607, +5.842,+0.963
1683518160,+3.13,+16.598, +5.842,+0.963
1683518280,+3.13,+16.598, +5.724,+0.963
1683518400,+3.13,+16.598, +5.695,+0.963
1683518520,+3.13,+16.598, +5.670,+0.963
1683518640,+3.13,+16.590, +5.671,+0.963
1683518760,+3.13,+16.590, +5.680,+0.963
1683518880,+3.13,+16.573, +5.679,+0.963
1683519000,+3.13,+16.573, +5.688,+0.963
1683519120,+3.13,+16.581, +5.702,+0.963
1683519240,+3.13,+16.573, +5.717,+0.963
1683519360,+3.13,+16.530, +5.751,+0.963
1683519480,+3.13,+16.547, +5.809,+0.963
1683519600,+3.13,+16.547, +5.857,+0.963
1683519720,+3.13,+16.556, +5.878,+0.963
1683519840,+3.13,+16.539, +5.901,+0.963
1683519960,+3.13,+16.530, +5.909,+0.963
1683520080,+3.13,+16.539, +5.904,+0.963
1683520200,+3.13,+16.530, +5.904,+0.963
1683520320,+3.13,+16.539, +5.908,+0.963
1683520440,+3.13,+16.530, +5.908,+0.963
1683520560,+3.13,+16.530, +5.922,+0.963
1683520680,+3.13,+16.505, +5.936,+0.963
1683520800,+3.13,+16.505, +5.944,+0.962
1683520920,+3.13,+16.505, +5.953,+0.963
1683521040,+3.13,+16.488, +5.966,+0.963
1683521160,+3.13,+16.496, +5.954,+0.963
1683521280,+3.13,+16.479, +5.956,+0.963
1683521400,+3.13,+16.479, +5.943,+0.963
1683521520,+3.13,+16.471, +5.925,+0.963
1683521640,+3.13,+16.454, +5.892,+0.963
1683521760,+3.13,+16.462, +5.926,+0.963
1683521880,+3.13,+16.479, +5.995,+0.963
1683522000,+3.13,+16.445, +6.029,+0.963
1683522120,+3.13,+16.445, +6.036,+0.963
1683522240,+3.13,+16.437, +6.039,+0.963
1683522360,+3.13,+16.411, +6.035,+0.962
1683522480,+3.13,+16.420, +6.013,+0.962
1683522600,+3.13,+16.403, +6.011,+0.963
1683522720,+3.13,+16.411, +5.992,+0.963
1683522840,+3.13,+16.403, +5.994,+0.963
1683522960,+3.13,+16.377, +5.979,+0.962
1683523080,+3.13,+16.386, +5.972,+0.963
1683523200,+3.13,+16.386, +5.958,+0.963
1683523320,+3.13,+16.360, +5.949,+0.963
1683523440,+3.13,+16.369, +5.932,+0.963
1683523560,+3.13,+16.343, +5.928,+0.963
1683523680,+3.13,+16.343, +5.908,+0.963
1683523800,+3.13,+16.343, +5.894,+0.963
1683523920,+3.13,+16.343, +5.889,+0.963
1683524040,+3.13,+16.318, +5.882,+0.963
1683524160,+3.13,+16.301, +5.866,+0.963
1683524280,+3.13,+16.318, +5.856,+0.963
1683524400,+3.13,+16.309, +5.848,+0.963
1683524520,+3.13,+16.292, +5.833,+0.963
1683524640,+3.13,+16.283, +5.817,+0.963
1683524760,+3.13,+16.249, +5.815,+0.963
1683524880,+3.13,+16.266, +5.811,+0.963
1683525000,+3.13,+16.258, +5.788,+0.963
1683525120,+3.13,+16.266, +5.769,+0.963
1683525240,+3.13,+16.249, +5.760,+0.963
1683525360,+3.13,+16.241, +5.775,+0.963
1683525480,+3.13,+16.241, +5.790,+0.963
1683525600,+3.13,+16.215, +5.840,+0.963
1683525720,+3.13,+16.215, +5.879,+0.963
1683525840,+3.13,+16.215, +5.752,+0.962
1683525960,+3.13,+16.224, +5.832,+0.963
1683526080,+3.13,+16.198, +5.845,+0.963
1683526200,+3.13,+16.207, +5.842,+0.963
1683526320,+3.13,+16.198, +5.851,+0.963
1683526440,+3.13,+16.164, +5.868,+0.963
1683526560,+3.13,+16.164, +5.866,+0.963
1683526680,+3.13,+16.156, +5.864,+0.963
1683526800,+3.13,+16.139, +5.862,+0.963
1683526920,+3.13,+16.139, +5.864,+0.963
1683527040,+3.13,+16.130, +5.860,+0.963
1683527160,+3.13,+16.122, +5.843,+0.963
1683527280,+3.13,+16.122, +5.827,+0.963
1683527400,+3.13,+16.096, +5.810,+0.963
1683527520,+3.13,+16.113, +5.779,+0.963
1683527640,+3.13,+16.087, +5.762,+0.963
1683527760,+3.13,+16.079, +5.747,+0.963
1683527880,+3.13,+16.062, +5.741,+0.963
1683528000,+3.13,+16.070, +5.729,+0.963
1683528120,+3.13,+16.062, +5.731,+0.963
1683528240,+3.13,+16.062, +5.737,+0.963
1683528360,+3.13,+16.036, +5.747,+0.963
1683528480,+3.13,+16.028, +5.783,+0.963
1683528600,+3.13,+16.002, +5.847,+0.963
1683528720,+3.13,+16.011, +5.892,+0.963
1683528840,+3.13,+15.994, +5.946,+0.963
1683528960,+3.13,+15.994, +5.996,+0.963
1683529080,+3.13,+15.994, +6.014,+0.963
1683529200,+3.14,+15.985, +6.037,+0.963
1683529320,+3.13,+15.976, +6.062,+0.963
1683529440,+3.14,+15.968, +6.067,+0.963
1683529560,+3.13,+15.959, +6.069,+0.963
1683529680,+3.13,+15.968, +6.057,+0.963
1683529800,+3.14,+15.942, +6.054,+0.963
1683529920,+3.14,+15.934, +6.059,+0.963
1683530040,+3.14,+15.925, +6.070,+0.963
1683530160,+3.14,+15.934, +6.097,+0.963
1683530280,+3.14,+15.925, +6.105,+0.963
1683530400,+3.14,+15.925, +6.120,+0.963
1683530520,+3.13,+15.908, +6.123,+0.963
1683530640,+3.14,+15.908, +6.117,+0.962
1683530760,+3.14,+15.874, +6.131,+0.963
1683530880,+3.14,+15.883, +6.137,+0.963
1683531000,+3.14,+15.865, +6.149,+0.963
1683531120,+3.14,+15.865, +6.158,+0.963
1683531240,+3.14,+15.857, +6.166,+0.963
1683531360,+3.14,+15.848, +6.164,+0.963
1683531480,+3.14,+15.840, +6.170,+0.963
1683531600,+3.13,+15.840, +6.173,+0.963
1683531720,+3.14,+15.823, +6.179,+0.963
1683531840,+3.14,+15.823, +6.203,+0.963
1683531960,+3.14,+15.823, +6.214,+0.963
1683532080,+3.14,+15.814, +6.223,+0.963
1683532200,+3.13,+15.797, +6.230,+0.963
1683532320,+3.14,+15.797, +6.257,+0.963
1683532440,+3.14,+15.797, +6.271,+0.963
1683532560,+3.14,+15.789, +6.282,+0.963
1683532680,+3.14,+15.780, +6.281,+0.963
1683532800,+3.13,+15.771, +6.285,+0.963
1683532920,+3.14,+15.763, +6.292,+0.963
1683533040,+3.14,+15.763, +6.305,+0.963
1683533160,+3.13,+15.754, +6.328,+0.963
1683533280,+3.14,+15.763, +6.328,+0.963
1683533400,+3.13,+15.746, +6.326,+0.963
1683533520,+3.13,+15.746, +6.317,+0.963
1683533640,+3.13,+15.737, +6.319,+0.963
1683533760,+3.13,+15.720, +6.328,+0.963
1683533880,+3.13,+15.729, +6.335,+0.963
1683534000,+3.13,+15.737, +6.342,+0.963
1683534120,+3.13,+15.720, +6.328,+0.963
1683534240,+3.13,+15.712, +6.293,+0.963
1683534360,+3.13,+15.703, +6.311,+0.963
1683534480,+3.13,+15.703, +6.208,+0.962
1683534600,+3.13,+15.703, +6.179,+0.963
1683534720,+3.13,+15.677, +6.217,+0.963
1683534840,+3.13,+15.677, +6.226,+0.963
1683534960,+3.13,+15.677, +6.243,+0.963
1683535080,+3.13,+15.669, +6.268,+0.963
1683535200,+3.13,+15.669, +6.284,+0.962
1683535320,+3.13,+15.652, +6.310,+0.962
1683535440,+3.13,+15.660, +6.319,+0.963
1683535560,+3.13,+15.635, +6.317,+0.963
1683535680,+3.13,+15.643, +6.316,+0.963
1683535800,+3.13,+15.643, +6.320,+0.962
1683535920,+3.13,+15.626, +6.329,+0.963
1683536040,+3.13,+15.617, +6.318,+0.963
1683536160,+3.13,+15.609, +6.344,+0.963
1683536280,+3.13,+15.609, +6.373,+0.963
1683536400,+3.13,+15.609, +6.386,+0.962
1683536520,+3.13,+15.617, +6.403,+0.963
1683536640,+3.13,+15.600, +6.424,+0.962
1683536760,+3.13,+15.600, +6.437,+0.962
1683536880,+3.13,+15.583, +6.454,+0.962
1683537000,+3.13,+15.583, +6.424,+0.963
1683537120,+3.13,+15.600, +6.386,+0.963
1683537240,+3.13,+15.600, +6.374,+0.963
1683537360,+3.13,+15.558, +6.378,+0.963
1683537480,+3.13,+15.583, +6.382,+0.963
1683537600,+3.13,+15.575, +6.386,+0.963
1683537720,+3.13,+15.575, +6.409,+0.962
1683537840,+3.13,+15.558, +6.411,+0.962
1683537960,+3.13,+15.540, +6.423,+0.963
1683538080,+3.13,+15.549, +6.420,+0.963
1683538200,+3.13,+15.540, +6.413,+0.963
1683538320,+3.13,+15.523, +6.407,+0.963
1683538440,+3.13,+15.532, +6.420,+0.963
1683538560,+3.13,+15.532, +6.431,+0.963
1683538680,+3.13,+15.523, +6.440,+0.963
1683538800,+3.13,+15.532, +6.436,+0.962
1683538920,+3.13,+15.498, +6.455,+0.963
1683539040,+3.13,+15.506, +6.449,+0.963
1683539160,+3.13,+15.498, +6.455,+0.962
1683539280,+3.13,+15.480, +6.470,+0.963
1683539400,+3.13,+15.489, +6.471,+0.963
1683539520,+3.13,+15.489, +6.471,+0.963
1683539640,+3.13,+15.472, +6.480,+0.963
1683539760,+3.13,+15.472, +6.478,+0.962
1683539880,+3.13,+15.463, +6.487,+0.962
1683540000,+3.13,+15.472, +6.503,+0.963
1683540120,+3.13,+15.455, +6.512,+0.963
1683540240,+3.13,+15.429, +6.408,+0.963
1683540360,+3.13,+15.463, +6.468,+0.963
1683540480,+3.13,+15.455, +6.515,+0.963
1683540600,+3.13,+15.446, +6.554,+0.963
1683540720,+3.13,+15.438, +6.585,+0.963
1683540840,+3.13,+15.446, +6.605,+0.963
1683540960,+3.13,+15.429, +6.623,+0.963
1683541080,+3.13,+15.420, +6.621,+0.963
1683541200,+3.13,+15.420, +6.619,+0.963
1683541320,+3.13,+15.420, +6.605,+0.962
1683541440,+3.13,+15.412, +6.612,+0.963
1683541560,+3.13,+15.412, +6.612,+0.963
1683541680,+3.13,+15.412, +6.605,+0.963
1683541800,+3.13,+15.412, +6.606,+0.963
1683541920,+3.13,+15.395, +6.602,+0.963
1683542040,+3.13,+15.412, +6.529,+0.963
1683542160,+3.13,+15.403, +6.455,+0.962
1683542280,+3.13,+15.412, +6.411,+0.962
1683542400,+3.13,+15.429, +6.390,+0.962
1683542520,+3.13,+15.412, +6.402,+0.962
1683542640,+3.13,+15.395, +6.414,+0.963
1683542760,+3.13,+15.395, +6.413,+0.962
1683542880,+3.13,+15.403, +6.419,+0.962
1683543000,+3.13,+15.403, +6.413,+0.962
1683543120,+3.13,+15.386, +6.426,+0.962
1683543240,+3.13,+15.386, +6.492,+0.962
1683543360,+3.13,+15.403, +6.536,+0.962
1683543480,+3.13,+15.403, +6.582,+0.963
1683543600,+3.13,+15.412, +6.594,+0.962
1683543720,+3.13,+15.395, +6.614,+0.962
1683543840,+3.13,+15.395, +6.623,+0.963
1683543960,+3.13,+15.403, +6.616,+0.963
1683544080,+3.13,+15.395, +6.604,+0.962
1683544200,+3.13,+15.369, +6.583,+0.963
1683544320,+3.13,+15.386, +6.547,+0.963
1683544440,+3.13,+15.395, +6.521,+0.963
1683544560,+3.13,+15.386, +6.501,+0.963
1683544680,+3.13,+15.386, +6.467,+0.962
1683544800,+3.13,+15.386, +6.446,+0.963
1683544920,+3.13,+15.395, +6.470,+0.963
1683545040,+3.13,+15.403, +6.496,+0.962
1683545160,+3.13,+15.403, +6.509,+0.963
1683545280,+3.13,+15.378, +6.522,+0.963
1683545400,+3.13,+15.386, +6.522,+0.962
1683545520,+3.13,+15.386, +6.520,+0.963
1683545640,+3.13,+15.395, +6.503,+0.962
1683545760,+3.13,+15.403, +6.490,+0.963
1683545880,+3.13,+15.412, +6.484,+0.963
1683546000,+3.13,+15.378, +6.484,+0.963
1683546120,+3.13,+15.386, +6.481,+0.963
1683546240,+3.13,+15.403, +6.477,+0.963
1683546360,+3.13,+15.412, +6.481,+0.963
1683546480,+3.13,+15.403, +6.489,+0.962
1683546600,+3.13,+15.412, +6.501,+0.963
1683546720,+3.13,+15.403, +6.514,+0.963
1683546840,+3.13,+15.395, +6.521,+0.963
1683546960,+3.13,+15.420, +6.519,+0.963
1683547080,+3.13,+15.412, +6.529,+0.963
1683547200,+3.13,+15.420, +6.536,+0.963
1683547320,+3.13,+15.403, +6.545,+0.963
1683547440,+3.13,+15.412, +6.551,+0.963
1683547560,+3.13,+15.429, +6.551,+0.963
1683547680,+3.13,+15.412, +6.561,+0.963
1683547800,+3.13,+15.429, +6.556,+0.963
1683547920,+3.13,+15.429, +6.551,+0.963
1683548040,+3.13,+15.420, +6.550,+0.963
1683548160,+3.13,+15.420, +6.532,+0.963
1683548280,+3.13,+15.446, +6.526,+0.962
1683548400,+3.13,+15.429, +6.534,+0.963
1683548520,+3.13,+15.446, +6.526,+0.963
1683548640,+3.13,+15.429, +6.524,+0.962
1683548760,+3.13,+15.438, +6.531,+0.963
1683548880,+3.13,+15.438, +6.532,+0.963
1683549000,+3.13,+15.429, +6.529,+0.963
1683549120,+3.13,+15.446, +6.521,+0.962
1683549240,+3.13,+15.446, +6.519,+0.963
1683549360,+3.13,+15.429, +6.527,+0.963
1683549480,+3.13,+15.446, +6.516,+0.963
1683549600,+3.13,+15.438, +6.521,+0.963
1683549720,+3.13,+15.455, +6.505,+0.962
1683549840,+3.13,+15.446, +6.503,+0.962
1683549960,+3.13,+15.455, +6.505,+0.963
1683550080,+3.13,+15.455, +6.502,+0.962
1683550200,+3.13,+15.463, +6.505,+0.963
1683550320,+3.13,+15.463, +6.509,+0.963
1683550440,+3.13,+15.455, +6.508,+0.963
1683550560,+3.13,+15.463, +6.514,+0.963
1683550680,+3.13,+15.463, +6.516,+0.963
1683550800,+3.13,+15.472, +6.513,+0.963
1683550920,+3.13,+15.498, +6.510,+0.963
1683551040,+3.13,+15.472, +6.515,+0.963
1683551160,+3.13,+15.489, +6.518,+0.963
1683551280,+3.13,+15.472, +6.522,+0.962
1683551400,+3.13,+15.489, +6.513,+0.962
1683551520,+3.13,+15.472, +6.529,+0.963
1683551640,+3.13,+15.472, +6.532,+0.963
1683551760,+3.13,+15.498, +6.526,+0.963
1683551880,+3.13,+15.489, +6.514,+0.962
1683552000,+3.13,+15.515, +6.490,+0.963
1683552120,+3.13,+15.523, +6.451,+0.962
1683552240,+3.13,+15.506, +6.419,+0.962
1683552360,+3.13,+15.515, +6.396,+0.963
1683552480,+3.13,+15.532, +6.386,+0.963
1683552600,+3.13,+15.558, +6.394,+0.963
1683552720,+3.13,+15.532, +6.416,+0.963
1683552840,+3.13,+15.558, +6.419,+0.963
1683552960,+3.13,+15.549, +6.438,+0.963
1683553080,+3.13,+15.549, +6.452,+0.963
1683553200,+3.13,+15.558, +6.454,+0.963
1683553320,+3.13,+15.575, +6.459,+0.962
1683553440,+3.13,+15.566, +6.467,+0.963
1683553560,+3.13,+15.575, +6.465,+0.963
1683553680,+3.13,+15.575, +6.468,+0.963
1683553800,+3.13,+15.583, +6.465,+0.963
1683553920,+3.13,+15.583, +6.466,+0.963
1683554040,+3.13,+15.592, +6.469,+0.963
1683554160,+3.13,+15.583, +6.476,+0.963
1683554280,+3.13,+15.592, +6.490,+0.962
1683554400,+3.13,+15.617, +6.485,+0.963
1683554520,+3.13,+15.600, +6.496,+0.963
1683554640,+3.13,+15.626, +6.470,+0.963
1683554760,+3.13,+15.643, +6.515,+0.963
1683554880,+3.13,+15.635, +6.553,+0.962
1683555000,+3.13,+15.643, +6.574,+0.962
1683555120,+3.13,+15.660, +6.589,+0.963
1683555240,+3.13,+15.652, +6.603,+0.963
1683555360,+3.13,+15.652, +6.606,+0.962
1683555480,+3.13,+15.660, +6.602,+0.962
1683555600,+3.13,+15.677, +6.596,+0.962
1683555720,+3.13,+15.677, +6.601,+0.962
1683555840,+3.13,+15.669, +6.608,+0.962
1683555960,+3.13,+15.686, +6.604,+0.963
1683556080,+3.13,+15.677, +6.591,+0.963
1683556200,+3.13,+15.686, +6.563,+0.962
1683556320,+3.13,+15.669, +6.564,+0.962
1683556440,+3.13,+15.703, +6.561,+0.963
1683556560,+3.13,+15.720, +6.551,+0.963
1683556680,+3.13,+15.737, +6.537,+0.962
1683556800,+3.13,+15.729, +6.544,+0.963
1683556920,+3.13,+15.746, +6.535,+0.962
1683557040,+3.14,+15.746, +6.539,+0.963
1683557160,+3.14,+15.763, +6.522,+0.962
1683557280,+3.14,+15.789, +6.518,+0.962
1683557400,+3.14,+15.814, +6.509,+0.963
1683557520,+3.14,+15.806, +6.515,+0.962
1683557640,+3.14,+15.806, +6.523,+0.962
1683557760,+3.14,+15.831, +6.524,+0.962
1683557880,+3.14,+15.840, +6.531,+0.963
1683558000,+3.14,+15.848, +6.531,+0.963
1683558120,+3.13,+15.874, +6.523,+0.963
1683558240,+3.13,+15.874, +6.518,+0.963
1683558360,+3.13,+15.883, +6.518,+0.963
1683558480,+3.13,+15.917, +6.504,+0.962
1683558600,+3.13,+15.900, +6.510,+0.963
1683558720,+3.13,+15.925, +6.503,+0.962
1683558840,+3.13,+15.942, +6.503,+0.963
1683558960,+3.13,+15.951, +6.506,+0.963
1683559080,+3.13,+16.002, +6.517,+0.963
1683559200,+3.13,+16.011, +6.530,+0.962
1683559320,+3.13,+16.028, +6.536,+0.963
1683559440,+3.13,+16.019, +6.537,+0.962
1683559560,+3.13,+16.062, +6.532,+0.962
1683559680,+3.13,+16.062, +6.540,+0.963
1683559800,+3.13,+16.079, +6.532,+0.962
1683559920,+3.13,+16.096, +6.523,+0.962
1683560040,+3.13,+16.130, +6.517,+0.963
1683560160,+3.13,+16.130, +6.508,+0.962
1683560280,+3.13,+16.156, +6.507,+0.963
1683560400,+3.13,+16.156, +6.497,+0.962
1683560520,+3.13,+16.173, +6.497,+0.962
1683560640,+3.13,+16.181, +6.491,+0.962
1683560760,+3.13,+16.207, +6.489,+0.962
1683560880,+3.13,+16.224, +6.479,+0.962
1683561000,+3.13,+16.224, +6.467,+0.962
1683561120,+3.13,+16.241, +6.457,+0.962
1683561240,+3.13,+16.275, +6.460,+0.962
1683561360,+3.13,+16.292, +6.486,+0.962
1683561480,+3.13,+16.283, +6.515,+0.963
1683561600,+3.13,+16.318, +6.530,+0.962
1683561720,+3.13,+16.335, +6.546,+0.963
1683561840,+3.13,+16.343, +6.549,+0.962
1683561960,+3.13,+16.335, +6.552,+0.962
1683562080,+3.13,+16.343, +6.548,+0.962
1683562200,+3.13,+16.369, +6.553,+0.962
1683562320,+3.13,+16.386, +6.563,+0.962
1683562440,+3.13,+16.403, +6.575,+0.963
1683562560,+3.13,+16.411, +6.582,+0.962
1683562680,+3.13,+16.445, +6.581,+0.962
1683562800,+3.13,+16.454, +6.580,+0.962
1683562920,+3.13,+16.454, +6.578,+0.962
1683563040,+3.13,+16.471, +6.582,+0.962
1683563160,+3.13,+16.496, +6.573,+0.962
1683563280,+3.13,+16.530, +6.576,+0.962
1683563400,+3.13,+16.539, +6.583,+0.962
1683563520,+3.13,+16.573, +6.595,+0.962
1683563640,+3.13,+16.615, +6.598,+0.962
1683563760,+3.13,+16.615, +6.602,+0.962
1683563880,+3.13,+16.632, +6.595,+0.962
1683564000,+3.13,+16.624, +6.582,+0.962
1683564120,+3.13,+16.649, +6.572,+0.962
1683564240,+3.13,+16.666, +6.549,+0.963
1683564360,+3.13,+16.683, +6.507,+0.962
1683564480,+3.13,+16.700, +6.543,+0.962
1683564600,+3.13,+16.717, +6.591,+0.963
1683564720,+3.13,+16.751, +6.610,+0.962
1683564840,+3.13,+16.785, +6.624,+0.962
1683564960,+3.13,+16.811, +6.636,+0.962
1683565080,+3.13,+16.828, +6.632,+0.962
1683565200,+3.13,+16.862, +6.629,+0.962
1683565320,+3.13,+16.878, +6.611,+0.962
1683565440,+3.13,+16.887, +6.618,+0.962
1683565560,+3.13,+16.938, +6.608,+0.962
1683565680,+3.13,+16.929, +6.620,+0.962
1683565800,+3.13,+16.972, +6.608,+0.962
1683565920,+3.13,+16.972, +6.624,+0.963
1683566040,+3.13,+17.014, +6.625,+0.962
1683566160,+3.13,+17.040, +6.643,+0.962
1683566280,+3.13,+17.065, +6.638,+0.962
1683566400,+3.13,+17.082, +6.658,+0.963
1683566520,+3.13,+17.116, +6.656,+0.962
1683566640,+3.13,+17.150, +6.670,+0.962
1683566760,+3.13,+17.184, +6.673,+0.962
1683566880,+3.13,+17.217, +6.676,+0.962
1683567000,+3.13,+17.209, +6.643,+0.962
1683567120,+3.13,+17.243, +6.607,+0.962
1683567240,+3.13,+17.277, +6.624,+0.962
1683567360,+3.13,+17.294, +6.646,+0.962
1683567480,+3.13,+17.328, +6.656,+0.962
1683567600,+3.13,+17.344, +6.650,+0.962
1683567720,+3.13,+17.370, +6.652,+0.962
1683567840,+3.13,+17.395, +6.643,+0.962
1683567960,+3.13,+17.404, +6.628,+0.962
1683568080,+3.13,+17.421, +6.596,+0.961
1683568200,+3.13,+17.446, +6.585,+0.962
1683568320,+3.13,+17.463, +6.568,+0.962
1683568440,+3.13,+17.463, +6.567,+0.962
1683568560,+3.13,+17.505, +6.557,+0.962
1683568680,+3.13,+17.505, +6.564,+0.962
1683568800,+3.13,+17.522, +6.560,+0.962
1683568920,+3.13,+17.556, +6.557,+0.962
1683569040,+3.13,+17.615, +6.420,+0.962
1683569160,+3.13,+17.598, +6.504,+0.962
1683569280,+3.13,+17.615, +6.530,+0.962
1683569400,+3.13,+17.632, +6.542,+0.962
1683569520,+3.13,+17.640, +6.567,+0.962
1683569640,+3.13,+17.683, +6.570,+0.962
1683569760,+3.13,+17.725, +6.564,+0.962
1683569880,+3.13,+17.708, +6.573,+0.962
1683570000,+3.13,+17.725, +6.568,+0.962
1683570120,+3.13,+17.733, +6.575,+0.962
1683570240,+3.13,+17.759, +6.570,+0.962
1683570360,+3.13,+17.784, +6.573,+0.962
1683570480,+3.13,+17.767, +6.583,+0.962
1683570600,+3.13,+17.792, +6.593,+0.962
1683570720,+3.13,+17.792, +6.589,+0.962
1683570840,+3.13,+17.818, +6.593,+0.962
1683570960,+3.13,+17.809, +6.587,+0.962
1683571080,+3.13,+17.834, +6.581,+0.962
1683571200,+3.13,+17.860, +6.581,+0.962
1683571320,+3.13,+17.868, +6.591,+0.962
1683571440,+3.13,+17.877, +6.588,+0.961
1683571560,+3.13,+17.910, +6.586,+0.962
