7450-401396
OS REV: 1.05 Sensor Cal: 1618512290
Time (sec),  BV (Volts),  T (deg C),  DO (mg/l),  Q ()
1701654360,+2.97,+11.296, +9.037,+0.940
1701654480,+2.97,+11.296, +9.004,+0.940
1701654600,+2.97,+11.305, +8.955,+0.940
1701654720,+2.97,+11.287, +8.915,+0.940
1701654840,+2.97,+11.278, +8.865,+0.940
1701654960,+2.97,+11.296, +8.808,+0.940
1701655080,+2.97,+11.305, +8.780,+0.940
1701655200,+2.97,+11.269, +8.754,+0.940
1701655320,+2.97,+11.261, +8.752,+0.940
1701655440,+2.97,+11.243, +8.751,+0.940
1701655560,+2.97,+11.278, +8.719,+0.940
1701655680,+2.97,+11.269, +8.718,+0.940
1701655800,+2.97,+11.287, +8.692,+0.940
1701655920,+2.97,+11.261, +8.681,+0.940
1701656040,+2.97,+11.269, +8.650,+0.940
1701656160,+2.97,+11.261, +8.615,+0.940
1701656280,+2.97,+11.261, +8.580,+0.940
1701656400,+2.97,+11.252, +8.566,+0.940
1701656520,+2.97,+11.243, +8.592,+0.940
1701656640,+2.97,+11.269, +8.594,+0.940
1701656760,+2.97,+11.243, +8.594,+0.940
1701656880,+2.97,+11.252, +8.566,+0.940
1701657000,+2.97,+11.243, +8.557,+0.940
1701657120,+2.97,+11.252, +8.552,+0.940
1701657240,+2.97,+11.261, +8.517,+0.940
1701657360,+2.97,+11.243, +8.491,+0.940
1701657480,+2.97,+11.234, +8.464,+0.940
1701657600,+2.97,+11.243, +8.442,+0.940
1701657720,+2.97,+11.252, +8.420,+0.940
1701657840,+2.97,+11.234, +8.405,+0.940
1701657960,+2.97,+11.216, +8.395,+0.940
1701658080,+2.97,+11.225, +8.377,+0.940
1701658200,+2.97,+11.234, +8.344,+0.940
1701658320,+2.97,+11.207, +8.362,+0.940
1701658440,+2.97,+11.216, +8.352,+0.941
1701658560,+2.97,+11.216, +8.327,+0.940
1701658680,+2.97,+11.207, +8.328,+0.940
1701658800,+2.97,+11.189, +8.331,+0.940
1701658920,+2.97,+11.198, +8.327,+0.940
1701659040,+2.97,+11.207, +8.290,+0.940
1701659160,+2.97,+11.189, +8.255,+0.940
1701659280,+2.97,+11.162, +8.192,+0.941
1701659400,+2.97,+11.171, +8.109,+0.940
1701659520,+2.97,+11.162, +8.069,+0.940
1701659640,+2.97,+11.171, +8.072,+0.940
1701659760,+2.97,+11.153, +8.086,+0.940
1701659880,+2.97,+11.162, +8.112,+0.940
1701660000,+2.97,+11.162, +8.132,+0.940
1701660120,+2.97,+11.153, +8.161,+0.940
1701660240,+2.97,+11.153, +8.174,+0.940
1701660360,+2.97,+11.153, +8.208,+0.940
1701660480,+2.97,+11.171, +8.226,+0.940
1701660600,+2.97,+11.153, +8.243,+0.941
1701660720,+2.97,+11.153, +8.225,+0.940
1701660840,+2.97,+11.135, +8.220,+0.940
1701660960,+2.97,+11.135, +8.202,+0.940
1701661080,+2.97,+11.126, +8.187,+0.940
1701661200,+2.97,+11.126, +8.165,+0.940
1701661320,+2.97,+11.117, +8.140,+0.940
1701661440,+2.97,+11.099, +8.131,+0.940
1701661560,+2.97,+11.099, +8.130,+0.940
1701661680,+2.97,+11.054, +8.152,+0.940
1701661800,+2.97,+11.063, +8.158,+0.940
1701661920,+2.97,+11.063, +8.170,+0.940
1701662040,+2.97,+11.063, +8.198,+0.940
1701662160,+2.97,+11.045, +8.239,+0.940
1701662280,+2.97,+11.054, +8.271,+0.940
1701662400,+2.97,+11.063, +8.305,+0.941
1701662520,+2.97,+11.036, +8.331,+0.940
1701662640,+2.97,+11.036, +8.362,+0.940
1701662760,+2.97,+11.009, +8.384,+0.940
1701662880,+2.97,+11.018, +8.387,+0.940
1701663000,+2.97,+11.027, +8.386,+0.940
1701663120,+2.97,+11.000, +8.372,+0.940
1701663240,+2.97,+10.991, +8.336,+0.940
1701663360,+2.97,+10.955, +8.310,+0.940
1701663480,+2.97,+10.973, +8.275,+0.940
1701663600,+2.97,+10.964, +8.256,+0.940
1701663720,+2.97,+10.936, +8.239,+0.940
1701663840,+2.97,+10.909, +8.229,+0.940
1701663960,+2.97,+10.918, +8.225,+0.941
1701664080,+2.97,+10.882, +8.268,+0.941
1701664200,+2.97,+10.864, +8.354,+0.940
1701664320,+2.97,+10.873, +8.455,+0.940
1701664440,+2.97,+10.846, +8.514,+0.940
1701664560,+2.97,+10.828, +8.572,+0.940
1701664680,+2.97,+10.828, +8.611,+0.940
1701664800,+2.97,+10.792, +8.627,+0.941
1701664920,+2.97,+10.783, +8.628,+0.941
1701665040,+2.97,+10.765, +8.621,+0.940
1701665160,+2.97,+10.738, +8.551,+0.940
1701665280,+2.97,+10.711, +8.483,+0.940
1701665400,+2.97,+10.692, +8.553,+0.940
1701665520,+2.97,+10.656, +8.513,+0.940
1701665640,+2.97,+10.647, +8.317,+0.940
1701665760,+2.97,+10.629, +8.278,+0.940
1701665880,+2.97,+10.620, +8.189,+0.940
1701666000,+2.97,+10.593, +8.243,+0.940
1701666120,+2.97,+10.593, +8.465,+0.940
1701666240,+2.97,+10.602, +8.588,+0.940
1701666360,+2.97,+10.620, +8.615,+0.940
1701666480,+2.97,+10.584, +8.657,+0.940
1701666600,+2.97,+10.584, +8.652,+0.940
1701666720,+2.97,+10.575, +8.643,+0.940
1701666840,+2.97,+10.557, +8.653,+0.940
1701666960,+2.97,+10.593, +8.679,+0.940
1701667080,+2.97,+10.575, +8.684,+0.940
1701667200,+2.97,+10.575, +8.675,+0.940
1701667320,+2.97,+10.575, +8.691,+0.940
1701667440,+2.97,+10.575, +8.588,+0.940
1701667560,+2.97,+10.575, +8.449,+0.940
1701667680,+2.97,+10.566, +8.369,+0.940
1701667800,+2.97,+10.547, +8.410,+0.940
1701667920,+2.97,+10.538, +8.477,+0.940
1701668040,+2.97,+10.511, +8.527,+0.940
1701668160,+2.97,+10.493, +8.550,+0.940
1701668280,+2.97,+10.466, +8.533,+0.941
1701668400,+2.97,+10.448, +8.573,+0.941
1701668520,+2.97,+10.438, +8.635,+0.940
1701668640,+2.97,+10.384, +8.625,+0.940
1701668760,+2.97,+10.393, +8.581,+0.940
1701668880,+2.97,+10.393, +8.436,+0.940
1701669000,+2.97,+10.338, +8.323,+0.940
1701669120,+2.97,+10.338, +8.393,+0.940
1701669240,+2.97,+10.320, +8.460,+0.940
1701669360,+2.98,+10.302, +8.409,+0.940
1701669480,+2.98,+10.302, +8.446,+0.940
1701669600,+2.98,+10.256, +8.430,+0.941
1701669720,+2.98,+10.247, +8.358,+0.940
1701669840,+2.98,+10.256, +8.359,+0.940
1701669960,+2.97,+10.229, +8.399,+0.940
1701670080,+2.98,+10.220, +8.327,+0.940
1701670200,+2.98,+10.202, +8.277,+0.941
1701670320,+2.98,+10.193, +8.226,+0.940
1701670440,+2.98,+10.165, +8.208,+0.941
1701670560,+2.98,+10.147, +8.208,+0.940
1701670680,+2.98,+10.147, +8.174,+0.941
1701670800,+2.97,+10.129, +8.069,+0.940
1701670920,+2.98,+10.101, +8.051,+0.940
1701671040,+2.98,+10.129, +8.011,+0.940
1701671160,+2.98,+10.101, +7.895,+0.941
1701671280,+2.97,+10.092, +7.631,+0.941
1701671400,+2.97,+10.074, +7.444,+0.941
1701671520,+2.97,+10.083, +7.449,+0.941
1701671640,+2.97,+10.065, +7.552,+0.941
1701671760,+2.97,+10.028, +7.598,+0.941
1701671880,+2.97,+10.028, +7.714,+0.941
1701672000,+2.97,+10.028, +7.767,+0.940
1701672120,+2.97,+10.028, +7.633,+0.941
1701672240,+2.97,+10.019, +7.456,+0.941
1701672360,+2.97,+10.010, +7.449,+0.940
1701672480,+2.97, +9.964, +7.399,+0.941
1701672600,+2.97, +9.973, +7.307,+0.941
1701672720,+2.97, +9.983, +7.173,+0.941
1701672840,+2.97, +9.955, +7.057,+0.941
1701672960,+2.97, +9.928, +7.079,+0.941
1701673080,+2.97, +9.928, +7.065,+0.941
1701673200,+2.97, +9.928, +7.048,+0.941
1701673320,+2.97, +9.891, +6.985,+0.941
1701673440,+2.97, +9.854, +7.004,+0.941
1701673560,+2.97, +9.928, +6.979,+0.941
1701673680,+2.97, +9.854, +7.023,+0.941
1701673800,+2.97, +9.827, +7.474,+0.941
1701673920,+2.97, +9.827, +7.551,+0.940
1701674040,+2.97, +9.781, +7.873,+0.940
1701674160,+2.97, +9.753, +7.691,+0.940
1701674280,+2.97, +9.698, +7.228,+0.940
1701674400,+2.97, +9.689, +6.993,+0.940
1701674520,+2.97, +9.680, +7.030,+0.941
1701674640,+2.97, +9.698, +6.698,+0.941
1701674760,+2.97, +9.662, +6.589,+0.941
1701674880,+2.97, +9.652, +6.453,+0.942
1701675000,+2.97, +9.588, +6.762,+0.941
1701675120,+2.97, +9.588, +6.918,+0.941
1701675240,+2.97, +9.560, +6.975,+0.941
1701675360,+2.97, +9.588, +6.757,+0.942
1701675480,+2.97, +9.560, +6.467,+0.942
1701675600,+2.97, +9.542, +6.429,+0.941
1701675720,+2.97, +9.505, +6.573,+0.941
1701675840,+2.97, +9.505, +6.671,+0.941
1701675960,+2.97, +9.487, +6.804,+0.941
1701676080,+2.97, +9.487, +6.694,+0.941
1701676200,+2.97, +9.450, +6.534,+0.942
1701676320,+2.97, +9.450, +6.533,+0.941
1701676440,+2.97, +9.450, +6.621,+0.941
1701676560,+2.97, +9.404, +6.744,+0.941
1701676680,+2.97, +9.413, +6.613,+0.941
1701676800,+2.97, +9.376, +6.625,+0.941
1701676920,+2.97, +9.376, +6.960,+0.941
1701677040,+2.98, +9.357, +7.178,+0.941
1701677160,+2.98, +9.348, +7.193,+0.941
1701677280,+2.98, +9.320, +7.072,+0.941
1701677400,+2.98, +9.302, +6.752,+0.941
1701677520,+2.98, +9.311, +6.686,+0.941
1701677640,+2.98, +9.246, +6.733,+0.941
1701677760,+2.98, +9.265, +6.704,+0.941
1701677880,+2.98, +9.246, +6.811,+0.941
1701678000,+2.98, +9.237, +6.801,+0.941
1701678120,+2.98, +9.219, +6.865,+0.941
1701678240,+2.98, +9.191, +7.011,+0.941
1701678360,+2.98, +9.191, +7.085,+0.941
1701678480,+2.98, +9.200, +7.166,+0.941
1701678600,+2.98, +9.163, +7.181,+0.941
1701678720,+2.98, +9.126, +7.201,+0.941
1701678840,+2.98, +9.144, +7.117,+0.941
1701678960,+2.98, +9.107, +7.131,+0.941
1701679080,+2.98, +9.107, +7.071,+0.940
1701679200,+2.98, +9.098, +7.089,+0.941
1701679320,+2.98, +9.098, +7.163,+0.940
1701679440,+2.98, +9.089, +7.241,+0.940
1701679560,+2.98, +9.061, +7.321,+0.940
1701679680,+2.98, +9.052, +7.243,+0.941
1701679800,+2.98, +9.015, +6.959,+0.941
1701679920,+2.98, +9.024, +6.821,+0.941
1701680040,+2.98, +9.015, +6.911,+0.941
1701680160,+2.98, +8.996, +6.896,+0.941
1701680280,+2.98, +8.987, +6.806,+0.941
1701680400,+2.98, +8.968, +6.876,+0.941
1701680520,+2.98, +8.949, +6.904,+0.941
1701680640,+2.98, +8.940, +6.798,+0.941
1701680760,+2.98, +8.931, +6.793,+0.941
1701680880,+2.98, +8.922, +6.954,+0.941
1701681000,+2.98, +8.922, +7.100,+0.941
1701681120,+2.97, +8.884, +7.148,+0.941
1701681240,+2.97, +8.856, +7.162,+0.941
1701681360,+2.97, +8.847, +7.156,+0.942
1701681480,+2.97, +8.838, +7.121,+0.941
1701681600,+2.97, +8.847, +7.154,+0.941
1701681720,+2.97, +8.819, +7.122,+0.941
1701681840,+2.97, +8.810, +7.069,+0.941
1701681960,+2.97, +8.819, +7.110,+0.942
1701682080,+2.97, +8.791, +7.026,+0.941
1701682200,+2.97, +8.773, +7.028,+0.941
1701682320,+2.97, +8.773, +7.094,+0.942
1701682440,+2.97, +8.754, +7.098,+0.941
1701682560,+2.97, +8.717, +7.117,+0.941
1701682680,+2.97, +8.735, +7.039,+0.941
1701682800,+2.97, +8.717, +6.977,+0.942
1701682920,+2.97, +8.726, +6.976,+0.941
1701683040,+2.97, +8.707, +6.961,+0.941
1701683160,+2.97, +8.707, +7.071,+0.941
1701683280,+2.97, +8.670, +7.134,+0.941
1701683400,+2.97, +8.660, +7.066,+0.941
1701683520,+2.97, +8.679, +7.102,+0.942
1701683640,+2.97, +8.651, +7.096,+0.941
1701683760,+2.97, +8.642, +7.121,+0.941
1701683880,+2.97, +8.614, +7.175,+0.941
1701684000,+2.97, +8.604, +7.202,+0.941
1701684120,+2.97, +8.595, +7.187,+0.941
1701684240,+2.97, +8.604, +7.117,+0.941
1701684360,+2.97, +8.586, +7.034,+0.941
1701684480,+2.97, +8.558, +7.033,+0.941
1701684600,+2.97, +8.558, +7.102,+0.941
1701684720,+2.97, +8.520, +7.180,+0.941
1701684840,+2.97, +8.530, +7.216,+0.941
1701684960,+2.97, +8.520, +7.199,+0.941
1701685080,+2.97, +8.501, +7.232,+0.941
1701685200,+2.97, +8.473, +7.225,+0.941
1701685320,+2.97, +8.492, +7.254,+0.941
1701685440,+2.97, +8.492, +7.332,+0.941
1701685560,+2.97, +8.464, +7.298,+0.941
1701685680,+2.97, +8.455, +7.236,+0.941
1701685800,+2.97, +8.426, +7.201,+0.941
1701685920,+2.97, +8.417, +7.114,+0.941
1701686040,+2.97, +8.436, +7.093,+0.941
1701686160,+2.97, +8.398, +7.153,+0.941
1701686280,+2.97, +8.408, +7.223,+0.941
1701686400,+2.97, +8.379, +7.267,+0.941
1701686520,+2.97, +8.370, +7.290,+0.942
1701686640,+2.97, +8.389, +7.311,+0.941
1701686760,+2.97, +8.370, +7.381,+0.941
1701686880,+2.97, +8.361, +7.415,+0.941
1701687000,+2.97, +8.351, +7.426,+0.941
1701687120,+2.97, +8.342, +7.327,+0.941
1701687240,+2.98, +8.332, +7.158,+0.941
1701687360,+2.98, +8.323, +7.043,+0.941
1701687480,+2.98, +8.285, +6.961,+0.941
1701687600,+2.98, +8.285, +7.045,+0.941
1701687720,+2.98, +8.304, +7.181,+0.941
1701687840,+2.98, +8.257, +7.260,+0.941
1701687960,+2.97, +8.342, +6.779,+0.941
1701688080,+2.98, +8.267, +6.288,+0.942
1701688200,+2.98, +8.220, +6.270,+0.942
1701688320,+2.98, +8.182, +6.469,+0.941
1701688440,+2.98, +8.173, +6.758,+0.941
1701688560,+2.98, +8.182, +7.011,+0.941
1701688680,+2.98, +8.144, +7.227,+0.940
1701688800,+2.98, +8.154, +7.394,+0.941
1701688920,+2.98, +8.154, +7.707,+0.941
1701689040,+2.98, +8.182, +7.664,+0.941
1701689160,+2.98, +8.135, +7.510,+0.941
1701689280,+2.98, +8.107, +7.484,+0.941
1701689400,+2.98, +8.088, +7.553,+0.941
1701689520,+2.98, +8.078, +7.632,+0.941
1701689640,+2.98, +8.022, +7.603,+0.941
1701689760,+2.98, +8.012, +7.569,+0.941
1701689880,+2.98, +7.984, +7.556,+0.941
1701690000,+2.98, +7.974, +7.520,+0.941
1701690120,+2.98, +7.936, +7.556,+0.941
1701690240,+2.98, +7.927, +7.463,+0.941
1701690360,+2.98, +7.927, +7.426,+0.941
1701690480,+2.98, +7.899, +7.486,+0.941
1701690600,+2.98, +7.899, +7.448,+0.941
1701690720,+2.98, +7.861, +7.296,+0.941
1701690840,+2.98, +7.861, +7.208,+0.941
1701690960,+2.98, +7.880, +7.232,+0.941
1701691080,+2.98, +7.832, +7.197,+0.941
1701691200,+2.98, +7.823, +7.114,+0.941
1701691320,+2.98, +7.804, +7.121,+0.941
1701691440,+2.98, +7.766, +7.278,+0.941
1701691560,+2.98, +7.756, +7.290,+0.941
1701691680,+2.98, +7.766, +7.137,+0.941
1701691800,+2.98, +7.737, +6.908,+0.942
1701691920,+2.98, +7.718, +6.825,+0.942
1701692040,+2.98, +7.699, +6.854,+0.941
1701692160,+2.98, +7.690, +7.025,+0.942
1701692280,+2.98, +7.718, +6.800,+0.942
1701692400,+2.98, +7.709, +6.456,+0.942
1701692520,+2.98, +7.661, +6.182,+0.942
1701692640,+2.97, +7.623, +5.875,+0.942
1701692760,+2.97, +7.623, +5.830,+0.942
1701692880,+2.97, +7.557, +5.969,+0.942
1701693000,+2.97, +7.538, +6.094,+0.942
1701693120,+2.97, +7.557, +6.314,+0.942
1701693240,+2.97, +7.538, +6.563,+0.941
1701693360,+2.97, +7.538, +6.810,+0.941
1701693480,+2.97, +7.519, +7.038,+0.941
1701693600,+2.97, +7.528, +7.181,+0.941
1701693720,+2.97, +7.481, +7.226,+0.941
1701693840,+2.97, +7.461, +7.173,+0.941
1701693960,+2.97, +7.471, +7.111,+0.942
1701694080,+2.97, +7.452, +7.021,+0.942
1701694200,+2.97, +7.481, +6.939,+0.941
1701694320,+2.97, +7.461, +6.879,+0.941
1701694440,+2.97, +7.461, +6.815,+0.942
1701694560,+2.97, +7.471, +6.768,+0.942
1701694680,+2.97, +7.490, +6.713,+0.942
1701694800,+2.97, +7.490, +6.715,+0.942
1701694920,+2.97, +7.509, +6.785,+0.942
1701695040,+2.97, +7.528, +6.838,+0.941
1701695160,+2.97, +7.557, +6.944,+0.941
1701695280,+2.97, +7.547, +7.120,+0.941
1701695400,+2.97, +7.566, +7.135,+0.941
1701695520,+2.97, +7.566, +7.017,+0.941
1701695640,+2.97, +7.576, +6.945,+0.941
1701695760,+2.97, +7.585, +6.826,+0.941
1701695880,+2.97, +7.576, +6.763,+0.941
1701696000,+2.97, +7.557, +6.693,+0.941
1701696120,+2.97, +7.585, +6.557,+0.941
1701696240,+2.97, +7.566, +6.572,+0.941
1701696360,+2.97, +7.576, +6.607,+0.941
1701696480,+2.97, +7.614, +6.527,+0.941
1701696600,+2.97, +7.633, +6.364,+0.942
1701696720,+2.98, +7.661, +6.207,+0.941
1701696840,+2.97, +7.633, +6.067,+0.941
1701696960,+2.97, +7.642, +5.919,+0.942
1701697080,+2.98, +7.633, +5.867,+0.942
1701697200,+2.98, +7.671, +5.848,+0.942
1701697320,+2.98, +7.671, +5.843,+0.942
1701697440,+2.98, +7.671, +5.875,+0.942
1701697560,+2.98, +7.756, +5.804,+0.942
1701697680,+2.98, +7.794, +5.736,+0.942
1701697800,+2.98, +7.870, +5.637,+0.942
1701697920,+2.98, +7.899, +5.541,+0.942
1701698040,+2.98, +7.936, +5.453,+0.942
1701698160,+2.98, +7.965, +5.391,+0.942
1701698280,+2.98, +7.965, +5.334,+0.943
1701698400,+2.98, +8.003, +5.253,+0.942
1701698520,+2.98, +8.012, +5.185,+0.943
1701698640,+2.98, +8.031, +5.115,+0.942
1701698760,+2.98, +8.050, +5.060,+0.943
1701698880,+2.98, +8.050, +5.006,+0.943
1701699000,+2.98, +8.069, +4.955,+0.942
1701699120,+2.98, +8.097, +4.925,+0.943
1701699240,+2.98, +8.107, +4.905,+0.943
1701699360,+2.98, +8.135, +4.883,+0.942
1701699480,+2.98, +8.154, +4.876,+0.942
1701699600,+2.98, +8.173, +4.871,+0.943
1701699720,+2.98, +8.210, +4.868,+0.943
1701699840,+2.98, +8.201, +4.895,+0.943
1701699960,+2.98, +8.220, +4.923,+0.943
1701700080,+2.98, +8.229, +4.940,+0.943
1701700200,+2.98, +8.229, +4.937,+0.942
1701700320,+2.98, +8.238, +4.942,+0.943
1701700440,+2.98, +8.276, +4.933,+0.943
1701700560,+2.98, +8.314, +4.913,+0.942
1701700680,+2.98, +8.304, +4.902,+0.942
1701700800,+2.98, +8.332, +4.890,+0.943
1701700920,+2.97, +8.370, +4.907,+0.943
1701701040,+2.97, +8.370, +4.959,+0.942
1701701160,+2.97, +8.398, +5.005,+0.943
1701701280,+2.97, +8.426, +5.034,+0.943
1701701400,+2.97, +8.426, +5.049,+0.942
1701701520,+2.97, +8.445, +5.052,+0.943
1701701640,+2.97, +8.445, +5.028,+0.942
1701701760,+2.97, +8.445, +5.012,+0.942
1701701880,+2.97, +8.455, +5.006,+0.942
1701702000,+2.97, +8.511, +4.995,+0.943
1701702120,+2.97, +8.511, +4.997,+0.942
1701702240,+2.97, +8.548, +4.994,+0.943
1701702360,+2.97, +8.576, +4.949,+0.942
1701702480,+2.97, +8.614, +4.932,+0.942
1701702600,+2.97, +8.689, +4.962,+0.943
1701702720,+2.97, +8.726, +4.999,+0.942
1701702840,+2.97, +8.782, +5.009,+0.942
1701702960,+2.97, +8.819, +5.008,+0.943
1701703080,+2.97, +8.847, +5.012,+0.942
1701703200,+2.97, +8.894, +5.015,+0.942
1701703320,+2.98, +8.903, +4.999,+0.942
1701703440,+2.98, +8.922, +4.988,+0.942
1701703560,+2.98, +8.959, +4.967,+0.942
1701703680,+2.98, +8.968, +4.939,+0.942
1701703800,+2.98, +9.005, +4.956,+0.942
1701703920,+2.98, +9.042, +4.979,+0.943
1701704040,+2.98, +9.061, +4.978,+0.942
1701704160,+2.98, +9.107, +4.957,+0.942
1701704280,+2.98, +9.107, +4.927,+0.943
1701704400,+2.98, +9.098, +4.935,+0.942
1701704520,+2.98, +9.144, +4.931,+0.942
1701704640,+2.98, +9.163, +4.924,+0.942
1701704760,+2.98, +9.163, +4.912,+0.942
1701704880,+2.98, +9.163, +4.911,+0.942
1701705000,+2.98, +9.228, +4.881,+0.942
1701705120,+2.98, +9.228, +4.896,+0.942
1701705240,+2.98, +9.283, +4.890,+0.942
1701705360,+2.98, +9.320, +4.889,+0.942
1701705480,+2.97, +9.367, +4.894,+0.942
1701705600,+2.97, +9.385, +4.925,+0.942
1701705720,+2.97, +9.468, +5.038,+0.942
1701705840,+2.97, +9.450, +5.107,+0.942
1701705960,+2.97, +9.468, +5.076,+0.942
1701706080,+2.97, +9.440, +5.020,+0.942
1701706200,+2.97, +9.450, +5.012,+0.942
1701706320,+2.97, +9.468, +5.078,+0.942
1701706440,+2.97, +9.440, +5.159,+0.942
1701706560,+2.97, +9.422, +5.149,+0.942
1701706680,+2.97, +9.450, +5.092,+0.942
1701706800,+2.97, +9.422, +5.045,+0.942
1701706920,+2.97, +9.459, +5.001,+0.942
1701707040,+2.97, +9.431, +4.990,+0.942
1701707160,+2.97, +9.413, +4.972,+0.942
1701707280,+2.97, +9.431, +4.948,+0.942
1701707400,+2.97, +9.440, +4.968,+0.943
1701707520,+2.97, +9.468, +4.971,+0.942
1701707640,+2.97, +9.487, +4.957,+0.942
1701707760,+2.97, +9.487, +4.954,+0.942
1701707880,+2.97, +9.496, +4.944,+0.943
1701708000,+2.97, +9.514, +4.928,+0.943
1701708120,+2.97, +9.533, +4.906,+0.943
1701708240,+2.97, +9.551, +4.898,+0.942
1701708360,+2.97, +9.570, +4.895,+0.942
1701708480,+2.97, +9.570, +4.891,+0.942
1701708600,+2.97, +9.588, +4.872,+0.942
1701708720,+2.97, +9.606, +4.867,+0.942
1701708840,+2.97, +9.625, +4.852,+0.942
1701708960,+2.97, +9.616, +4.838,+0.942
1701709080,+2.97, +9.625, +4.839,+0.942
1701709200,+2.97, +9.662, +4.831,+0.942
1701709320,+2.97, +9.708, +4.819,+0.942
1701709440,+2.97, +9.753, +4.857,+0.943
1701709560,+2.97, +9.763, +4.888,+0.942
1701709680,+2.97, +9.799, +4.875,+0.942
1701709800,+2.97, +9.836, +4.851,+0.942
1701709920,+2.97, +9.864, +4.841,+0.943
1701710040,+2.97, +9.882, +4.829,+0.942
1701710160,+2.97, +9.891, +4.826,+0.942
1701710280,+2.97, +9.909, +4.823,+0.942
1701710400,+2.97, +9.909, +4.783,+0.942
1701710520,+2.97, +9.909, +4.756,+0.942
1701710640,+2.97, +9.900, +4.745,+0.942
1701710760,+2.97, +9.937, +4.729,+0.943
1701710880,+2.97, +9.946, +4.705,+0.942
1701711000,+2.97, +9.992, +4.676,+0.942
1701711120,+2.97,+10.001, +4.662,+0.942
1701711240,+2.97,+10.037, +4.643,+0.942
1701711360,+2.97,+10.074, +4.643,+0.943
1701711480,+2.98,+10.120, +4.665,+0.942
1701711600,+2.98,+10.202, +4.708,+0.942
1701711720,+2.98,+10.275, +4.729,+0.942
1701711840,+2.97,+10.384, +4.741,+0.943
1701711960,+2.97,+10.429, +4.742,+0.942
1701712080,+2.97,+10.484, +4.734,+0.942
1701712200,+2.97,+10.493, +4.712,+0.942
1701712320,+2.97,+10.466, +4.705,+0.942
1701712440,+2.97,+10.457, +4.682,+0.942
1701712560,+2.97,+10.457, +4.652,+0.942
1701712680,+2.97,+10.448, +4.636,+0.942
1701712800,+2.97,+10.457, +4.616,+0.942
1701712920,+2.97,+10.502, +4.600,+0.942
1701713040,+2.97,+10.520, +4.591,+0.942
1701713160,+2.97,+10.529, +4.584,+0.942
1701713280,+2.97,+10.547, +4.579,+0.942
1701713400,+2.97,+10.547, +4.586,+0.942
1701713520,+2.97,+10.557, +4.573,+0.942
1701713640,+2.97,+10.538, +4.630,+0.943
1701713760,+2.97,+10.547, +4.694,+0.942
1701713880,+2.97,+10.557, +4.711,+0.942
1701714000,+2.97,+10.557, +4.739,+0.943
1701714120,+2.97,+10.557, +4.774,+0.943
1701714240,+2.97,+10.566, +4.822,+0.942
1701714360,+2.97,+10.557, +4.852,+0.942
1701714480,+2.97,+10.593, +4.871,+0.942
1701714600,+2.97,+10.611, +4.881,+0.942
1701714720,+2.97,+10.647, +4.861,+0.942
1701714840,+2.97,+10.656, +4.837,+0.942
1701714960,+2.97,+10.665, +4.824,+0.942
1701715080,+2.97,+10.647, +4.818,+0.942
1701715200,+2.97,+10.674, +4.807,+0.942
1701715320,+2.97,+10.683, +4.780,+0.942
1701715440,+2.97,+10.665, +4.763,+0.942
1701715560,+2.97,+10.692, +4.742,+0.943
1701715680,+2.97,+10.674, +4.724,+0.942
1701715800,+2.97,+10.683, +4.701,+0.942
1701715920,+2.97,+10.674, +4.690,+0.942
1701716040,+2.97,+10.692, +4.683,+0.943
1701716160,+2.97,+10.692, +4.676,+0.942
1701716280,+2.97,+10.720, +4.662,+0.942
1701716400,+2.97,+10.720, +4.658,+0.942
1701716520,+2.97,+10.720, +4.653,+0.942
1701716640,+2.97,+10.738, +4.657,+0.943
1701716760,+2.97,+10.692, +4.657,+0.942
1701716880,+2.97,+10.720, +4.664,+0.942
1701717000,+2.97,+10.720, +4.678,+0.942
1701717120,+2.97,+10.720, +4.690,+0.942
1701717240,+2.97,+10.738, +4.696,+0.943
1701717360,+2.97,+10.729, +4.695,+0.942
1701717480,+2.97,+10.720, +4.696,+0.942
1701717600,+2.97,+10.720, +4.700,+0.942
1701717720,+2.97,+10.720, +4.710,+0.942
1701717840,+2.97,+10.738, +4.723,+0.942
1701717960,+2.97,+10.720, +4.738,+0.942
1701718080,+2.97,+10.765, +4.745,+0.942
1701718200,+2.97,+10.747, +4.762,+0.942
1701718320,+2.97,+10.738, +4.786,+0.942
1701718440,+2.97,+10.738, +4.811,+0.942
1701718560,+2.97,+10.747, +4.826,+0.942
1701718680,+2.97,+10.747, +4.830,+0.942
1701718800,+2.97,+10.729, +4.865,+0.942
1701718920,+2.97,+10.738, +4.899,+0.942
1701719040,+2.97,+10.720, +4.929,+0.942
1701719160,+2.97,+10.738, +4.927,+0.942
1701719280,+2.97,+10.738, +4.918,+0.942
1701719400,+2.97,+10.711, +4.923,+0.942
1701719520,+2.97,+10.729, +4.909,+0.942
1701719640,+2.97,+10.711, +4.901,+0.942
1701719760,+2.97,+10.692, +4.910,+0.942
1701719880,+2.97,+10.702, +4.913,+0.942
1701720000,+2.97,+10.702, +4.920,+0.942
1701720120,+2.97,+10.702, +4.933,+0.942
1701720240,+2.97,+10.692, +4.945,+0.942
1701720360,+2.97,+10.674, +4.946,+0.942
1701720480,+2.97,+10.683, +4.946,+0.942
1701720600,+2.97,+10.674, +4.945,+0.942
1701720720,+2.97,+10.674, +4.947,+0.942
1701720840,+2.97,+10.656, +4.958,+0.942
1701720960,+2.97,+10.665, +4.962,+0.942
1701721080,+2.97,+10.674, +4.954,+0.942
1701721200,+2.97,+10.665, +4.950,+0.942
1701721320,+2.97,+10.656, +4.945,+0.942
1701721440,+2.97,+10.647, +4.941,+0.942
1701721560,+2.97,+10.629, +4.940,+0.942
1701721680,+2.97,+10.629, +4.929,+0.942
1701721800,+2.97,+10.611, +4.921,+0.942
1701721920,+2.97,+10.620, +4.908,+0.942
1701722040,+2.97,+10.602, +4.903,+0.942
1701722160,+2.97,+10.602, +4.893,+0.943
1701722280,+2.97,+10.611, +4.881,+0.942
1701722400,+2.97,+10.611, +4.874,+0.942
1701722520,+2.97,+10.593, +4.865,+0.942
1701722640,+2.97,+10.584, +4.860,+0.942
1701722760,+2.97,+10.566, +4.852,+0.942
1701722880,+2.97,+10.547, +4.844,+0.943
1701723000,+2.97,+10.529, +4.825,+0.943
1701723120,+2.97,+10.502, +4.804,+0.942
1701723240,+2.97,+10.502, +4.771,+0.942
1701723360,+2.97,+10.457, +4.752,+0.942
1701723480,+2.97,+10.438, +4.739,+0.943
1701723600,+2.97,+10.411, +4.735,+0.942
1701723720,+2.97,+10.366, +4.764,+0.942
1701723840,+2.97,+10.366, +4.788,+0.942
1701723960,+2.97,+10.302, +4.799,+0.942
1701724080,+2.98,+10.311, +4.820,+0.942
1701724200,+2.98,+10.302, +4.877,+0.942
1701724320,+2.97,+10.284, +4.943,+0.942
1701724440,+2.97,+10.256, +4.978,+0.943
1701724560,+2.98,+10.247, +5.020,+0.942
1701724680,+2.98,+10.256, +5.105,+0.942
1701724800,+2.98,+10.202, +5.162,+0.942
1701724920,+2.98,+10.202, +5.192,+0.942
1701725040,+2.98,+10.193, +5.222,+0.942
1701725160,+2.98,+10.174, +5.270,+0.942
1701725280,+2.98,+10.156, +5.278,+0.942
1701725400,+2.98,+10.138, +5.247,+0.942
1701725520,+2.98,+10.129, +5.204,+0.942
1701725640,+2.97,+10.111, +5.188,+0.942
1701725760,+2.97,+10.083, +5.167,+0.942
1701725880,+2.97,+10.092, +5.121,+0.942
1701726000,+2.97,+10.037, +5.105,+0.942
1701726120,+2.97,+10.047, +5.085,+0.942
1701726240,+2.97,+10.028, +5.078,+0.942
1701726360,+2.97, +9.983, +5.098,+0.942
1701726480,+2.97, +9.983, +5.145,+0.942
1701726600,+2.97, +9.955, +5.215,+0.942
1701726720,+2.97, +9.955, +5.256,+0.942
1701726840,+2.97, +9.946, +5.269,+0.942
1701726960,+2.97, +9.937, +5.312,+0.942
1701727080,+2.97, +9.909, +5.305,+0.942
1701727200,+2.97, +9.891, +5.310,+0.942
1701727320,+2.97, +9.854, +5.305,+0.942
1701727440,+2.97, +9.836, +5.295,+0.942
1701727560,+2.97, +9.836, +5.334,+0.942
1701727680,+2.97, +9.818, +5.448,+0.942
1701727800,+2.97, +9.799, +5.537,+0.942
1701727920,+2.97, +9.772, +5.630,+0.942
1701728040,+2.97, +9.744, +5.700,+0.942
1701728160,+2.97, +9.744, +5.715,+0.942
1701728280,+2.97, +9.717, +5.672,+0.942
1701728400,+2.97, +9.698, +5.656,+0.942
1701728520,+2.97, +9.662, +5.565,+0.942
1701728640,+2.97, +9.652, +5.636,+0.942
1701728760,+2.97, +9.625, +5.692,+0.942
1701728880,+2.97, +9.597, +5.698,+0.942
1701729000,+2.97, +9.588, +5.726,+0.942
1701729120,+2.97, +9.570, +5.790,+0.942
1701729240,+2.97, +9.542, +5.803,+0.942
1701729360,+2.97, +9.514, +5.664,+0.942
1701729480,+2.97, +9.505, +5.685,+0.942
1701729600,+2.97, +9.487, +5.793,+0.942
1701729720,+2.97, +9.477, +5.822,+0.942
1701729840,+2.97, +9.459, +5.789,+0.942
1701729960,+2.97, +9.422, +5.715,+0.942
1701730080,+2.97, +9.422, +5.517,+0.942
1701730200,+2.97, +9.422, +5.419,+0.942
1701730320,+2.97, +9.404, +5.506,+0.942
1701730440,+2.98, +9.376, +5.583,+0.942
1701730560,+2.97, +9.376, +5.457,+0.942
1701730680,+2.98, +9.339, +5.315,+0.942
1701730800,+2.97, +9.339, +5.328,+0.941
1701730920,+2.98, +9.330, +5.179,+0.942
1701731040,+2.98, +9.302, +4.939,+0.942
1701731160,+2.98, +9.339, +4.711,+0.942
1701731280,+2.98, +9.311, +4.404,+0.943
1701731400,+2.98, +9.265, +4.415,+0.943
1701731520,+2.98, +9.256, +4.575,+0.942
1701731640,+2.98, +9.228, +4.676,+0.943
1701731760,+2.98, +9.209, +4.637,+0.942
1701731880,+2.98, +9.200, +4.525,+0.943
1701732000,+2.98, +9.191, +4.449,+0.943
1701732120,+2.98, +9.163, +4.451,+0.942
1701732240,+2.98, +9.154, +4.410,+0.943
1701732360,+2.98, +9.135, +4.389,+0.942
1701732480,+2.98, +9.098, +4.327,+0.943
1701732600,+2.98, +9.089, +4.298,+0.943
1701732720,+2.98, +9.089, +4.303,+0.943
1701732840,+2.98, +9.052, +4.275,+0.943
1701732960,+2.98, +9.061, +4.239,+0.943
1701733080,+2.98, +9.033, +4.218,+0.943
1701733200,+2.98, +9.015, +4.212,+0.943
1701733320,+2.98, +9.033, +4.262,+0.943
1701733440,+2.98, +8.996, +4.272,+0.943
1701733560,+2.98, +8.977, +4.234,+0.943
1701733680,+2.98, +8.968, +4.183,+0.943
1701733800,+2.98, +8.931, +4.146,+0.943
1701733920,+2.98, +8.922, +4.112,+0.943
1701734040,+2.98, +8.931, +4.068,+0.943
1701734160,+2.98, +8.912, +4.084,+0.943
1701734280,+2.97, +8.856, +4.141,+0.943
1701734400,+2.97, +8.856, +4.164,+0.943
1701734520,+2.97, +8.828, +4.169,+0.943
1701734640,+2.97, +8.819, +4.126,+0.943
1701734760,+2.97, +8.791, +4.073,+0.943
1701734880,+2.97, +8.791, +4.034,+0.943
1701735000,+2.97, +8.763, +4.074,+0.943
1701735120,+2.97, +8.735, +4.049,+0.943
1701735240,+2.97, +8.717, +3.999,+0.943
1701735360,+2.97, +8.689, +3.980,+0.943
1701735480,+2.97, +8.689, +4.005,+0.943
1701735600,+2.97, +8.670, +4.030,+0.943
1701735720,+2.97, +8.670, +3.992,+0.943
1701735840,+2.97, +8.632, +3.951,+0.943
1701735960,+2.97, +8.623, +3.928,+0.943
1701736080,+2.97, +8.604, +3.964,+0.943
1701736200,+2.97, +8.604, +3.993,+0.943
1701736320,+2.97, +8.586, +3.991,+0.943
1701736440,+2.97, +8.567, +3.943,+0.943
1701736560,+2.97, +8.558, +3.928,+0.943
1701736680,+2.97, +8.530, +3.968,+0.943
1701736800,+2.97, +8.520, +3.985,+0.943
1701736920,+2.97, +8.511, +4.017,+0.943
1701737040,+2.97, +8.501, +4.016,+0.943
1701737160,+2.97, +8.483, +3.974,+0.943
1701737280,+2.97, +8.492, +3.966,+0.943
1701737400,+2.97, +8.483, +3.972,+0.943
1701737520,+2.97, +8.464, +3.982,+0.943
1701737640,+2.97, +8.436, +3.962,+0.942
1701737760,+2.97, +8.436, +3.966,+0.943
1701737880,+2.97, +8.389, +4.017,+0.943
1701738000,+2.97, +8.379, +4.011,+0.943
1701738120,+2.97, +8.389, +3.887,+0.943
1701738240,+2.97, +8.361, +3.770,+0.943
1701738360,+2.98, +8.332, +3.785,+0.943
1701738480,+2.98, +8.314, +3.846,+0.943
1701738600,+2.97, +8.314, +3.934,+0.943
1701738720,+2.98, +8.314, +3.956,+0.943
1701738840,+2.98, +8.304, +3.991,+0.943
1701738960,+2.98, +8.295, +4.009,+0.943
1701739080,+2.98, +8.295, +3.978,+0.943
1701739200,+2.98, +8.276, +3.948,+0.943
1701739320,+2.98, +8.267, +3.953,+0.943
1701739440,+2.98, +8.248, +3.964,+0.943
1701739560,+2.98, +8.238, +3.952,+0.943
1701739680,+2.98, +8.220, +3.895,+0.943
1701739800,+2.98, +8.220, +3.867,+0.943
1701739920,+2.98, +8.191, +3.850,+0.942
1701740040,+2.98, +8.182, +3.880,+0.943
1701740160,+2.98, +8.173, +3.916,+0.943
1701740280,+2.98, +8.154, +3.931,+0.943
1701740400,+2.98, +8.144, +4.013,+0.943
1701740520,+2.98, +8.107, +4.237,+0.943
1701740640,+2.98, +8.097, +4.227,+0.943
1701740760,+2.98, +8.078, +4.180,+0.943
