7450-401396
OS REV: 1.05 Sensor Cal: 1618512290
Time (sec),  BV (Volts),  T (deg C),  DO (mg/l),  Q ()
1690839360,+3.04,+25.820, +3.928,+0.962
1690839480,+3.04,+25.837, +4.007,+0.962
1690839600,+3.04,+25.820, +3.910,+0.962
1690839720,+3.04,+25.812, +3.826,+0.963
1690839840,+3.04,+25.820, +3.714,+0.963
1690839960,+3.04,+25.820, +3.648,+0.963
1690840080,+3.04,+25.803, +3.515,+0.963
1690840200,+3.04,+25.795, +3.392,+0.963
1690840320,+3.04,+25.795, +3.416,+0.963
1690840440,+3.04,+25.812, +3.320,+0.963
1690840560,+3.04,+25.786, +3.328,+0.963
1690840680,+3.04,+25.786, +3.312,+0.964
1690840800,+3.04,+25.778, +3.322,+0.964
1690840920,+3.04,+25.786, +3.340,+0.964
1690841040,+3.04,+25.778, +3.388,+0.963
1690841160,+3.04,+25.778, +3.354,+0.964
1690841280,+3.04,+25.778, +3.417,+0.963
1690841400,+3.04,+25.769, +3.649,+0.963
1690841520,+3.04,+25.752, +3.799,+0.963
1690841640,+3.04,+25.752, +3.682,+0.963
1690841760,+3.04,+25.736, +3.773,+0.963
1690841880,+3.04,+25.744, +3.820,+0.963
1690842000,+3.04,+25.736, +3.779,+0.963
1690842120,+3.04,+25.744, +3.927,+0.963
1690842240,+3.04,+25.719, +4.101,+0.963
1690842360,+3.04,+25.719, +3.976,+0.963
1690842480,+3.04,+25.702, +3.883,+0.963
1690842600,+3.04,+25.702, +3.862,+0.963
1690842720,+3.04,+25.710, +3.817,+0.963
1690842840,+3.04,+25.693, +3.725,+0.963
1690842960,+3.04,+25.693, +3.643,+0.963
1690843080,+3.04,+25.676, +3.582,+0.964
1690843200,+3.04,+25.660, +3.534,+0.963
1690843320,+3.04,+25.651, +3.549,+0.964
1690843440,+3.04,+25.651, +3.582,+0.963
1690843560,+3.04,+25.626, +3.586,+0.963
1690843680,+3.04,+25.634, +3.466,+0.964
1690843800,+3.04,+25.626, +3.380,+0.963
1690843920,+3.04,+25.617, +3.402,+0.963
1690844040,+3.04,+25.609, +3.512,+0.963
1690844160,+3.04,+25.592, +3.677,+0.963
1690844280,+3.04,+25.601, +3.933,+0.963
1690844400,+3.04,+25.584, +4.190,+0.963
1690844520,+3.04,+25.567, +4.390,+0.963
1690844640,+3.04,+25.550, +4.541,+0.963
1690844760,+3.04,+25.542, +4.483,+0.963
1690844880,+3.04,+25.525, +4.396,+0.963
1690845000,+3.04,+25.508, +4.341,+0.963
1690845120,+3.04,+25.499, +4.262,+0.963
1690845240,+3.04,+25.499, +4.115,+0.963
1690845360,+3.04,+25.491, +3.965,+0.963
1690845480,+3.04,+25.466, +3.951,+0.963
1690845600,+3.04,+25.483, +3.896,+0.963
1690845720,+3.04,+25.457, +3.780,+0.963
1690845840,+3.04,+25.415, +3.611,+0.963
1690845960,+3.04,+25.415, +3.462,+0.963
1690846080,+3.04,+25.398, +3.366,+0.963
1690846200,+3.04,+25.381, +3.222,+0.963
1690846320,+3.04,+25.381, +3.109,+0.963
1690846440,+3.04,+25.373, +2.956,+0.963
1690846560,+3.04,+25.339, +2.827,+0.964
1690846680,+3.04,+25.339, +2.675,+0.963
1690846800,+3.04,+25.306, +2.587,+0.963
1690846920,+3.04,+25.280, +2.505,+0.963
1690847040,+3.04,+25.280, +2.440,+0.963
1690847160,+3.04,+25.272, +2.491,+0.963
1690847280,+3.04,+25.263, +2.616,+0.963
1690847400,+3.04,+25.238, +2.737,+0.963
1690847520,+3.04,+25.238, +2.888,+0.963
1690847640,+3.04,+25.213, +3.147,+0.963
1690847760,+3.04,+25.171, +3.022,+0.963
1690847880,+3.04,+25.171, +2.887,+0.963
1690848000,+3.04,+25.162, +2.963,+0.963
1690848120,+3.04,+25.137, +3.072,+0.963
1690848240,+3.04,+25.120, +3.317,+0.962
1690848360,+3.04,+25.120, +3.514,+0.963
1690848480,+3.04,+25.095, +3.688,+0.962
1690848600,+3.04,+25.070, +4.221,+0.962
1690848720,+3.04,+25.061, +4.575,+0.962
1690848840,+3.04,+25.019, +4.756,+0.962
1690848960,+3.04,+24.994, +4.657,+0.962
1690849080,+3.04,+24.986, +4.589,+0.963
1690849200,+3.04,+24.969, +4.406,+0.963
1690849320,+3.04,+24.944, +4.197,+0.962
1690849440,+3.04,+24.944, +3.956,+0.963
1690849560,+3.04,+24.910, +3.843,+0.963
1690849680,+3.04,+24.902, +3.839,+0.963
1690849800,+3.04,+24.910, +3.877,+0.963
1690849920,+3.04,+24.893, +3.887,+0.963
1690850040,+3.04,+24.868, +3.954,+0.963
1690850160,+3.04,+24.885, +4.110,+0.962
1690850280,+3.04,+24.859, +4.143,+0.963
1690850400,+3.04,+24.843, +4.228,+0.962
1690850520,+3.04,+24.826, +4.231,+0.962
1690850640,+3.04,+24.801, +4.183,+0.962
1690850760,+3.04,+24.801, +4.242,+0.962
1690850880,+3.04,+24.775, +4.229,+0.963
1690851000,+3.04,+24.750, +4.161,+0.962
1690851120,+3.04,+24.750, +4.185,+0.963
1690851240,+3.04,+24.717, +4.251,+0.963
1690851360,+3.04,+24.717, +4.256,+0.963
1690851480,+3.04,+24.708, +4.239,+0.962
1690851600,+3.05,+24.666, +4.198,+0.962
1690851720,+3.04,+24.658, +4.217,+0.962
1690851840,+3.05,+24.649, +4.226,+0.962
1690851960,+3.05,+24.624, +4.235,+0.962
1690852080,+3.05,+24.616, +4.239,+0.962
1690852200,+3.05,+24.607, +4.233,+0.962
1690852320,+3.05,+24.565, +4.224,+0.963
1690852440,+3.05,+24.574, +4.193,+0.962
1690852560,+3.05,+24.548, +4.169,+0.962
1690852680,+3.05,+24.557, +4.134,+0.963
1690852800,+3.05,+24.532, +4.087,+0.963
1690852920,+3.05,+24.506, +4.038,+0.962
1690853040,+3.05,+24.506, +4.026,+0.962
1690853160,+3.05,+24.464, +4.037,+0.962
1690853280,+3.05,+24.464, +3.990,+0.963
1690853400,+3.05,+24.456, +3.968,+0.963
1690853520,+3.05,+24.439, +3.950,+0.962
1690853640,+3.05,+24.422, +3.958,+0.962
1690853760,+3.05,+24.414, +3.960,+0.962
1690853880,+3.05,+24.389, +3.910,+0.963
1690854000,+3.05,+24.364, +3.836,+0.963
1690854120,+3.05,+24.380, +3.768,+0.962
1690854240,+3.04,+24.347, +3.793,+0.963
1690854360,+3.04,+24.322, +3.754,+0.963
1690854480,+3.04,+24.322, +3.717,+0.962
1690854600,+3.04,+24.288, +3.766,+0.962
1690854720,+3.04,+24.288, +3.755,+0.962
1690854840,+3.04,+24.263, +3.800,+0.962
1690854960,+3.04,+24.255, +3.792,+0.962
1690855080,+3.04,+24.255, +3.816,+0.962
1690855200,+3.04,+24.221, +3.769,+0.963
1690855320,+3.04,+24.221, +3.720,+0.962
1690855440,+3.04,+24.204, +3.664,+0.963
1690855560,+3.04,+24.204, +3.628,+0.962
1690855680,+3.04,+24.171, +3.602,+0.962
1690855800,+3.04,+24.162, +3.510,+0.963
1690855920,+3.04,+24.137, +3.417,+0.962
1690856040,+3.04,+24.120, +3.486,+0.962
1690856160,+3.04,+24.120, +3.478,+0.962
1690856280,+3.04,+24.095, +3.564,+0.962
1690856400,+3.04,+24.103, +3.568,+0.962
1690856520,+3.04,+24.078, +3.607,+0.962
1690856640,+3.04,+24.070, +3.614,+0.962
1690856760,+3.04,+24.045, +3.591,+0.962
1690856880,+3.04,+24.036, +3.583,+0.962
1690857000,+3.04,+24.011, +3.563,+0.962
1690857120,+3.04,+24.003, +3.572,+0.963
1690857240,+3.04,+23.986, +3.556,+0.962
1690857360,+3.04,+23.969, +3.558,+0.963
1690857480,+3.04,+23.978, +3.515,+0.962
1690857600,+3.04,+23.936, +3.525,+0.962
1690857720,+3.04,+23.919, +3.494,+0.962
1690857840,+3.04,+23.919, +3.453,+0.962
1690857960,+3.04,+23.885, +3.386,+0.962
1690858080,+3.04,+23.885, +3.312,+0.962
1690858200,+3.04,+23.869, +3.293,+0.963
1690858320,+3.04,+23.852, +3.271,+0.962
1690858440,+3.04,+23.843, +3.266,+0.962
1690858560,+3.04,+23.818, +3.252,+0.962
1690858680,+3.05,+23.785, +3.268,+0.962
1690858800,+3.05,+23.768, +3.259,+0.962
1690858920,+3.05,+23.768, +3.235,+0.962
1690859040,+3.05,+23.743, +3.261,+0.962
1690859160,+3.05,+23.734, +3.251,+0.962
1690859280,+3.05,+23.709, +3.258,+0.962
1690859400,+3.05,+23.693, +3.261,+0.963
1690859520,+3.05,+23.676, +3.273,+0.962
1690859640,+3.05,+23.676, +3.258,+0.963
1690859760,+3.05,+23.642, +3.286,+0.962
1690859880,+3.05,+23.634, +3.299,+0.962
1690860000,+3.05,+23.625, +3.250,+0.963
1690860120,+3.05,+23.609, +3.228,+0.962
1690860240,+3.05,+23.609, +3.229,+0.962
1690860360,+3.05,+23.584, +3.261,+0.962
1690860480,+3.05,+23.558, +3.254,+0.962
1690860600,+3.05,+23.558, +3.270,+0.963
1690860720,+3.05,+23.533, +3.303,+0.962
1690860840,+3.05,+23.550, +3.252,+0.962
1690860960,+3.05,+23.500, +3.250,+0.963
1690861080,+3.05,+23.517, +3.234,+0.962
1690861200,+3.05,+23.500, +3.262,+0.962
1690861320,+3.05,+23.483, +3.274,+0.962
1690861440,+3.05,+23.466, +3.228,+0.962
1690861560,+3.05,+23.475, +3.195,+0.962
1690861680,+3.05,+23.449, +3.153,+0.962
1690861800,+3.05,+23.441, +3.166,+0.962
1690861920,+3.05,+23.424, +3.158,+0.962
1690862040,+3.05,+23.408, +3.135,+0.962
1690862160,+3.05,+23.399, +3.130,+0.962
1690862280,+3.05,+23.382, +3.152,+0.962
1690862400,+3.05,+23.366, +3.108,+0.962
1690862520,+3.05,+23.341, +3.098,+0.962
1690862640,+3.05,+23.357, +3.118,+0.962
1690862760,+3.05,+23.324, +3.155,+0.962
1690862880,+3.05,+23.324, +3.135,+0.962
1690863000,+3.05,+23.290, +3.092,+0.962
1690863120,+3.05,+23.282, +3.120,+0.962
1690863240,+3.05,+23.257, +3.156,+0.962
1690863360,+3.05,+23.257, +3.157,+0.962
1690863480,+3.04,+23.232, +3.133,+0.962
1690863600,+3.05,+23.223, +3.173,+0.962
1690863720,+3.04,+23.207, +3.176,+0.962
1690863840,+3.04,+23.181, +3.169,+0.962
1690863960,+3.04,+23.181, +3.122,+0.962
1690864080,+3.04,+23.165, +3.104,+0.962
1690864200,+3.04,+23.140, +3.100,+0.962
1690864320,+3.04,+23.156, +3.092,+0.962
1690864440,+3.04,+23.114, +3.085,+0.962
1690864560,+3.04,+23.140, +3.073,+0.962
1690864680,+3.04,+23.123, +3.083,+0.962
1690864800,+3.04,+23.106, +3.072,+0.962
1690864920,+3.04,+23.089, +3.076,+0.962
1690865040,+3.04,+23.064, +3.060,+0.962
1690865160,+3.04,+23.073, +3.023,+0.962
1690865280,+3.04,+23.039, +3.038,+0.962
1690865400,+3.04,+23.039, +3.007,+0.962
1690865520,+3.04,+23.014, +2.979,+0.962
1690865640,+3.04,+22.989, +2.985,+0.962
1690865760,+3.04,+22.997, +2.971,+0.962
1690865880,+3.04,+22.981, +2.983,+0.962
1690866000,+3.04,+22.972, +2.975,+0.962
1690866120,+3.04,+22.964, +2.955,+0.962
1690866240,+3.04,+22.922, +3.021,+0.962
1690866360,+3.04,+22.930, +2.995,+0.962
1690866480,+3.04,+22.930, +2.972,+0.962
1690866600,+3.04,+22.897, +3.011,+0.962
1690866720,+3.04,+22.888, +2.994,+0.962
1690866840,+3.04,+22.872, +3.049,+0.962
1690866960,+3.04,+22.855, +3.017,+0.962
1690867080,+3.04,+22.863, +3.022,+0.962
1690867200,+3.04,+22.855, +2.987,+0.962
1690867320,+3.05,+22.821, +2.985,+0.962
1690867440,+3.05,+22.821, +2.952,+0.962
1690867560,+3.05,+22.796, +2.978,+0.962
1690867680,+3.05,+22.788, +2.986,+0.962
1690867800,+3.05,+22.780, +2.989,+0.962
1690867920,+3.05,+22.771, +3.021,+0.962
1690868040,+3.05,+22.763, +3.031,+0.962
1690868160,+3.05,+22.755, +3.024,+0.962
1690868280,+3.05,+22.746, +2.979,+0.962
1690868400,+3.05,+22.721, +2.997,+0.962
1690868520,+3.05,+22.704, +3.034,+0.962
1690868640,+3.05,+22.704, +2.970,+0.962
1690868760,+3.05,+22.671, +3.005,+0.962
1690868880,+3.05,+22.671, +3.010,+0.962
1690869000,+3.05,+22.654, +3.008,+0.962
1690869120,+3.05,+22.646, +2.974,+0.962
1690869240,+3.05,+22.646, +2.958,+0.962
1690869360,+3.05,+22.654, +2.936,+0.962
1690869480,+3.05,+22.604, +2.897,+0.961
1690869600,+3.05,+22.596, +2.967,+0.962
1690869720,+3.05,+22.579, +2.980,+0.962
1690869840,+3.05,+22.570, +2.950,+0.962
1690869960,+3.05,+22.562, +2.929,+0.962
1690870080,+3.05,+22.537, +2.965,+0.962
1690870200,+3.05,+22.545, +2.993,+0.962
1690870320,+3.05,+22.537, +2.924,+0.962
1690870440,+3.05,+22.512, +2.903,+0.962
1690870560,+3.05,+22.504, +2.901,+0.962
1690870680,+3.05,+22.478, +2.887,+0.962
1690870800,+3.05,+22.462, +2.899,+0.962
1690870920,+3.05,+22.453, +2.924,+0.962
1690871040,+3.05,+22.445, +2.984,+0.961
1690871160,+3.05,+22.420, +2.979,+0.961
1690871280,+3.05,+22.412, +2.965,+0.962
1690871400,+3.05,+22.403, +2.924,+0.962
1690871520,+3.05,+22.395, +2.925,+0.962
1690871640,+3.05,+22.353, +2.952,+0.962
1690871760,+3.05,+22.353, +2.923,+0.962
1690871880,+3.05,+22.345, +2.871,+0.961
1690872000,+3.05,+22.328, +2.889,+0.962
1690872120,+3.05,+22.320, +2.902,+0.962
1690872240,+3.05,+22.286, +2.935,+0.962
1690872360,+3.05,+22.278, +2.906,+0.962
1690872480,+3.05,+22.286, +2.880,+0.962
1690872600,+3.05,+22.261, +2.868,+0.961
1690872720,+3.05,+22.244, +2.867,+0.962
1690872840,+3.05,+22.244, +2.873,+0.962
1690872960,+3.05,+22.219, +2.849,+0.961
1690873080,+3.05,+22.202, +2.853,+0.961
1690873200,+3.05,+22.202, +2.849,+0.962
1690873320,+3.05,+22.186, +2.867,+0.962
1690873440,+3.05,+22.186, +2.859,+0.961
1690873560,+3.05,+22.161, +2.942,+0.961
1690873680,+3.05,+22.135, +3.016,+0.961
1690873800,+3.04,+22.127, +3.057,+0.962
1690873920,+3.04,+22.094, +3.098,+0.962
1690874040,+3.04,+22.085, +3.119,+0.962
1690874160,+3.04,+22.094, +3.113,+0.961
1690874280,+3.04,+22.069, +3.081,+0.962
1690874400,+3.04,+22.044, +3.078,+0.961
1690874520,+3.04,+22.052, +3.095,+0.962
1690874640,+3.04,+22.027, +3.100,+0.962
1690874760,+3.04,+22.027, +3.092,+0.962
1690874880,+3.04,+22.010, +3.097,+0.962
1690875000,+3.04,+21.985, +3.107,+0.961
1690875120,+3.05,+21.993, +3.115,+0.961
1690875240,+3.04,+21.985, +3.113,+0.961
1690875360,+3.04,+21.960, +3.095,+0.961
1690875480,+3.04,+21.935, +3.136,+0.961
1690875600,+3.04,+21.943, +3.140,+0.962
1690875720,+3.04,+21.926, +3.116,+0.961
1690875840,+3.05,+21.926, +3.120,+0.962
1690875960,+3.05,+21.901, +3.120,+0.961
1690876080,+3.05,+21.901, +3.111,+0.962
1690876200,+3.05,+21.885, +3.116,+0.961
1690876320,+3.05,+21.868, +3.114,+0.961
1690876440,+3.05,+21.868, +3.118,+0.961
1690876560,+3.05,+21.860, +3.096,+0.962
1690876680,+3.05,+21.826, +3.101,+0.961
1690876800,+3.05,+21.818, +3.111,+0.962
1690876920,+3.05,+21.809, +3.125,+0.962
1690877040,+3.05,+21.809, +3.124,+0.961
1690877160,+3.05,+21.793, +3.107,+0.961
1690877280,+3.05,+21.776, +3.130,+0.961
1690877400,+3.05,+21.751, +3.145,+0.961
1690877520,+3.05,+21.759, +3.148,+0.961
1690877640,+3.05,+21.751, +3.118,+0.961
1690877760,+3.05,+21.734, +3.108,+0.961
1690877880,+3.05,+21.709, +3.122,+0.961
1690878000,+3.05,+21.692, +3.121,+0.961
1690878120,+3.05,+21.667, +3.139,+0.961
1690878240,+3.05,+21.650, +3.145,+0.961
1690878360,+3.05,+21.667, +3.135,+0.961
1690878480,+3.05,+21.642, +3.143,+0.961
1690878600,+3.05,+21.642, +3.119,+0.961
1690878720,+3.05,+21.617, +3.120,+0.961
1690878840,+3.05,+21.600, +3.136,+0.961
1690878960,+3.05,+21.600, +3.145,+0.961
1690879080,+3.05,+21.584, +3.147,+0.961
1690879200,+3.05,+21.592, +3.146,+0.961
1690879320,+3.05,+21.567, +3.145,+0.961
1690879440,+3.05,+21.542, +3.146,+0.961
1690879560,+3.05,+21.558, +3.128,+0.961
1690879680,+3.05,+21.533, +3.128,+0.961
1690879800,+3.05,+21.525, +3.128,+0.961
1690879920,+3.05,+21.508, +3.128,+0.961
1690880040,+3.05,+21.500, +3.123,+0.961
1690880160,+3.05,+21.492, +3.120,+0.961
1690880280,+3.05,+21.475, +3.107,+0.961
1690880400,+3.05,+21.475, +3.127,+0.961
1690880520,+3.05,+21.458, +3.160,+0.961
1690880640,+3.05,+21.450, +3.166,+0.961
1690880760,+3.05,+21.441, +3.173,+0.961
1690880880,+3.05,+21.416, +3.174,+0.961
1690881000,+3.05,+21.400, +3.179,+0.961
1690881120,+3.05,+21.408, +3.166,+0.961
1690881240,+3.05,+21.391, +3.162,+0.961
1690881360,+3.05,+21.375, +3.149,+0.961
1690881480,+3.05,+21.383, +3.141,+0.961
1690881600,+3.05,+21.366, +3.154,+0.961
1690881720,+3.05,+21.358, +3.169,+0.961
1690881840,+3.05,+21.341, +3.191,+0.961
1690881960,+3.05,+21.324, +3.189,+0.961
1690882080,+3.05,+21.299, +3.187,+0.961
1690882200,+3.05,+21.316, +3.164,+0.961
1690882320,+3.05,+21.283, +2.898,+0.959
1690882440,+3.05,+21.291, +3.060,+0.961
1690882560,+3.05,+21.274, +3.049,+0.961
1690882680,+3.05,+21.257, +3.087,+0.961
1690882800,+3.05,+21.257, +3.106,+0.961
1690882920,+3.05,+21.216, +3.133,+0.961
1690883040,+3.05,+21.207, +3.144,+0.961
1690883160,+3.05,+21.191, +3.162,+0.961
1690883280,+3.05,+21.182, +3.173,+0.961
1690883400,+3.05,+21.182, +3.168,+0.961
1690883520,+3.05,+21.174, +3.156,+0.961
1690883640,+3.05,+21.165, +3.166,+0.961
1690883760,+3.05,+21.157, +3.169,+0.961
1690883880,+3.05,+21.132, +3.192,+0.961
1690884000,+3.05,+21.124, +3.206,+0.961
1690884120,+3.05,+21.115, +3.227,+0.961
1690884240,+3.05,+21.115, +3.243,+0.961
1690884360,+3.05,+21.090, +3.238,+0.961
1690884480,+3.05,+21.082, +3.216,+0.961
1690884600,+3.05,+21.065, +3.204,+0.961
1690884720,+3.05,+21.065, +3.212,+0.961
1690884840,+3.05,+21.048, +3.211,+0.961
1690884960,+3.05,+21.032, +3.185,+0.961
1690885080,+3.05,+21.015, +3.206,+0.961
1690885200,+3.05,+21.015, +3.197,+0.961
1690885320,+3.05,+21.007, +3.196,+0.961
1690885440,+3.05,+20.981, +3.207,+0.961
1690885560,+3.05,+20.965, +3.209,+0.961
1690885680,+3.05,+20.973, +3.200,+0.961
1690885800,+3.05,+20.965, +3.207,+0.961
1690885920,+3.05,+20.973, +3.199,+0.961
1690886040,+3.05,+20.931, +3.220,+0.961
1690886160,+3.05,+20.931, +3.232,+0.960
1690886280,+3.05,+20.931, +3.228,+0.961
1690886400,+3.05,+20.923, +3.208,+0.961
1690886520,+3.05,+20.906, +3.197,+0.961
1690886640,+3.05,+20.906, +3.186,+0.961
1690886760,+3.05,+20.898, +3.182,+0.961
1690886880,+3.05,+20.881, +3.209,+0.961
1690887000,+3.05,+20.881, +3.196,+0.961
1690887120,+3.05,+20.873, +3.188,+0.961
1690887240,+3.05,+20.881, +3.177,+0.961
1690887360,+3.05,+20.831, +3.175,+0.961
1690887480,+3.05,+20.823, +3.186,+0.961
1690887600,+3.05,+20.806, +3.197,+0.961
1690887720,+3.05,+20.823, +3.197,+0.961
1690887840,+3.05,+20.823, +3.182,+0.960
1690887960,+3.05,+20.806, +3.165,+0.961
1690888080,+3.05,+20.789, +3.142,+0.961
1690888200,+3.05,+20.789, +3.137,+0.961
1690888320,+3.05,+20.781, +3.122,+0.960
1690888440,+3.05,+20.764, +3.116,+0.960
1690888560,+3.05,+20.764, +3.140,+0.961
1690888680,+3.05,+20.764, +3.125,+0.960
1690888800,+3.05,+20.756, +3.135,+0.961
1690888920,+3.05,+20.756, +3.129,+0.960
1690889040,+3.05,+20.756, +3.120,+0.961
1690889160,+3.05,+20.730, +3.125,+0.961
1690889280,+3.05,+20.714, +3.116,+0.961
1690889400,+3.05,+20.705, +3.131,+0.961
1690889520,+3.05,+20.714, +3.122,+0.961
1690889640,+3.05,+20.705, +3.100,+0.961
1690889760,+3.05,+20.697, +3.080,+0.961
1690889880,+3.05,+20.680, +3.070,+0.961
1690890000,+3.05,+20.680, +3.039,+0.961
1690890120,+3.05,+20.680, +3.036,+0.961
1690890240,+3.05,+20.655, +3.045,+0.960
1690890360,+3.05,+20.664, +3.060,+0.961
1690890480,+3.05,+20.672, +3.055,+0.960
1690890600,+3.05,+20.664, +3.026,+0.961
1690890720,+3.05,+20.647, +3.012,+0.961
1690890840,+3.05,+20.638, +3.015,+0.961
1690890960,+3.05,+20.630, +3.031,+0.961
1690891080,+3.05,+20.638, +3.031,+0.961
1690891200,+3.05,+20.630, +3.029,+0.961
1690891320,+3.05,+20.622, +3.036,+0.961
1690891440,+3.05,+20.630, +3.001,+0.961
1690891560,+3.05,+20.622, +2.969,+0.961
1690891680,+3.05,+20.622, +2.954,+0.961
1690891800,+3.05,+20.613, +2.926,+0.961
1690891920,+3.05,+20.605, +2.937,+0.960
1690892040,+3.05,+20.605, +2.952,+0.960
1690892160,+3.05,+20.597, +2.960,+0.961
1690892280,+3.05,+20.622, +2.943,+0.961
1690892400,+3.05,+20.597, +2.954,+0.960
1690892520,+3.05,+20.605, +2.973,+0.961
1690892640,+3.05,+20.605, +2.986,+0.961
1690892760,+3.05,+20.588, +2.990,+0.960
1690892880,+3.05,+20.588, +2.963,+0.961
1690893000,+3.05,+20.605, +2.961,+0.960
1690893120,+3.05,+20.605, +2.965,+0.961
1690893240,+3.05,+20.588, +2.967,+0.961
1690893360,+3.05,+20.588, +2.936,+0.960
1690893480,+3.05,+20.580, +2.936,+0.961
1690893600,+3.05,+20.580, +2.939,+0.961
1690893720,+3.05,+20.588, +2.924,+0.961
1690893840,+3.05,+20.572, +2.910,+0.960
1690893960,+3.05,+20.588, +2.920,+0.960
1690894080,+3.05,+20.597, +2.896,+0.960
1690894200,+3.05,+20.597, +2.898,+0.960
1690894320,+3.05,+20.597, +2.892,+0.960
1690894440,+3.05,+20.597, +2.922,+0.961
1690894560,+3.05,+20.605, +2.929,+0.960
1690894680,+3.05,+20.613, +2.944,+0.960
1690894800,+3.05,+20.613, +2.925,+0.960
1690894920,+3.05,+20.605, +2.912,+0.961
1690895040,+3.05,+20.622, +2.896,+0.960
1690895160,+3.05,+20.613, +2.909,+0.961
1690895280,+3.05,+20.622, +2.923,+0.961
1690895400,+3.05,+20.630, +2.918,+0.961
1690895520,+3.05,+20.630, +2.922,+0.960
1690895640,+3.05,+20.647, +2.942,+0.961
1690895760,+3.05,+20.647, +2.966,+0.961
1690895880,+3.05,+20.655, +2.996,+0.961
1690896000,+3.05,+20.647, +3.000,+0.961
1690896120,+3.05,+20.664, +3.010,+0.961
1690896240,+3.05,+20.664, +3.030,+0.960
1690896360,+3.05,+20.680, +3.048,+0.960
1690896480,+3.05,+20.655, +3.070,+0.961
1690896600,+3.05,+20.689, +3.077,+0.961
1690896720,+3.05,+20.689, +3.078,+0.961
1690896840,+3.05,+20.697, +3.096,+0.961
1690896960,+3.05,+20.689, +3.127,+0.960
1690897080,+3.05,+20.705, +3.133,+0.961
1690897200,+3.05,+20.705, +3.127,+0.960
1690897320,+3.05,+20.697, +3.125,+0.961
1690897440,+3.05,+20.722, +3.110,+0.961
1690897560,+3.05,+20.714, +3.080,+0.961
1690897680,+3.05,+20.722, +3.036,+0.961
1690897800,+3.05,+20.730, +3.030,+0.960
1690897920,+3.05,+20.739, +3.042,+0.960
1690898040,+3.05,+20.722, +3.037,+0.960
1690898160,+3.05,+20.756, +3.027,+0.961
1690898280,+3.05,+20.764, +3.013,+0.960
1690898400,+3.05,+20.772, +3.007,+0.961
1690898520,+3.05,+20.772, +3.020,+0.960
1690898640,+3.05,+20.756, +3.033,+0.961
1690898760,+3.05,+20.764, +3.033,+0.961
1690898880,+3.05,+20.789, +3.037,+0.960
1690899000,+3.05,+20.789, +3.024,+0.960
1690899120,+3.05,+20.814, +3.017,+0.961
1690899240,+3.05,+20.814, +3.025,+0.961
1690899360,+3.05,+20.814, +3.037,+0.961
1690899480,+3.05,+20.839, +3.057,+0.961
1690899600,+3.05,+20.839, +3.072,+0.961
1690899720,+3.05,+20.839, +3.080,+0.961
1690899840,+3.05,+20.839, +3.080,+0.960
1690899960,+3.05,+20.873, +3.084,+0.961
1690900080,+3.05,+20.881, +3.085,+0.961
1690900200,+3.05,+20.889, +3.088,+0.960
1690900320,+3.05,+20.915, +3.098,+0.960
1690900440,+3.05,+20.915, +3.101,+0.960
1690900560,+3.05,+20.931, +3.100,+0.960
1690900680,+3.05,+20.931, +3.104,+0.960
1690900800,+3.05,+20.931, +3.107,+0.961
1690900920,+3.05,+20.948, +3.091,+0.961
1690901040,+3.05,+20.965, +3.075,+0.961
1690901160,+3.05,+20.981, +3.068,+0.961
1690901280,+3.05,+20.965, +3.061,+0.961
1690901400,+3.05,+20.998, +3.055,+0.960
1690901520,+3.05,+21.007, +3.051,+0.961
1690901640,+3.05,+21.023, +3.034,+0.960
1690901760,+3.05,+21.032, +3.027,+0.961
1690901880,+3.05,+21.048, +3.029,+0.960
1690902000,+3.05,+21.073, +3.056,+0.960
1690902120,+3.05,+21.099, +3.083,+0.960
1690902240,+3.05,+21.107, +3.133,+0.960
1690902360,+3.05,+21.115, +3.163,+0.960
1690902480,+3.05,+21.124, +3.149,+0.960
1690902600,+3.05,+21.124, +3.132,+0.960
1690902720,+3.05,+21.132, +3.109,+0.960
1690902840,+3.05,+21.157, +3.128,+0.960
1690902960,+3.05,+21.182, +3.090,+0.960
1690903080,+3.05,+21.182, +3.067,+0.961
1690903200,+3.05,+21.199, +3.077,+0.960
1690903320,+3.05,+21.216, +3.130,+0.960
1690903440,+3.05,+21.257, +3.244,+0.959
1690903560,+3.05,+21.291, +3.275,+0.960
1690903680,+3.05,+21.291, +3.254,+0.960
1690903800,+3.05,+21.283, +3.276,+0.960
1690903920,+3.05,+21.299, +3.333,+0.960
1690904040,+3.05,+21.308, +3.323,+0.960
1690904160,+3.05,+21.333, +3.271,+0.960
1690904280,+3.05,+21.358, +3.229,+0.960
1690904400,+3.05,+21.358, +3.245,+0.960
1690904520,+3.05,+21.366, +3.222,+0.960
1690904640,+3.05,+21.375, +3.198,+0.960
1690904760,+3.05,+21.383, +3.198,+0.961
1690904880,+3.05,+21.408, +3.193,+0.961
1690905000,+3.05,+21.441, +3.189,+0.960
1690905120,+3.05,+21.450, +3.221,+0.960
1690905240,+3.05,+21.467, +3.244,+0.960
1690905360,+3.05,+21.475, +3.230,+0.961
1690905480,+3.05,+21.500, +3.250,+0.961
1690905600,+3.05,+21.517, +3.230,+0.960
1690905720,+3.05,+21.533, +3.190,+0.960
1690905840,+3.05,+21.558, +3.201,+0.961
1690905960,+3.05,+21.584, +3.195,+0.961
1690906080,+3.05,+21.600, +3.167,+0.961
1690906200,+3.05,+21.609, +3.143,+0.961
1690906320,+3.05,+21.625, +3.185,+0.961
1690906440,+3.05,+21.667, +3.339,+0.961
1690906560,+3.05,+21.692, +3.436,+0.961
1690906680,+3.05,+21.726, +3.461,+0.960
1690906800,+3.05,+21.768, +3.606,+0.959
1690906920,+3.05,+21.851, +3.878,+0.958
1690907040,+3.04,+21.893, +4.027,+0.958
1690907160,+3.04,+21.926, +4.147,+0.958
1690907280,+3.04,+21.960, +4.274,+0.958
1690907400,+3.04,+21.993, +4.542,+0.958
1690907520,+3.04,+22.027, +4.570,+0.958
1690907640,+3.04,+22.060, +4.689,+0.958
1690907760,+3.04,+22.135, +4.632,+0.958
1690907880,+3.05,+22.152, +4.516,+0.958
1690908000,+3.05,+22.169, +4.373,+0.958
1690908120,+3.05,+22.202, +4.302,+0.958
1690908240,+3.05,+22.219, +4.305,+0.958
1690908360,+3.05,+22.261, +4.314,+0.958
1690908480,+3.05,+22.286, +4.258,+0.958
1690908600,+3.05,+22.328, +4.172,+0.958
1690908720,+3.05,+22.370, +4.164,+0.958
1690908840,+3.05,+22.403, +4.192,+0.958
1690908960,+3.05,+22.437, +4.092,+0.959
1690909080,+3.05,+22.462, +3.974,+0.960
1690909200,+3.05,+22.487, +3.907,+0.960
1690909320,+3.05,+22.537, +3.874,+0.960
1690909440,+3.05,+22.545, +3.874,+0.960
1690909560,+3.05,+22.612, +3.949,+0.959
1690909680,+3.05,+22.646, +4.069,+0.958
1690909800,+3.05,+22.671, +4.143,+0.959
1690909920,+3.05,+22.729, +4.220,+0.959
1690910040,+3.05,+22.763, +4.234,+0.959
1690910160,+3.04,+22.813, +4.255,+0.959
1690910280,+3.04,+22.830, +4.273,+0.958
1690910400,+3.04,+22.855, +4.303,+0.959
1690910520,+3.04,+22.922, +4.298,+0.959
1690910640,+3.04,+22.972, +4.279,+0.959
1690910760,+3.04,+22.989, +4.264,+0.959
1690910880,+3.04,+23.022, +4.222,+0.959
1690911000,+3.04,+23.064, +4.145,+0.960
1690911120,+3.04,+23.089, +4.140,+0.959
1690911240,+3.04,+23.123, +4.123,+0.960
1690911360,+3.04,+23.156, +4.185,+0.960
1690911480,+3.04,+23.198, +4.216,+0.960
1690911600,+3.04,+23.215, +4.182,+0.960
1690911720,+3.05,+23.257, +4.142,+0.960
1690911840,+3.05,+23.290, +4.071,+0.960
1690911960,+3.05,+23.315, +4.074,+0.960
1690912080,+3.05,+23.341, +4.112,+0.960
1690912200,+3.05,+23.391, +4.131,+0.960
1690912320,+3.05,+23.408, +4.152,+0.961
1690912440,+3.05,+23.441, +4.139,+0.960
1690912560,+3.05,+23.475, +4.052,+0.961
1690912680,+3.05,+23.483, +3.956,+0.961
1690912800,+3.05,+23.533, +3.889,+0.961
1690912920,+3.05,+23.567, +3.833,+0.961
1690913040,+3.05,+23.592, +3.804,+0.961
1690913160,+3.05,+23.617, +3.800,+0.961
1690913280,+3.05,+23.642, +3.809,+0.961
1690913400,+3.05,+23.634, +3.784,+0.961
1690913520,+3.04,+23.684, +3.786,+0.961
1690913640,+3.04,+23.734, +3.783,+0.961
1690913760,+3.04,+23.751, +3.779,+0.961
1690913880,+3.04,+23.768, +3.754,+0.962
1690914000,+3.04,+23.793, +3.725,+0.962
1690914120,+3.04,+23.818, +3.715,+0.962
1690914240,+3.04,+23.843, +3.673,+0.962
1690914360,+3.04,+23.860, +3.624,+0.962
1690914480,+3.04,+23.894, +3.572,+0.962
1690914600,+3.04,+23.936, +3.523,+0.962
1690914720,+3.04,+23.952, +3.490,+0.962
1690914840,+3.04,+23.978, +3.467,+0.962
1690914960,+3.04,+24.003, +3.431,+0.962
1690915080,+3.04,+24.020, +3.407,+0.962
1690915200,+3.04,+24.045, +3.394,+0.962
1690915320,+3.04,+24.078, +3.378,+0.962
1690915440,+3.04,+24.103, +3.357,+0.962
1690915560,+3.04,+24.129, +3.350,+0.962
1690915680,+3.04,+24.145, +3.347,+0.962
1690915800,+3.04,+24.187, +3.348,+0.962
1690915920,+3.04,+24.187, +3.357,+0.962
1690916040,+3.04,+24.229, +3.387,+0.962
1690916160,+3.04,+24.238, +3.464,+0.962
1690916280,+3.04,+24.255, +3.469,+0.962
1690916400,+3.04,+24.263, +3.456,+0.962
1690916520,+3.04,+24.297, +3.488,+0.962
1690916640,+3.04,+24.322, +3.525,+0.962
1690916760,+3.04,+24.322, +3.528,+0.962
1690916880,+3.04,+24.347, +3.515,+0.962
1690917000,+3.05,+24.372, +3.485,+0.962
1690917120,+3.05,+24.389, +3.483,+0.962
1690917240,+3.05,+24.389, +3.474,+0.962
1690917360,+3.05,+24.389, +3.473,+0.962
1690917480,+3.05,+24.422, +3.459,+0.962
1690917600,+3.05,+24.431, +3.469,+0.962
1690917720,+3.05,+24.456, +3.495,+0.962
1690917840,+3.05,+24.456, +3.535,+0.962
1690917960,+3.05,+24.481, +3.580,+0.962
1690918080,+3.05,+24.481, +3.621,+0.962
1690918200,+3.05,+24.464, +3.592,+0.962
1690918320,+3.04,+24.481, +3.555,+0.962
1690918440,+3.05,+24.490, +3.509,+0.962
1690918560,+3.05,+24.515, +3.481,+0.962
1690918680,+3.05,+24.515, +3.466,+0.962
1690918800,+3.04,+24.523, +3.451,+0.962
1690918920,+3.04,+24.523, +3.434,+0.963
1690919040,+3.05,+24.523, +3.422,+0.962
1690919160,+3.04,+24.540, +3.414,+0.963
1690919280,+3.04,+24.548, +3.425,+0.962
1690919400,+3.04,+24.557, +3.520,+0.962
1690919520,+3.05,+24.565, +3.598,+0.962
1690919640,+3.04,+24.574, +3.633,+0.962
1690919760,+3.04,+24.590, +3.615,+0.962
1690919880,+3.04,+24.590, +3.687,+0.962
1690920000,+3.04,+24.607, +3.674,+0.962
1690920120,+3.04,+24.607, +3.636,+0.962
1690920240,+3.04,+24.590, +3.665,+0.962
1690920360,+3.04,+24.607, +3.719,+0.962
1690920480,+3.04,+24.607, +3.743,+0.962
1690920600,+3.04,+24.632, +3.765,+0.962
1690920720,+3.04,+24.641, +3.774,+0.962
1690920840,+3.04,+24.641, +3.811,+0.962
1690920960,+3.04,+24.632, +3.783,+0.962
1690921080,+3.04,+24.649, +3.782,+0.962
1690921200,+3.04,+24.649, +3.787,+0.962
1690921320,+3.04,+24.658, +3.795,+0.962
1690921440,+3.04,+24.658, +3.712,+0.962
1690921560,+3.04,+24.675, +3.692,+0.962
1690921680,+3.04,+24.675, +3.691,+0.962
1690921800,+3.04,+24.683, +3.723,+0.962
1690921920,+3.04,+24.700, +3.725,+0.962
1690922040,+3.04,+24.683, +3.710,+0.962
1690922160,+3.04,+24.691, +3.689,+0.962
1690922280,+3.04,+24.683, +3.734,+0.962
1690922400,+3.04,+24.691, +3.781,+0.962
1690922520,+3.04,+24.691, +3.789,+0.962
1690922640,+3.04,+24.691, +3.778,+0.962
1690922760,+3.04,+24.700, +3.755,+0.963
1690922880,+3.04,+24.708, +3.784,+0.962
1690923000,+3.04,+24.717, +3.918,+0.962
1690923120,+3.04,+24.725, +4.067,+0.962
1690923240,+3.04,+24.733, +4.186,+0.962
1690923360,+3.04,+24.717, +4.257,+0.962
1690923480,+3.04,+24.717, +4.253,+0.962
1690923600,+3.04,+24.700, +4.306,+0.962
1690923720,+3.04,+24.725, +4.463,+0.961
1690923840,+3.04,+24.708, +4.512,+0.961
1690923960,+3.04,+24.717, +4.468,+0.962
1690924080,+3.04,+24.700, +4.518,+0.961
1690924200,+3.04,+24.725, +4.597,+0.962
1690924320,+3.04,+24.717, +4.676,+0.961
1690924440,+3.04,+24.708, +4.740,+0.961
1690924560,+3.04,+24.691, +4.833,+0.962
1690924680,+3.04,+24.691, +4.929,+0.962
1690924800,+3.04,+24.683, +4.955,+0.962
1690924920,+3.04,+24.691, +4.947,+0.962
1690925040,+3.04,+24.658, +4.953,+0.961
1690925160,+3.04,+24.649, +4.869,+0.962
1690925280,+3.04,+24.649, +4.796,+0.961
1690925400,+3.04,+24.641, +4.750,+0.962
1690925520,+3.04,+24.649, +4.783,+0.962
1690925640,+3.04,+24.624, +4.857,+0.961
1690925760,+3.04,+24.616, +4.890,+0.962
