7450-401396
OS REV: 1.05 Sensor Cal: 1618512290
Time (sec),  BV (Volts),  T (deg C),  DO (mg/l),  Q ()
1699837440,+3.00, +2.112,+13.472,+0.938
1699837560,+3.00, +2.091,+13.471,+0.937
1699837680,+3.00, +2.080,+13.490,+0.938
1699837800,+3.00, +2.070,+13.485,+0.937
1699837920,+3.00, +2.070,+13.489,+0.938
1699838040,+3.00, +2.049,+13.490,+0.937
1699838160,+3.00, +2.017,+13.502,+0.937
1699838280,+3.00, +2.017,+13.506,+0.938
1699838400,+3.00, +1.995,+13.501,+0.937
1699838520,+3.00, +1.964,+13.527,+0.938
1699838640,+3.00, +1.964,+13.523,+0.938
1699838760,+3.00, +1.910,+13.551,+0.938
1699838880,+3.00, +1.900,+13.546,+0.937
1699839000,+3.00, +1.900,+13.542,+0.937
1699839120,+3.00, +1.868,+13.547,+0.937
1699839240,+3.00, +1.847,+13.566,+0.937
1699839360,+3.00, +1.847,+13.557,+0.937
1699839480,+3.00, +1.868,+13.544,+0.937
1699839600,+3.00, +1.815,+13.573,+0.937
1699839720,+3.00, +1.804,+13.575,+0.937
1699839840,+3.00, +1.750,+13.600,+0.937
1699839960,+3.00, +1.750,+13.595,+0.937
1699840080,+3.00, +1.708,+13.621,+0.937
1699840200,+3.00, +1.708,+13.615,+0.937
1699840320,+3.00, +1.686,+13.625,+0.937
1699840440,+3.00, +1.665,+13.641,+0.938
1699840560,+3.00, +1.644,+13.627,+0.937
1699840680,+3.00, +1.569,+13.682,+0.937
1699840800,+3.00, +1.579,+13.657,+0.937
1699840920,+3.00, +1.526,+13.667,+0.937
1699841040,+3.00, +1.493,+13.700,+0.937
1699841160,+3.00, +1.483,+13.689,+0.937
1699841280,+3.00, +1.472,+13.685,+0.937
1699841400,+3.00, +1.429,+13.716,+0.937
1699841520,+3.00, +1.408,+13.713,+0.937
1699841640,+3.00, +1.375,+13.738,+0.937
1699841760,+3.00, +1.343,+13.753,+0.937
1699841880,+3.00, +1.332,+13.755,+0.937
1699842000,+3.00, +1.311,+13.742,+0.936
1699842120,+3.00, +1.278,+13.767,+0.937
1699842240,+3.00, +1.257,+13.792,+0.937
1699842360,+3.00, +1.246,+13.781,+0.937
1699842480,+3.00, +1.224,+13.791,+0.937
1699842600,+3.00, +1.181,+13.803,+0.937
1699842720,+3.00, +1.170,+13.818,+0.937
1699842840,+3.00, +1.149,+13.816,+0.937
1699842960,+3.00, +1.127,+13.835,+0.937
1699843080,+3.00, +1.116,+13.835,+0.937
1699843200,+3.00, +1.116,+13.828,+0.937
1699843320,+3.00, +1.094,+13.832,+0.936
1699843440,+3.00, +1.105,+13.829,+0.937
1699843560,+3.00, +1.073,+13.851,+0.937
1699843680,+3.00, +1.073,+13.838,+0.936
1699843800,+3.00, +1.040,+13.861,+0.937
1699843920,+3.00, +0.997,+13.880,+0.937
1699844040,+3.00, +0.997,+13.869,+0.937
1699844160,+3.00, +0.986,+13.869,+0.936
1699844280,+3.00, +0.964,+13.872,+0.936
1699844400,+3.00, +0.921,+13.900,+0.937
1699844520,+3.00, +0.932,+13.891,+0.937
1699844640,+3.00, +0.910,+13.898,+0.936
1699844760,+3.00, +0.921,+13.878,+0.936
1699844880,+3.00, +0.888,+13.914,+0.937
1699845000,+3.00, +0.877,+13.918,+0.937
1699845120,+3.00, +0.823,+13.923,+0.936
1699845240,+3.00, +0.834,+13.909,+0.936
1699845360,+3.00, +0.790,+13.939,+0.936
1699845480,+3.00, +0.768,+13.946,+0.936
1699845600,+3.00, +0.725,+13.963,+0.936
1699845720,+3.00, +0.681,+13.987,+0.936
1699845840,+3.00, +0.648,+13.984,+0.936
1699845960,+3.00, +0.605,+14.014,+0.936
1699846080,+3.00, +0.583,+13.999,+0.935
1699846200,+3.00, +0.594,+14.011,+0.936
1699846320,+3.00, +0.528,+14.033,+0.936
1699846440,+3.00, +0.495,+14.040,+0.935
1699846560,+3.00, +0.462,+14.068,+0.936
1699846680,+3.00, +0.429,+14.065,+0.936
1699846800,+3.00, +0.418,+14.067,+0.936
1699846920,+3.00, +0.407,+14.056,+0.935
1699847040,+3.00, +0.396,+14.080,+0.936
1699847160,+3.00, +0.352,+14.100,+0.936
1699847280,+3.00, +0.363,+14.093,+0.936
1699847400,+3.00, +0.330,+14.096,+0.935
1699847520,+3.00, +0.330,+14.108,+0.936
1699847640,+3.00, +0.308,+14.108,+0.936
1699847760,+3.00, +0.264,+14.124,+0.935
1699847880,+3.00, +0.264,+14.130,+0.936
1699848000,+3.00, +0.209,+14.168,+0.936
1699848120,+3.00, +0.209,+14.157,+0.936
1699848240,+3.00, +0.198,+14.164,+0.936
1699848360,+3.00, +0.176,+14.162,+0.935
1699848480,+3.00, +0.143,+14.184,+0.936
1699848600,+3.00, +0.143,+14.186,+0.936
1699848720,+3.00, +0.120,+14.186,+0.935
1699848840,+3.00, +0.120,+14.184,+0.935
1699848960,+3.00, +0.098,+14.190,+0.935
1699849080,+3.00, +0.109,+14.175,+0.935
1699849200,+3.00, +0.120,+14.181,+0.936
1699849320,+3.00, +0.109,+14.185,+0.935
1699849440,+3.00, +0.120,+14.165,+0.935
1699849560,+3.00, +0.109,+14.179,+0.935
1699849680,+3.00, +0.132,+14.171,+0.936
1699849800,+3.00, +0.120,+14.179,+0.935
1699849920,+3.00, +0.120,+14.159,+0.935
1699850040,+3.00, +0.109,+14.178,+0.936
1699850160,+3.00, +0.098,+14.185,+0.936
1699850280,+3.00, +0.098,+14.183,+0.935
1699850400,+3.00, +0.087,+14.191,+0.936
1699850520,+3.00, +0.065,+14.201,+0.936
1699850640,+3.00, +0.076,+14.183,+0.935
1699850760,+3.00, +0.054,+14.196,+0.935
1699850880,+3.00, +0.032,+14.215,+0.935
1699851000,+3.00, +0.043,+14.194,+0.935
1699851120,+3.00, +0.021,+14.205,+0.935
1699851240,+3.00, +0.032,+14.213,+0.936
1699851360,+3.00, +0.010,+14.216,+0.935
1699851480,+3.00, +0.010,+14.225,+0.936
1699851600,+3.00, +0.010,+14.209,+0.935
1699851720,+3.00, -0.001,+14.221,+0.935
1699851840,+3.00, -0.012,+14.219,+0.935
1699851960,+3.00, -0.046,+14.230,+0.935
1699852080,+3.00, -0.046,+14.239,+0.935
1699852200,+3.00, -0.046,+14.232,+0.935
1699852320,+3.00, -0.068,+14.255,+0.935
1699852440,+3.00, -0.090,+14.242,+0.934
1699852560,+3.01, -0.123,+14.273,+0.935
1699852680,+3.01, -0.123,+14.264,+0.935
1699852800,+3.01, -0.123,+14.257,+0.935
1699852920,+3.01, -0.135,+14.279,+0.935
1699853040,+3.01, -0.135,+14.270,+0.935
1699853160,+3.01, -0.146,+14.275,+0.935
1699853280,+3.01, -0.135,+14.266,+0.935
1699853400,+3.01, -0.146,+14.273,+0.935
1699853520,+3.01, -0.135,+14.266,+0.935
1699853640,+3.01, -0.146,+14.280,+0.935
1699853760,+3.01, -0.168,+14.279,+0.935
1699853880,+3.01, -0.168,+14.263,+0.935
1699854000,+3.01, -0.179,+14.270,+0.935
1699854120,+3.01, -0.179,+14.261,+0.935
1699854240,+3.01, -0.179,+14.234,+0.934
1699854360,+3.01, -0.179,+14.252,+0.934
1699854480,+3.01, -0.179,+14.235,+0.934
1699854600,+3.01, -0.179,+14.217,+0.934
1699854720,+3.01, -0.179,+14.228,+0.934
1699854840,+3.01, -0.179,+14.214,+0.934
1699854960,+3.01, -0.179,+14.200,+0.934
1699855080,+3.01, -0.179,+14.214,+0.934
1699855200,+3.01, -0.179,+14.204,+0.934
1699855320,+3.01, -0.179,+14.197,+0.934
1699855440,+3.01, -0.179,+14.197,+0.934
1699855560,+3.01, -0.179,+14.204,+0.934
1699855680,+3.01, -0.179,+14.204,+0.934
1699855800,+3.01, -0.179,+14.191,+0.934
1699855920,+3.01, -0.179,+14.208,+0.935
1699856040,+3.01, -0.179,+14.206,+0.935
1699856160,+3.01, -0.179,+14.206,+0.934
1699856280,+3.01, -0.179,+14.202,+0.934
1699856400,+3.01, -0.179,+14.206,+0.934
1699856520,+3.01, -0.179,+14.212,+0.935
1699856640,+3.01, -0.179,+14.217,+0.935
1699856760,+3.01, -0.179,+14.217,+0.935
1699856880,+3.01, -0.179,+14.197,+0.934
1699857000,+3.01, -0.179,+14.191,+0.934
1699857120,+3.01, -0.179,+14.197,+0.934
1699857240,+3.01, -0.179,+14.193,+0.934
1699857360,+3.01, -0.179,+14.210,+0.935
1699857480,+3.01, -0.179,+14.192,+0.934
1699857600,+3.01, -0.179,+14.188,+0.934
1699857720,+3.01, -0.179,+14.199,+0.934
1699857840,+3.01, -0.179,+14.192,+0.934
1699857960,+3.01, -0.179,+14.196,+0.935
1699858080,+3.01, -0.179,+14.188,+0.934
1699858200,+3.01, -0.179,+14.186,+0.934
1699858320,+3.01, -0.179,+14.185,+0.934
1699858440,+3.01, -0.179,+14.187,+0.935
1699858560,+3.01, -0.179,+14.183,+0.934
1699858680,+3.01, -0.179,+14.172,+0.934
1699858800,+3.01, -0.190,+14.176,+0.934
1699858920,+3.01, -0.190,+14.189,+0.935
1699859040,+3.01, -0.179,+14.164,+0.934
1699859160,+3.01, -0.179,+14.180,+0.934
1699859280,+3.01, -0.179,+14.173,+0.934
1699859400,+3.01, -0.179,+14.168,+0.934
1699859520,+3.01, -0.179,+14.162,+0.934
1699859640,+3.01, -0.190,+14.177,+0.935
1699859760,+3.01, -0.190,+14.171,+0.934
1699859880,+3.01, -0.190,+14.164,+0.934
1699860000,+3.01, -0.190,+14.162,+0.934
1699860120,+3.01, -0.190,+14.162,+0.934
1699860240,+3.01, -0.190,+14.153,+0.934
1699860360,+3.01, -0.190,+14.155,+0.934
1699860480,+3.01, -0.190,+14.164,+0.934
1699860600,+3.01, -0.190,+14.151,+0.934
1699860720,+3.01, -0.190,+14.144,+0.934
1699860840,+3.01, -0.190,+14.159,+0.934
1699860960,+3.01, -0.190,+14.144,+0.934
1699861080,+3.01, -0.190,+14.143,+0.934
1699861200,+3.01, -0.190,+14.148,+0.934
1699861320,+3.01, -0.190,+14.136,+0.934
1699861440,+3.01, -0.190,+14.134,+0.934
1699861560,+3.01, -0.190,+14.145,+0.934
1699861680,+3.01, -0.190,+14.148,+0.934
1699861800,+3.01, -0.190,+14.145,+0.934
1699861920,+3.01, -0.190,+14.143,+0.934
1699862040,+3.01, -0.190,+14.119,+0.933
1699862160,+3.01, -0.190,+14.127,+0.934
1699862280,+3.01, -0.190,+14.120,+0.934
1699862400,+3.01, -0.190,+14.099,+0.933
1699862520,+3.01, -0.190,+14.118,+0.934
1699862640,+3.01, -0.190,+14.094,+0.933
1699862760,+3.01, -0.190,+14.100,+0.933
1699862880,+3.01, -0.190,+14.096,+0.933
1699863000,+3.01, -0.190,+14.087,+0.933
1699863120,+3.01, -0.190,+14.082,+0.933
1699863240,+3.01, -0.190,+14.069,+0.933
1699863360,+3.01, -0.190,+14.062,+0.933
1699863480,+3.01, -0.190,+14.072,+0.933
1699863600,+3.01, -0.190,+14.066,+0.933
1699863720,+3.01, -0.190,+14.078,+0.934
1699863840,+3.01, -0.190,+14.070,+0.933
1699863960,+3.01, -0.190,+14.057,+0.933
1699864080,+3.01, -0.190,+14.061,+0.933
1699864200,+3.01, -0.190,+14.054,+0.933
1699864320,+3.01, -0.190,+14.052,+0.933
1699864440,+3.01, -0.190,+14.051,+0.933
1699864560,+3.01, -0.190,+14.058,+0.933
1699864680,+3.01, -0.190,+14.049,+0.933
1699864800,+3.01, -0.190,+14.038,+0.933
1699864920,+3.01, -0.190,+14.047,+0.933
1699865040,+3.01, -0.190,+14.027,+0.933
1699865160,+3.01, -0.190,+14.025,+0.932
1699865280,+3.01, -0.190,+14.024,+0.933
1699865400,+3.01, -0.190,+14.022,+0.933
1699865520,+3.01, -0.190,+14.022,+0.933
1699865640,+3.01, -0.190,+14.029,+0.933
1699865760,+3.01, -0.190,+14.017,+0.933
1699865880,+3.01, -0.190,+14.008,+0.933
1699866000,+3.01, -0.190,+13.999,+0.933
1699866120,+3.01, -0.190,+14.002,+0.933
1699866240,+3.01, -0.190,+13.995,+0.932
1699866360,+3.01, -0.190,+13.991,+0.932
1699866480,+3.01, -0.190,+13.982,+0.932
1699866600,+3.01, -0.190,+13.992,+0.933
1699866720,+3.01, -0.190,+13.976,+0.932
1699866840,+3.01, -0.190,+13.979,+0.933
1699866960,+3.01, -0.190,+13.977,+0.932
1699867080,+3.01, -0.190,+13.972,+0.932
1699867200,+3.01, -0.190,+13.979,+0.933
1699867320,+3.01, -0.190,+13.979,+0.933
1699867440,+3.01, -0.190,+13.990,+0.933
1699867560,+3.01, -0.190,+13.977,+0.932
1699867680,+3.01, -0.190,+13.985,+0.933
1699867800,+3.01, -0.190,+13.983,+0.932
1699867920,+3.01, -0.190,+13.999,+0.933
1699868040,+3.01, -0.190,+13.990,+0.933
1699868160,+3.01, -0.190,+13.992,+0.933
1699868280,+3.01, -0.190,+13.979,+0.932
1699868400,+3.01, -0.190,+13.966,+0.932
1699868520,+3.01, -0.190,+13.957,+0.932
1699868640,+3.01, -0.190,+13.963,+0.932
1699868760,+3.01, -0.190,+13.972,+0.933
1699868880,+3.01, -0.190,+13.971,+0.933
1699869000,+3.01, -0.190,+13.967,+0.933
1699869120,+3.01, -0.190,+13.975,+0.933
1699869240,+3.01, -0.190,+13.967,+0.932
1699869360,+3.01, -0.190,+13.967,+0.933
1699869480,+3.01, -0.190,+13.973,+0.933
1699869600,+3.01, -0.190,+13.973,+0.933
1699869720,+3.01, -0.190,+13.974,+0.933
1699869840,+3.01, -0.190,+13.956,+0.932
1699869960,+3.01, -0.190,+13.965,+0.933
1699870080,+3.01, -0.190,+13.960,+0.932
1699870200,+3.01, -0.190,+13.943,+0.932
1699870320,+3.01, -0.190,+13.949,+0.932
1699870440,+3.01, -0.190,+13.940,+0.932
1699870560,+3.01, -0.190,+13.925,+0.932
1699870680,+3.01, -0.190,+13.921,+0.932
1699870800,+3.01, -0.190,+13.916,+0.932
1699870920,+3.01, -0.190,+13.909,+0.932
1699871040,+3.01, -0.190,+13.907,+0.932
1699871160,+3.01, -0.190,+13.905,+0.932
1699871280,+3.01, -0.190,+13.902,+0.932
1699871400,+3.01, -0.190,+13.891,+0.932
1699871520,+3.01, -0.190,+13.871,+0.931
1699871640,+3.01, -0.190,+13.863,+0.931
1699871760,+3.01, -0.190,+13.856,+0.931
1699871880,+3.01, -0.190,+13.864,+0.931
1699872000,+3.01, -0.190,+13.860,+0.931
1699872120,+3.01, -0.190,+13.851,+0.931
1699872240,+3.01, -0.190,+13.849,+0.931
1699872360,+3.01, -0.190,+13.836,+0.931
1699872480,+3.01, -0.190,+13.840,+0.931
1699872600,+3.01, -0.190,+13.842,+0.931
1699872720,+3.01, -0.190,+13.844,+0.931
1699872840,+3.01, -0.190,+13.848,+0.932
1699872960,+3.01, -0.190,+13.838,+0.931
1699873080,+3.01, -0.190,+13.838,+0.931
1699873200,+3.01, -0.190,+13.853,+0.932
1699873320,+3.01, -0.190,+13.837,+0.931
1699873440,+3.01, -0.190,+13.840,+0.931
1699873560,+3.01, -0.190,+13.848,+0.932
1699873680,+3.01, -0.190,+13.854,+0.932
1699873800,+3.01, -0.190,+13.846,+0.931
1699873920,+3.01, -0.190,+13.852,+0.932
1699874040,+3.01, -0.190,+13.844,+0.932
1699874160,+3.01, -0.190,+13.833,+0.931
1699874280,+3.01, -0.190,+13.835,+0.931
1699874400,+3.01, -0.190,+13.844,+0.932
1699874520,+3.01, -0.190,+13.831,+0.931
1699874640,+3.01, -0.190,+13.839,+0.931
1699874760,+3.01, -0.190,+13.837,+0.931
1699874880,+3.01, -0.190,+13.832,+0.932
1699875000,+3.01, -0.190,+13.862,+0.932
1699875120,+3.01, -0.190,+13.835,+0.931
1699875240,+3.01, -0.190,+13.839,+0.931
1699875360,+3.01, -0.190,+13.843,+0.932
1699875480,+3.01, -0.190,+13.841,+0.932
1699875600,+3.01, -0.190,+13.841,+0.932
1699875720,+3.01, -0.190,+13.833,+0.931
1699875840,+3.01, -0.190,+13.844,+0.932
1699875960,+3.01, -0.190,+13.848,+0.932
1699876080,+3.01, -0.190,+13.848,+0.932
1699876200,+3.01, -0.190,+13.844,+0.932
1699876320,+3.01, -0.190,+13.839,+0.931
1699876440,+3.01, -0.190,+13.844,+0.932
1699876560,+3.01, -0.190,+13.846,+0.932
1699876680,+3.01, -0.190,+13.846,+0.931
1699876800,+3.01, -0.190,+13.829,+0.931
1699876920,+3.01, -0.190,+13.855,+0.932
1699877040,+3.01, -0.190,+13.848,+0.932
1699877160,+3.01, -0.190,+13.842,+0.931
1699877280,+3.01, -0.190,+13.834,+0.931
1699877400,+3.01, -0.190,+13.846,+0.932
1699877520,+3.01, -0.190,+13.830,+0.931
1699877640,+3.01, -0.190,+13.827,+0.931
1699877760,+3.01, -0.190,+13.821,+0.931
1699877880,+3.01, -0.190,+13.836,+0.931
1699878000,+3.01, -0.190,+13.832,+0.931
1699878120,+3.01, -0.190,+13.834,+0.931
1699878240,+3.01, -0.190,+13.842,+0.931
1699878360,+3.01, -0.190,+13.845,+0.931
1699878480,+3.01, -0.190,+13.853,+0.931
1699878600,+3.01, -0.190,+13.852,+0.931
1699878720,+3.01, -0.190,+13.864,+0.931
1699878840,+3.01, -0.190,+13.858,+0.931
1699878960,+3.01, -0.190,+13.856,+0.931
1699879080,+3.01, -0.190,+13.876,+0.931
1699879200,+3.01, -0.190,+13.874,+0.931
1699879320,+3.01, -0.190,+13.885,+0.931
1699879440,+3.01, -0.190,+13.898,+0.932
1699879560,+3.01, -0.190,+13.901,+0.932
1699879680,+3.01, -0.190,+13.914,+0.932
1699879800,+3.01, -0.190,+13.923,+0.932
1699879920,+3.01, -0.190,+13.928,+0.932
1699880040,+3.01, -0.190,+13.948,+0.932
1699880160,+3.01, -0.190,+13.957,+0.932
1699880280,+3.01, -0.190,+13.956,+0.932
1699880400,+3.01, -0.190,+13.962,+0.932
1699880520,+3.01, -0.190,+13.982,+0.932
1699880640,+3.01, -0.190,+13.989,+0.932
1699880760,+3.01, -0.190,+13.998,+0.932
1699880880,+3.01, -0.190,+14.009,+0.932
1699881000,+3.01, -0.190,+14.014,+0.932
1699881120,+3.01, -0.190,+14.021,+0.932
1699881240,+3.01, -0.190,+14.052,+0.933
1699881360,+3.01, -0.190,+14.057,+0.933
1699881480,+3.01, -0.190,+14.095,+0.934
1699881600,+3.01, -0.190,+14.147,+0.933
1699881720,+3.01, -0.190,+14.191,+0.934
1699881840,+3.01, -0.190,+14.207,+0.934
1699881960,+3.01, -0.179,+14.205,+0.934
1699882080,+3.01, -0.179,+14.236,+0.934
1699882200,+3.01, -0.179,+14.238,+0.934
1699882320,+3.01, -0.179,+14.247,+0.934
1699882440,+3.01, -0.168,+14.248,+0.934
1699882560,+3.01, -0.168,+14.274,+0.934
1699882680,+3.01, -0.157,+14.256,+0.934
1699882800,+3.00, -0.123,+14.253,+0.934
1699882920,+3.00, -0.101,+14.247,+0.934
1699883040,+3.00, -0.046,+14.232,+0.934
1699883160,+3.00, +0.010,+14.227,+0.935
1699883280,+3.00, +0.065,+14.226,+0.935
1699883400,+3.00, +0.176,+14.161,+0.935
1699883520,+3.00, +0.242,+14.134,+0.935
1699883640,+3.00, +0.374,+14.113,+0.935
1699883760,+3.00, +0.801,+14.056,+0.937
1699883880,+3.00, +1.515,+13.847,+0.938
1699884000,+3.00, +1.889,+13.630,+0.938
1699884120,+3.00, +2.292,+13.551,+0.938
1699884240,+3.00, +2.461,+13.403,+0.937
1699884360,+3.00, +2.576,+13.384,+0.937
1699884480,+3.00, +2.775,+13.383,+0.939
1699884600,+3.00, +3.140,+13.247,+0.938
1699884720,+2.99, +3.522,+13.129,+0.939
1699884840,+2.99, +3.809,+13.004,+0.939
1699884960,+3.00, +4.024,+12.965,+0.939
1699885080,+3.00, +4.359,+12.960,+0.940
1699885200,+2.99, +5.112,+12.709,+0.940
1699885320,+3.00, +5.529,+12.590,+0.940
1699885440,+2.99, +6.100,+12.531,+0.941
1699885560,+2.99, +6.451,+12.303,+0.940
1699885680,+2.99, +6.334,+12.257,+0.940
1699885800,+2.99, +6.148,+12.295,+0.939
1699885920,+2.99, +5.904,+12.353,+0.938
1699886040,+3.00, +5.717,+12.358,+0.938
1699886160,+3.00, +5.569,+12.390,+0.938
1699886280,+3.00, +5.450,+12.427,+0.938
1699886400,+3.00, +5.569,+12.475,+0.940
1699886520,+3.00, +5.697,+12.399,+0.939
1699886640,+3.00, +5.618,+12.391,+0.938
1699886760,+3.00, +5.490,+12.459,+0.938
1699886880,+3.00, +5.400,+12.452,+0.939
1699887000,+3.00, +5.460,+12.458,+0.939
1699887120,+3.00, +5.480,+12.420,+0.938
1699887240,+3.00, +5.420,+12.469,+0.938
1699887360,+3.00, +5.400,+12.440,+0.938
1699887480,+3.00, +5.371,+12.463,+0.938
1699887600,+3.00, +5.291,+12.485,+0.938
1699887720,+3.00, +5.242,+12.510,+0.938
1699887840,+3.00, +5.251,+12.571,+0.938
1699887960,+3.00, +5.321,+12.513,+0.939
1699888080,+3.00, +5.371,+12.473,+0.938
1699888200,+3.00, +5.390,+12.451,+0.938
1699888320,+3.00, +5.410,+12.464,+0.938
1699888440,+3.00, +5.390,+12.485,+0.938
1699888560,+3.00, +5.440,+12.493,+0.939
1699888680,+3.00, +5.470,+12.449,+0.939
1699888800,+3.00, +5.490,+12.453,+0.939
1699888920,+3.00, +5.539,+12.464,+0.938
1699889040,+3.00, +5.677,+12.416,+0.939
1699889160,+2.99, +5.805,+12.401,+0.939
1699889280,+2.99, +6.314,+12.373,+0.940
1699889400,+2.99, +7.011,+12.176,+0.940
1699889520,+2.99, +7.127,+12.057,+0.940
1699889640,+2.99, +7.194,+12.003,+0.939
1699889760,+2.99, +7.098,+12.028,+0.939
1699889880,+2.99, +6.973,+12.055,+0.939
1699890000,+2.99, +7.011,+12.061,+0.939
1699890120,+2.99, +7.328,+12.134,+0.941
1699890240,+2.99, +9.089,+12.084,+0.945
1699890360,+2.99,+10.511,+11.512,+0.944
1699890480,+2.99,+11.681,+11.253,+0.944
1699890600,+2.98,+12.339,+10.995,+0.943
1699890720,+2.99,+12.825,+10.824,+0.943
1699890840,+2.98,+12.983,+10.864,+0.944
1699890960,+2.98,+13.395,+10.708,+0.944
1699891080,+2.98,+13.343,+10.649,+0.942
1699891200,+2.98,+12.992,+10.588,+0.941
1699891320,+2.99,+12.392,+10.679,+0.941
1699891440,+2.98,+12.038,+10.754,+0.940
1699891560,+2.99,+11.681,+10.871,+0.940
1699891680,+2.99,+11.762,+10.895,+0.940
1699891800,+2.99,+11.797,+10.852,+0.940
1699891920,+2.99,+11.592,+10.916,+0.941
1699892040,+2.99,+11.431,+10.930,+0.940
1699892160,+2.99,+11.485,+10.950,+0.941
1699892280,+2.99,+11.323,+10.896,+0.940
1699892400,+2.98,+11.072,+10.943,+0.939
1699892520,+2.99,+10.819,+11.000,+0.939
1699892640,+2.99,+10.629,+11.023,+0.939
1699892760,+2.99,+10.466,+11.133,+0.940
1699892880,+2.99,+10.393,+11.122,+0.939
1699893000,+2.99,+10.220,+11.131,+0.939
1699893120,+2.99,+10.092,+11.173,+0.939
1699893240,+2.98, +9.937,+11.213,+0.940
1699893360,+2.99, +9.790,+11.240,+0.939
1699893480,+2.99, +9.753,+11.245,+0.939
1699893600,+2.99, +9.680,+11.289,+0.939
1699893720,+2.99, +9.597,+11.315,+0.939
1699893840,+2.99, +9.616,+11.322,+0.940
1699893960,+2.99, +9.634,+11.296,+0.939
1699894080,+2.99, +9.560,+11.320,+0.939
1699894200,+2.99, +9.487,+11.388,+0.940
1699894320,+2.99, +9.459,+11.376,+0.939
1699894440,+2.99, +9.394,+11.371,+0.940
1699894560,+2.99, +9.487,+11.343,+0.939
1699894680,+2.99, +9.450,+11.386,+0.939
1699894800,+2.99, +9.459,+11.382,+0.939
1699894920,+2.99, +9.422,+11.377,+0.939
1699895040,+2.99, +9.404,+11.402,+0.940
1699895160,+2.99, +9.394,+11.394,+0.940
1699895280,+2.99, +9.560,+11.461,+0.940
1699895400,+2.98, +9.955,+11.311,+0.940
1699895520,+2.99,+10.083,+11.275,+0.940
1699895640,+2.99,+10.138,+11.268,+0.940
1699895760,+2.99,+10.284,+11.203,+0.940
1699895880,+2.99,+10.202,+11.180,+0.939
1699896000,+2.99,+10.101,+11.236,+0.940
1699896120,+2.99,+10.375,+11.213,+0.940
1699896240,+2.99,+10.529,+11.128,+0.940
1699896360,+2.99,+10.683,+11.153,+0.941
1699896480,+2.99,+11.216,+11.043,+0.941
1699896600,+2.99,+11.556,+10.971,+0.941
1699896720,+2.99,+11.797,+10.880,+0.941
1699896840,+2.98,+11.824,+10.825,+0.940
1699896960,+2.99,+11.753,+10.803,+0.940
1699897080,+2.99,+11.538,+10.854,+0.940
1699897200,+2.99,+11.476,+10.901,+0.940
1699897320,+2.99,+11.512,+10.894,+0.940
1699897440,+2.99,+11.619,+10.987,+0.941
1699897560,+2.98,+12.215,+10.777,+0.941
1699897680,+2.99,+12.437,+10.694,+0.941
1699897800,+2.98,+12.375,+10.692,+0.940
1699897920,+2.98,+12.339,+10.633,+0.939
1699898040,+2.98,+12.100,+10.735,+0.939
1699898160,+2.98,+12.180,+10.716,+0.939
1699898280,+2.98,+12.118,+10.718,+0.940
1699898400,+2.98,+11.949,+10.741,+0.940
1699898520,+2.99,+11.753,+10.775,+0.939
1699898640,+2.98,+11.851,+10.856,+0.940
1699898760,+2.98,+12.135,+10.718,+0.939
1699898880,+2.98,+11.984,+10.742,+0.940
1699899000,+2.99,+12.419,+10.882,+0.942
1699899120,+2.98,+13.176,+10.569,+0.941
1699899240,+2.98,+13.062,+10.549,+0.940
1699899360,+2.98,+13.360,+10.537,+0.941
1699899480,+2.98,+13.343,+10.441,+0.940
1699899600,+2.98,+13.124,+10.496,+0.940
1699899720,+2.98,+12.922,+10.588,+0.940
1699899840,+2.98,+13.097,+10.514,+0.940
1699899960,+2.98,+13.001,+10.524,+0.939
1699900080,+2.98,+12.904,+10.504,+0.940
1699900200,+2.99,+12.666,+10.573,+0.940
1699900320,+2.99,+12.410,+10.605,+0.939
1699900440,+2.98,+12.189,+10.674,+0.940
1699900560,+2.98,+12.100,+10.668,+0.940
1699900680,+2.98,+11.904,+10.710,+0.939
1699900800,+2.99,+11.708,+10.749,+0.939
1699900920,+2.99,+11.655,+10.774,+0.939
1699901040,+2.99,+11.592,+10.785,+0.939
1699901160,+2.99,+11.494,+10.784,+0.940
1699901280,+2.99,+11.395,+10.818,+0.939
1699901400,+2.99,+11.296,+10.843,+0.940
1699901520,+2.99,+11.207,+10.831,+0.939
1699901640,+2.98,+11.162,+10.859,+0.939
1699901760,+2.98,+11.117,+10.874,+0.939
1699901880,+2.98,+11.072,+10.888,+0.939
1699902000,+2.98,+10.973,+10.902,+0.939
1699902120,+2.98,+10.891,+10.925,+0.939
1699902240,+2.98,+10.864,+10.912,+0.939
1699902360,+2.99,+10.792,+10.967,+0.939
1699902480,+2.99,+10.738,+10.955,+0.939
1699902600,+2.99,+10.692,+10.976,+0.939
1699902720,+2.99,+10.647,+10.998,+0.939
1699902840,+2.99,+10.620,+10.986,+0.939
1699902960,+2.99,+10.584,+11.004,+0.939
1699903080,+2.99,+10.593,+10.986,+0.939
1699903200,+2.99,+10.557,+11.000,+0.939
1699903320,+2.99,+10.575,+10.996,+0.939
1699903440,+2.99,+10.584,+10.993,+0.939
1699903560,+2.99,+10.593,+10.968,+0.939
1699903680,+2.99,+10.575,+10.986,+0.939
1699903800,+2.99,+10.593,+10.992,+0.939
1699903920,+2.99,+10.584,+10.999,+0.939
1699904040,+2.99,+10.557,+10.998,+0.939
1699904160,+2.99,+10.529,+10.997,+0.939
1699904280,+2.99,+10.493,+11.018,+0.939
1699904400,+2.99,+10.493,+11.008,+0.939
1699904520,+2.99,+10.457,+11.037,+0.940
1699904640,+2.99,+10.429,+11.037,+0.940
1699904760,+2.99,+10.384,+11.022,+0.939
1699904880,+2.99,+10.357,+11.017,+0.939
1699905000,+2.99,+10.348,+11.036,+0.939
1699905120,+2.99,+10.320,+11.025,+0.939
1699905240,+2.99,+10.284,+11.050,+0.939
1699905360,+2.99,+10.256,+11.066,+0.940
1699905480,+2.99,+10.220,+11.069,+0.940
1699905600,+2.99,+10.156,+11.085,+0.939
1699905720,+2.99,+10.129,+11.064,+0.939
1699905840,+2.99,+10.092,+11.086,+0.939
1699905960,+2.99,+10.056,+11.092,+0.939
1699906080,+2.99,+10.028,+11.113,+0.939
1699906200,+2.98,+10.001,+11.118,+0.939
1699906320,+2.98, +9.973,+11.118,+0.939
1699906440,+2.98, +9.928,+11.121,+0.939
1699906560,+2.98, +9.900,+11.121,+0.939
1699906680,+2.99, +9.854,+11.146,+0.940
1699906800,+2.99, +9.808,+11.138,+0.939
1699906920,+2.99, +9.753,+11.156,+0.940
1699907040,+2.99, +9.717,+11.172,+0.940
1699907160,+2.99, +9.680,+11.198,+0.940
1699907280,+2.99, +9.662,+11.169,+0.939
1699907400,+2.99, +9.606,+11.178,+0.939
1699907520,+2.99, +9.570,+11.214,+0.939
1699907640,+2.99, +9.523,+11.193,+0.939
1699907760,+2.99, +9.477,+11.200,+0.940
1699907880,+2.99, +9.394,+11.234,+0.939
1699908000,+2.99, +9.348,+11.281,+0.939
1699908120,+2.99, +9.339,+11.253,+0.939
1699908240,+2.99, +9.256,+11.284,+0.939
1699908360,+2.99, +9.228,+11.270,+0.939
1699908480,+2.99, +9.182,+11.293,+0.939
1699908600,+2.99, +9.172,+11.309,+0.940
1699908720,+2.99, +9.117,+11.294,+0.939
1699908840,+2.99, +9.061,+11.348,+0.939
1699908960,+2.99, +9.042,+11.321,+0.939
1699909080,+2.99, +8.977,+11.339,+0.939
1699909200,+2.99, +8.940,+11.363,+0.939
1699909320,+2.99, +8.894,+11.353,+0.939
1699909440,+2.99, +8.828,+11.379,+0.939
1699909560,+2.99, +8.791,+11.377,+0.939
1699909680,+2.99, +8.745,+11.399,+0.940
1699909800,+2.99, +8.670,+11.404,+0.939
1699909920,+2.99, +8.595,+11.433,+0.940
1699910040,+2.99, +8.539,+11.436,+0.939
1699910160,+2.99, +8.483,+11.441,+0.939
1699910280,+2.99, +8.379,+11.486,+0.939
1699910400,+2.99, +8.304,+11.532,+0.940
1699910520,+2.99, +8.267,+11.521,+0.939
1699910640,+2.99, +8.210,+11.544,+0.939
1699910760,+2.99, +8.116,+11.546,+0.939
1699910880,+2.99, +8.059,+11.565,+0.939
1699911000,+2.99, +7.993,+11.591,+0.939
1699911120,+2.99, +7.965,+11.597,+0.939
1699911240,+2.99, +7.899,+11.621,+0.939
1699911360,+2.99, +7.823,+11.663,+0.939
1699911480,+2.99, +7.804,+11.654,+0.939
1699911600,+2.99, +7.747,+11.660,+0.939
1699911720,+2.99, +7.671,+11.678,+0.939
1699911840,+2.99, +7.614,+11.698,+0.939
1699911960,+2.99, +7.528,+11.725,+0.939
1699912080,+2.99, +7.423,+11.760,+0.939
1699912200,+2.99, +7.376,+11.766,+0.939
1699912320,+2.99, +7.261,+11.787,+0.939
1699912440,+2.99, +7.184,+11.816,+0.939
1699912560,+2.99, +7.117,+11.826,+0.939
1699912680,+2.99, +7.030,+11.859,+0.939
1699912800,+2.99, +6.925,+11.875,+0.939
1699912920,+2.99, +6.857,+11.921,+0.939
1699913040,+2.99, +6.790,+11.929,+0.939
1699913160,+2.99, +6.712,+11.935,+0.939
1699913280,+2.99, +6.645,+11.956,+0.939
1699913400,+3.00, +6.548,+11.989,+0.939
1699913520,+2.99, +6.470,+12.010,+0.939
1699913640,+2.99, +6.382,+12.043,+0.939
1699913760,+2.99, +6.324,+12.063,+0.939
1699913880,+2.99, +6.256,+12.087,+0.939
1699914000,+2.99, +6.207,+12.105,+0.939
1699914120,+2.99, +6.148,+12.103,+0.939
1699914240,+2.99, +6.080,+12.138,+0.938
1699914360,+2.99, +6.021,+12.170,+0.939
1699914480,+2.99, +5.972,+12.158,+0.939
1699914600,+2.99, +5.913,+12.183,+0.939
1699914720,+2.99, +5.864,+12.193,+0.939
1699914840,+2.99, +5.805,+12.222,+0.939
1699914960,+2.99, +5.756,+12.221,+0.939
1699915080,+2.99, +5.697,+12.248,+0.938
1699915200,+2.99, +5.667,+12.255,+0.939
1699915320,+3.00, +5.628,+12.254,+0.938
1699915440,+3.00, +5.569,+12.272,+0.939
1699915560,+3.00, +5.549,+12.271,+0.938
1699915680,+3.00, +5.490,+12.294,+0.939
1699915800,+3.00, +5.430,+12.308,+0.938
1699915920,+3.00, +5.371,+12.333,+0.939
1699916040,+3.00, +5.311,+12.343,+0.938
1699916160,+3.00, +5.271,+12.371,+0.939
1699916280,+2.99, +5.232,+12.367,+0.939
1699916400,+2.99, +5.162,+12.403,+0.939
1699916520,+2.99, +5.132,+12.404,+0.939
1699916640,+2.99, +5.092,+12.397,+0.939
1699916760,+2.99, +5.062,+12.417,+0.939
1699916880,+2.99, +5.032,+12.418,+0.938
1699917000,+2.99, +4.982,+12.442,+0.939
1699917120,+2.99, +4.962,+12.440,+0.939
1699917240,+2.99, +4.902,+12.469,+0.939
1699917360,+2.99, +4.882,+12.469,+0.939
1699917480,+2.99, +4.842,+12.496,+0.939
1699917600,+2.99, +4.792,+12.507,+0.939
1699917720,+2.99, +4.762,+12.502,+0.938
1699917840,+2.99, +4.722,+12.518,+0.938
1699917960,+2.99, +4.682,+12.527,+0.938
1699918080,+2.99, +4.651,+12.533,+0.938
1699918200,+3.00, +4.561,+12.571,+0.938
1699918320,+2.99, +4.551,+12.580,+0.938
1699918440,+3.00, +4.500,+12.579,+0.938
1699918560,+3.00, +4.450,+12.615,+0.939
1699918680,+3.00, +4.419,+12.621,+0.938
1699918800,+3.00, +4.349,+12.650,+0.938
1699918920,+3.00, +4.318,+12.663,+0.939
1699919040,+3.00, +4.278,+12.666,+0.938
1699919160,+3.00, +4.207,+12.689,+0.938
1699919280,+3.00, +4.166,+12.698,+0.938
1699919400,+3.00, +4.126,+12.715,+0.938
1699919520,+3.00, +4.075,+12.727,+0.938
1699919640,+3.00, +4.014,+12.758,+0.938
1699919760,+3.00, +3.983,+12.748,+0.938
1699919880,+3.00, +3.942,+12.763,+0.938
1699920000,+3.00, +3.912,+12.780,+0.938
1699920120,+2.99, +3.881,+12.789,+0.938
1699920240,+2.99, +3.840,+12.813,+0.938
1699920360,+2.99, +3.820,+12.817,+0.938
1699920480,+2.99, +3.768,+12.847,+0.939
1699920600,+2.99, +3.727,+12.853,+0.938
1699920720,+2.99, +3.697,+12.862,+0.938
1699920840,+2.99, +3.686,+12.857,+0.938
1699920960,+2.99, +3.635,+12.889,+0.938
1699921080,+2.99, +3.635,+12.861,+0.938
1699921200,+2.99, +3.573,+12.894,+0.938
1699921320,+2.99, +3.553,+12.905,+0.938
1699921440,+2.99, +3.522,+12.903,+0.938
1699921560,+2.99, +3.501,+12.917,+0.938
1699921680,+2.99, +3.471,+12.927,+0.938
1699921800,+3.00, +3.419,+12.942,+0.938
1699921920,+3.00, +3.398,+12.951,+0.938
1699922040,+3.00, +3.367,+12.960,+0.938
1699922160,+3.00, +3.336,+12.966,+0.938
1699922280,+3.00, +3.305,+12.994,+0.938
1699922400,+3.00, +3.274,+12.994,+0.938
1699922520,+3.00, +3.233,+13.025,+0.938
1699922640,+3.00, +3.202,+13.026,+0.938
1699922760,+3.00, +3.181,+13.027,+0.938
1699922880,+3.00, +3.181,+13.012,+0.937
1699923000,+3.00, +3.119,+13.039,+0.938
1699923120,+3.00, +3.088,+13.057,+0.938
1699923240,+3.00, +3.036,+13.065,+0.937
1699923360,+3.00, +3.005,+13.088,+0.938
1699923480,+3.00, +2.973,+13.095,+0.938
1699923600,+3.00, +2.953,+13.090,+0.937
1699923720,+3.00, +2.921,+13.092,+0.937
1699923840,+3.00, +2.901,+13.115,+0.938
