7450-401396
OS REV: 1.05 Sensor Cal: 1618512290
Time (sec),  BV (Volts),  T (deg C),  DO (mg/l),  Q ()
1688676360,+3.06,+25.466, +0.064,+0.941
1688676480,+3.06,+25.466, +0.064,+0.941
1688676600,+3.06,+25.457, +0.064,+0.941
1688676720,+3.06,+25.474, +0.064,+0.941
1688676840,+3.06,+25.483, +0.064,+0.941
1688676960,+3.06,+25.483, +0.064,+0.941
1688677080,+3.06,+25.466, +0.064,+0.941
1688677200,+3.06,+25.466, +0.064,+0.941
1688677320,+3.06,+25.474, +0.064,+0.941
1688677440,+3.06,+25.466, +0.064,+0.941
1688677560,+3.06,+25.466, +0.064,+0.941
1688677680,+3.06,+25.457, +0.064,+0.941
1688677800,+3.06,+25.483, +0.065,+0.941
1688677920,+3.06,+25.483, +0.064,+0.941
1688678040,+3.06,+25.483, +0.064,+0.941
1688678160,+3.06,+25.474, +0.064,+0.941
1688678280,+3.06,+25.466, +0.064,+0.941
1688678400,+3.06,+25.474, +0.064,+0.941
1688678520,+3.06,+25.483, +0.064,+0.941
1688678640,+3.06,+25.483, +0.064,+0.941
1688678760,+3.06,+25.499, +0.063,+0.941
1688678880,+3.06,+25.483, +0.064,+0.941
1688679000,+3.06,+25.474, +0.064,+0.941
1688679120,+3.06,+25.466, +0.064,+0.941
1688679240,+3.06,+25.466, +0.064,+0.941
1688679360,+3.06,+25.483, +0.064,+0.941
1688679480,+3.06,+25.483, +0.064,+0.941
1688679600,+3.06,+25.474, +0.064,+0.941
1688679720,+3.06,+25.483, +0.064,+0.941
1688679840,+3.06,+25.483, +0.064,+0.941
1688679960,+3.06,+25.474, +0.063,+0.941
1688680080,+3.06,+25.483, +0.064,+0.941
1688680200,+3.06,+25.483, +0.064,+0.941
1688680320,+3.06,+25.491, +0.064,+0.941
1688680440,+3.06,+25.466, +0.064,+0.941
1688680560,+3.06,+25.466, +0.064,+0.941
1688680680,+3.06,+25.483, +0.064,+0.941
1688680800,+3.06,+25.466, +0.064,+0.941
1688680920,+3.06,+25.474, +0.064,+0.941
1688681040,+3.06,+25.466, +0.064,+0.941
1688681160,+3.06,+25.474, +0.064,+0.941
1688681280,+3.06,+25.499, +0.064,+0.941
1688681400,+3.06,+25.466, +0.064,+0.941
1688681520,+3.06,+25.474, +0.063,+0.941
1688681640,+3.06,+25.474, +0.063,+0.941
1688681760,+3.06,+25.457, +0.064,+0.941
1688681880,+3.06,+25.449, +0.064,+0.941
1688682000,+3.06,+25.457, +0.064,+0.941
1688682120,+3.06,+25.457, +0.064,+0.941
1688682240,+3.06,+25.466, +0.064,+0.941
1688682360,+3.06,+25.474, +0.063,+0.941
1688682480,+3.06,+25.449, +0.064,+0.941
1688682600,+3.06,+25.457, +0.063,+0.941
1688682720,+3.06,+25.457, +0.064,+0.941
1688682840,+3.06,+25.457, +0.063,+0.941
1688682960,+3.06,+25.449, +0.063,+0.941
1688683080,+3.06,+25.449, +0.064,+0.941
1688683200,+3.06,+25.457, +0.064,+0.941
1688683320,+3.06,+25.440, +0.064,+0.941
1688683440,+3.06,+25.440, +0.064,+0.941
1688683560,+3.06,+25.440, +0.064,+0.941
1688683680,+3.06,+25.432, +0.064,+0.941
1688683800,+3.06,+25.440, +0.064,+0.941
1688683920,+3.06,+25.440, +0.064,+0.941
1688684040,+3.06,+25.424, +0.064,+0.941
1688684160,+3.06,+25.440, +0.064,+0.941
1688684280,+3.06,+25.432, +0.064,+0.941
1688684400,+3.06,+25.440, +0.064,+0.941
1688684520,+3.06,+25.432, +0.064,+0.941
1688684640,+3.06,+25.432, +0.064,+0.941
1688684760,+3.06,+25.424, +0.064,+0.941
1688684880,+3.06,+25.424, +0.064,+0.941
1688685000,+3.06,+25.432, +0.063,+0.941
1688685120,+3.06,+25.424, +0.063,+0.941
1688685240,+3.06,+25.415, +0.064,+0.941
1688685360,+3.06,+25.424, +0.064,+0.941
1688685480,+3.06,+25.415, +0.064,+0.941
1688685600,+3.06,+25.424, +0.064,+0.941
1688685720,+3.06,+25.424, +0.063,+0.941
1688685840,+3.06,+25.424, +0.064,+0.941
1688685960,+3.06,+25.415, +0.064,+0.941
1688686080,+3.06,+25.407, +0.064,+0.941
1688686200,+3.06,+25.407, +0.063,+0.941
1688686320,+3.06,+25.415, +0.064,+0.941
1688686440,+3.06,+25.398, +0.063,+0.941
1688686560,+3.06,+25.398, +0.064,+0.941
1688686680,+3.06,+25.398, +0.064,+0.941
1688686800,+3.06,+25.398, +0.063,+0.941
1688686920,+3.06,+25.381, +0.063,+0.941
1688687040,+3.06,+25.398, +0.064,+0.941
1688687160,+3.06,+25.381, +0.063,+0.941
1688687280,+3.06,+25.390, +0.063,+0.941
1688687400,+3.06,+25.398, +0.063,+0.941
1688687520,+3.06,+25.373, +0.063,+0.941
1688687640,+3.06,+25.365, +0.064,+0.941
1688687760,+3.06,+25.381, +0.064,+0.941
1688687880,+3.06,+25.381, +0.063,+0.941
1688688000,+3.06,+25.373, +0.063,+0.941
1688688120,+3.06,+25.356, +0.063,+0.941
1688688240,+3.06,+25.373, +0.063,+0.941
1688688360,+3.06,+25.365, +0.063,+0.941
1688688480,+3.06,+25.365, +0.063,+0.941
1688688600,+3.06,+25.365, +0.063,+0.941
1688688720,+3.06,+25.348, +0.063,+0.941
1688688840,+3.06,+25.339, +0.064,+0.941
1688688960,+3.06,+25.348, +0.063,+0.941
1688689080,+3.06,+25.348, +0.063,+0.941
1688689200,+3.06,+25.339, +0.063,+0.941
1688689320,+3.06,+25.356, +0.063,+0.941
1688689440,+3.06,+25.331, +0.063,+0.941
1688689560,+3.06,+25.339, +0.064,+0.941
1688689680,+3.06,+25.331, +0.063,+0.941
1688689800,+3.06,+25.331, +0.063,+0.941
1688689920,+3.06,+25.306, +0.063,+0.941
1688690040,+3.06,+25.306, +0.063,+0.941
1688690160,+3.06,+25.314, +0.063,+0.941
1688690280,+3.06,+25.306, +0.064,+0.941
1688690400,+3.06,+25.306, +0.063,+0.941
1688690520,+3.06,+25.297, +0.063,+0.941
1688690640,+3.06,+25.289, +0.063,+0.941
1688690760,+3.06,+25.289, +0.063,+0.941
1688690880,+3.06,+25.280, +0.064,+0.941
1688691000,+3.06,+25.280, +0.063,+0.941
1688691120,+3.06,+25.272, +0.063,+0.941
1688691240,+3.06,+25.272, +0.063,+0.941
1688691360,+3.06,+25.255, +0.063,+0.941
1688691480,+3.06,+25.247, +0.063,+0.941
1688691600,+3.06,+25.238, +0.063,+0.941
1688691720,+3.06,+25.272, +0.063,+0.941
1688691840,+3.06,+25.230, +0.064,+0.941
1688691960,+3.06,+25.238, +0.063,+0.941
1688692080,+3.06,+25.221, +0.063,+0.941
1688692200,+3.06,+25.238, +0.062,+0.941
1688692320,+3.06,+25.213, +0.063,+0.941
1688692440,+3.06,+25.213, +0.063,+0.941
1688692560,+3.06,+25.205, +0.063,+0.941
1688692680,+3.06,+25.196, +0.063,+0.941
1688692800,+3.06,+25.188, +0.063,+0.941
1688692920,+3.06,+25.179, +0.063,+0.941
1688693040,+3.06,+25.171, +0.063,+0.941
1688693160,+3.06,+25.162, +0.064,+0.941
1688693280,+3.06,+25.154, +0.063,+0.941
1688693400,+3.06,+25.171, +0.063,+0.941
1688693520,+3.06,+25.154, +0.063,+0.941
1688693640,+3.06,+25.154, +0.063,+0.941
1688693760,+3.06,+25.146, +0.064,+0.941
1688693880,+3.06,+25.146, +0.063,+0.941
1688694000,+3.06,+25.112, +0.063,+0.941
1688694120,+3.06,+25.112, +0.063,+0.941
1688694240,+3.06,+25.112, +0.063,+0.941
1688694360,+3.06,+25.103, +0.063,+0.941
1688694480,+3.06,+25.112, +0.063,+0.941
1688694600,+3.06,+25.095, +0.063,+0.941
1688694720,+3.06,+25.103, +0.063,+0.941
1688694840,+3.06,+25.095, +0.063,+0.941
1688694960,+3.06,+25.078, +0.063,+0.941
1688695080,+3.06,+25.061, +0.063,+0.941
1688695200,+3.06,+25.061, +0.063,+0.941
1688695320,+3.06,+25.053, +0.063,+0.941
1688695440,+3.06,+25.028, +0.063,+0.941
1688695560,+3.06,+25.036, +0.062,+0.941
1688695680,+3.06,+25.036, +0.063,+0.941
1688695800,+3.06,+25.002, +0.062,+0.941
1688695920,+3.06,+24.994, +0.063,+0.941
1688696040,+3.06,+25.002, +0.063,+0.941
1688696160,+3.06,+25.002, +0.063,+0.941
1688696280,+3.06,+24.994, +0.063,+0.941
1688696400,+3.06,+24.977, +0.063,+0.941
1688696520,+3.06,+24.969, +0.063,+0.941
1688696640,+3.06,+24.960, +0.063,+0.941
1688696760,+3.06,+24.969, +0.062,+0.941
1688696880,+3.06,+24.944, +0.063,+0.941
1688697000,+3.06,+24.969, +0.063,+0.941
1688697120,+3.06,+24.952, +0.063,+0.941
1688697240,+3.06,+24.927, +0.063,+0.941
1688697360,+3.06,+24.927, +0.063,+0.941
1688697480,+3.06,+24.927, +0.063,+0.941
1688697600,+3.06,+24.910, +0.063,+0.941
1688697720,+3.06,+24.927, +0.063,+0.941
1688697840,+3.06,+24.893, +0.063,+0.941
1688697960,+3.06,+24.893, +0.063,+0.941
1688698080,+3.06,+24.885, +0.063,+0.941
1688698200,+3.06,+24.876, +0.063,+0.941
1688698320,+3.06,+24.876, +0.063,+0.941
1688698440,+3.06,+24.868, +0.063,+0.941
1688698560,+3.06,+24.868, +0.063,+0.941
1688698680,+3.06,+24.851, +0.062,+0.941
1688698800,+3.06,+24.843, +0.063,+0.941
1688698920,+3.06,+24.843, +0.063,+0.941
1688699040,+3.06,+24.826, +0.063,+0.941
1688699160,+3.06,+24.826, +0.063,+0.941
1688699280,+3.06,+24.826, +0.062,+0.941
1688699400,+3.06,+24.809, +0.063,+0.941
1688699520,+3.06,+24.801, +0.063,+0.941
1688699640,+3.06,+24.792, +0.063,+0.941
1688699760,+3.06,+24.784, +0.063,+0.941
1688699880,+3.06,+24.767, +0.063,+0.941
1688700000,+3.06,+24.767, +0.063,+0.941
1688700120,+3.06,+24.775, +0.063,+0.941
1688700240,+3.06,+24.750, +0.062,+0.941
1688700360,+3.06,+24.767, +0.063,+0.941
1688700480,+3.06,+24.733, +0.062,+0.941
1688700600,+3.06,+24.725, +0.063,+0.941
1688700720,+3.06,+24.725, +0.062,+0.941
1688700840,+3.06,+24.717, +0.063,+0.941
1688700960,+3.06,+24.717, +0.062,+0.941
1688701080,+3.06,+24.700, +0.062,+0.941
1688701200,+3.06,+24.700, +0.063,+0.941
1688701320,+3.06,+24.700, +0.062,+0.941
1688701440,+3.06,+24.691, +0.062,+0.941
1688701560,+3.06,+24.683, +0.062,+0.941
1688701680,+3.06,+24.666, +0.063,+0.941
1688701800,+3.06,+24.658, +0.063,+0.941
1688701920,+3.06,+24.649, +0.062,+0.941
1688702040,+3.06,+24.649, +0.063,+0.941
1688702160,+3.06,+24.649, +0.062,+0.941
1688702280,+3.06,+24.624, +0.063,+0.941
1688702400,+3.06,+24.616, +0.063,+0.941
1688702520,+3.06,+24.607, +0.062,+0.941
1688702640,+3.06,+24.590, +0.063,+0.941
1688702760,+3.06,+24.607, +0.062,+0.941
1688702880,+3.06,+24.607, +0.062,+0.941
1688703000,+3.06,+24.582, +0.063,+0.941
1688703120,+3.06,+24.590, +0.063,+0.941
1688703240,+3.06,+24.574, +0.062,+0.941
1688703360,+3.06,+24.565, +0.063,+0.941
1688703480,+3.06,+24.557, +0.062,+0.941
1688703600,+3.06,+24.557, +0.062,+0.941
1688703720,+3.06,+24.548, +0.063,+0.941
1688703840,+3.06,+24.532, +0.062,+0.941
1688703960,+3.06,+24.540, +0.063,+0.941
1688704080,+3.06,+24.523, +0.062,+0.941
1688704200,+3.06,+24.506, +0.062,+0.941
1688704320,+3.06,+24.506, +0.063,+0.941
1688704440,+3.06,+24.506, +0.062,+0.941
1688704560,+3.06,+24.490, +0.062,+0.941
1688704680,+3.06,+24.481, +0.063,+0.941
1688704800,+3.06,+24.473, +0.062,+0.941
1688704920,+3.06,+24.464, +0.062,+0.941
1688705040,+3.06,+24.464, +0.062,+0.941
1688705160,+3.06,+24.456, +0.063,+0.941
1688705280,+3.06,+24.448, +0.062,+0.941
1688705400,+3.06,+24.456, +0.062,+0.941
1688705520,+3.06,+24.439, +0.062,+0.941
1688705640,+3.06,+24.431, +0.062,+0.941
1688705760,+3.06,+24.439, +0.062,+0.941
1688705880,+3.06,+24.422, +0.062,+0.941
1688706000,+3.06,+24.414, +0.063,+0.941
1688706120,+3.06,+24.414, +0.062,+0.941
1688706240,+3.06,+24.397, +0.062,+0.941
1688706360,+3.06,+24.397, +0.062,+0.941
1688706480,+3.06,+24.380, +0.062,+0.941
1688706600,+3.06,+24.372, +0.062,+0.941
1688706720,+3.06,+24.364, +0.063,+0.941
1688706840,+3.06,+24.364, +0.062,+0.941
1688706960,+3.06,+24.355, +0.062,+0.941
1688707080,+3.06,+24.355, +0.062,+0.941
1688707200,+3.06,+24.338, +0.062,+0.941
1688707320,+3.06,+24.347, +0.062,+0.941
1688707440,+3.06,+24.322, +0.062,+0.941
1688707560,+3.06,+24.338, +0.062,+0.941
1688707680,+3.06,+24.330, +0.062,+0.941
1688707800,+3.06,+24.322, +0.063,+0.941
1688707920,+3.06,+24.305, +0.062,+0.941
1688708040,+3.06,+24.313, +0.062,+0.941
1688708160,+3.06,+24.297, +0.062,+0.941
1688708280,+3.06,+24.288, +0.062,+0.941
1688708400,+3.06,+24.288, +0.062,+0.941
1688708520,+3.06,+24.271, +0.062,+0.941
1688708640,+3.06,+24.271, +0.062,+0.941
1688708760,+3.06,+24.263, +0.062,+0.941
1688708880,+3.06,+24.255, +0.062,+0.941
1688709000,+3.06,+24.255, +0.062,+0.940
1688709120,+3.06,+24.263, +0.062,+0.941
1688709240,+3.06,+24.246, +0.063,+0.941
1688709360,+3.06,+24.238, +0.062,+0.940
1688709480,+3.06,+24.221, +0.062,+0.941
1688709600,+3.06,+24.229, +0.063,+0.941
1688709720,+3.06,+24.221, +0.062,+0.941
1688709840,+3.06,+24.213, +0.062,+0.941
1688709960,+3.06,+24.213, +0.062,+0.941
1688710080,+3.06,+24.204, +0.063,+0.941
1688710200,+3.06,+24.204, +0.062,+0.941
1688710320,+3.06,+24.204, +0.062,+0.941
1688710440,+3.06,+24.196, +0.062,+0.941
1688710560,+3.06,+24.171, +0.063,+0.941
1688710680,+3.06,+24.162, +0.063,+0.941
1688710800,+3.06,+24.162, +0.062,+0.941
1688710920,+3.06,+24.171, +0.062,+0.941
1688711040,+3.06,+24.145, +0.062,+0.941
1688711160,+3.06,+24.145, +0.062,+0.941
1688711280,+3.06,+24.145, +0.062,+0.941
1688711400,+3.06,+24.129, +0.062,+0.941
1688711520,+3.06,+24.120, +0.063,+0.941
1688711640,+3.06,+24.129, +0.062,+0.941
1688711760,+3.06,+24.103, +0.063,+0.940
1688711880,+3.06,+24.103, +0.062,+0.941
1688712000,+3.06,+24.112, +0.062,+0.940
1688712120,+3.06,+24.087, +0.062,+0.941
1688712240,+3.06,+24.078, +0.062,+0.941
1688712360,+3.06,+24.070, +0.062,+0.941
1688712480,+3.06,+24.087, +0.062,+0.941
1688712600,+3.06,+24.053, +0.062,+0.940
1688712720,+3.06,+24.078, +0.062,+0.940
1688712840,+3.06,+24.070, +0.062,+0.940
1688712960,+3.06,+24.045, +0.062,+0.940
1688713080,+3.06,+24.045, +0.062,+0.941
1688713200,+3.06,+24.053, +0.062,+0.941
1688713320,+3.06,+24.036, +0.062,+0.940
1688713440,+3.06,+24.036, +0.062,+0.941
1688713560,+3.06,+24.011, +0.063,+0.941
1688713680,+3.06,+24.028, +0.062,+0.940
1688713800,+3.06,+24.003, +0.062,+0.940
1688713920,+3.06,+23.994, +0.062,+0.941
1688714040,+3.06,+24.003, +0.062,+0.940
1688714160,+3.06,+24.003, +0.062,+0.941
1688714280,+3.06,+23.986, +0.062,+0.941
1688714400,+3.06,+23.978, +0.062,+0.940
1688714520,+3.06,+23.994, +0.062,+0.940
1688714640,+3.06,+23.978, +0.062,+0.940
1688714760,+3.06,+23.994, +0.062,+0.940
1688714880,+3.06,+23.961, +0.062,+0.940
1688715000,+3.06,+23.952, +0.062,+0.941
1688715120,+3.06,+23.952, +0.062,+0.940
1688715240,+3.06,+23.944, +0.062,+0.940
1688715360,+3.06,+23.952, +0.062,+0.940
1688715480,+3.06,+23.927, +0.062,+0.940
1688715600,+3.06,+23.927, +0.062,+0.940
1688715720,+3.06,+23.927, +0.062,+0.940
1688715840,+3.06,+23.927, +0.062,+0.941
1688715960,+3.06,+23.911, +0.062,+0.940
1688716080,+3.06,+23.902, +0.062,+0.940
1688716200,+3.06,+23.911, +0.062,+0.940
1688716320,+3.06,+23.911, +0.062,+0.940
1688716440,+3.06,+23.894, +0.062,+0.940
1688716560,+3.06,+23.885, +0.062,+0.940
1688716680,+3.06,+23.885, +0.063,+0.941
1688716800,+3.06,+23.877, +0.062,+0.940
1688716920,+3.06,+23.869, +0.062,+0.940
1688717040,+3.06,+23.869, +0.062,+0.940
1688717160,+3.06,+23.869, +0.062,+0.940
1688717280,+3.06,+23.869, +0.062,+0.941
1688717400,+3.06,+23.852, +0.062,+0.940
1688717520,+3.06,+23.852, +0.062,+0.940
1688717640,+3.06,+23.835, +0.062,+0.940
1688717760,+3.06,+23.835, +0.062,+0.940
1688717880,+3.06,+23.835, +0.062,+0.941
1688718000,+3.06,+23.843, +0.062,+0.940
1688718120,+3.06,+23.827, +0.062,+0.940
1688718240,+3.06,+23.818, +0.062,+0.940
1688718360,+3.06,+23.802, +0.062,+0.940
1688718480,+3.06,+23.810, +0.062,+0.940
1688718600,+3.06,+23.793, +0.062,+0.940
1688718720,+3.06,+23.785, +0.062,+0.940
1688718840,+3.06,+23.793, +0.062,+0.940
1688718960,+3.06,+23.785, +0.062,+0.940
1688719080,+3.06,+23.768, +0.062,+0.940
1688719200,+3.06,+23.768, +0.061,+0.940
1688719320,+3.06,+23.768, +0.062,+0.940
1688719440,+3.06,+23.768, +0.063,+0.940
1688719560,+3.06,+23.743, +0.062,+0.940
1688719680,+3.06,+23.743, +0.062,+0.940
1688719800,+3.06,+23.751, +0.062,+0.940
1688719920,+3.06,+23.743, +0.061,+0.940
1688720040,+3.06,+23.734, +0.062,+0.940
1688720160,+3.06,+23.734, +0.062,+0.940
1688720280,+3.06,+23.709, +0.062,+0.940
1688720400,+3.06,+23.718, +0.062,+0.940
1688720520,+3.06,+23.709, +0.062,+0.940
1688720640,+3.06,+23.709, +0.062,+0.940
1688720760,+3.06,+23.701, +0.062,+0.940
1688720880,+3.06,+23.701, +0.062,+0.940
1688721000,+3.06,+23.676, +0.062,+0.940
1688721120,+3.06,+23.693, +0.061,+0.940
1688721240,+3.06,+23.667, +0.062,+0.940
1688721360,+3.06,+23.693, +0.062,+0.940
1688721480,+3.06,+23.684, +0.061,+0.940
1688721600,+3.06,+23.667, +0.062,+0.940
1688721720,+3.06,+23.667, +0.061,+0.940
1688721840,+3.06,+23.634, +0.062,+0.940
1688721960,+3.06,+23.651, +0.062,+0.940
1688722080,+3.06,+23.659, +0.062,+0.940
1688722200,+3.06,+23.651, +0.062,+0.940
1688722320,+3.06,+23.642, +0.062,+0.940
1688722440,+3.06,+23.642, +0.062,+0.940
1688722560,+3.06,+23.625, +0.062,+0.940
1688722680,+3.06,+23.634, +0.062,+0.940
1688722800,+3.06,+23.609, +0.062,+0.940
1688722920,+3.06,+23.625, +0.061,+0.940
1688723040,+3.06,+23.600, +0.062,+0.940
1688723160,+3.06,+23.609, +0.062,+0.940
1688723280,+3.06,+23.592, +0.062,+0.940
1688723400,+3.06,+23.592, +0.062,+0.940
1688723520,+3.06,+23.584, +0.062,+0.940
1688723640,+3.06,+23.567, +0.062,+0.940
1688723760,+3.06,+23.592, +0.062,+0.940
1688723880,+3.06,+23.567, +0.062,+0.940
1688724000,+3.06,+23.575, +0.062,+0.940
1688724120,+3.06,+23.567, +0.062,+0.940
1688724240,+3.06,+23.550, +0.061,+0.940
1688724360,+3.06,+23.567, +0.062,+0.940
1688724480,+3.06,+23.542, +0.062,+0.940
1688724600,+3.06,+23.550, +0.062,+0.940
1688724720,+3.06,+23.542, +0.062,+0.940
1688724840,+3.06,+23.542, +0.062,+0.940
1688724960,+3.06,+23.508, +0.062,+0.940
1688725080,+3.06,+23.533, +0.062,+0.940
1688725200,+3.06,+23.517, +0.062,+0.940
1688725320,+3.06,+23.525, +0.062,+0.940
1688725440,+3.06,+23.525, +0.062,+0.940
1688725560,+3.06,+23.517, +0.061,+0.940
1688725680,+3.06,+23.500, +0.062,+0.940
1688725800,+3.06,+23.517, +0.061,+0.940
1688725920,+3.06,+23.500, +0.061,+0.940
1688726040,+3.06,+23.500, +0.061,+0.940
1688726160,+3.06,+23.466, +0.062,+0.940
1688726280,+3.06,+23.483, +0.062,+0.940
1688726400,+3.06,+23.475, +0.062,+0.940
1688726520,+3.06,+23.466, +0.061,+0.940
1688726640,+3.06,+23.466, +0.061,+0.940
1688726760,+3.06,+23.475, +0.062,+0.940
1688726880,+3.06,+23.458, +0.061,+0.940
1688727000,+3.06,+23.466, +0.061,+0.940
1688727120,+3.06,+23.458, +0.062,+0.940
1688727240,+3.06,+23.458, +0.061,+0.940
1688727360,+3.06,+23.458, +0.062,+0.940
1688727480,+3.06,+23.449, +0.061,+0.940
1688727600,+3.06,+23.424, +0.062,+0.940
1688727720,+3.06,+23.449, +0.061,+0.940
1688727840,+3.07,+23.424, +0.061,+0.940
1688727960,+3.07,+23.441, +0.062,+0.940
1688728080,+3.06,+23.424, +0.061,+0.940
1688728200,+3.06,+23.433, +0.062,+0.940
1688728320,+3.07,+23.424, +0.062,+0.940
1688728440,+3.06,+23.416, +0.061,+0.940
1688728560,+3.06,+23.408, +0.062,+0.940
1688728680,+3.06,+23.416, +0.062,+0.940
1688728800,+3.07,+23.399, +0.062,+0.940
1688728920,+3.06,+23.399, +0.062,+0.940
1688729040,+3.06,+23.391, +0.062,+0.940
1688729160,+3.07,+23.408, +0.061,+0.940
1688729280,+3.06,+23.382, +0.061,+0.940
1688729400,+3.06,+23.374, +0.062,+0.940
1688729520,+3.06,+23.399, +0.062,+0.940
1688729640,+3.06,+23.382, +0.061,+0.940
1688729760,+3.06,+23.374, +0.061,+0.940
1688729880,+3.07,+23.382, +0.061,+0.940
1688730000,+3.07,+23.366, +0.061,+0.940
1688730120,+3.07,+23.366, +0.062,+0.940
1688730240,+3.06,+23.366, +0.062,+0.940
1688730360,+3.06,+23.374, +0.062,+0.940
1688730480,+3.06,+23.366, +0.062,+0.940
1688730600,+3.06,+23.349, +0.062,+0.940
1688730720,+3.07,+23.366, +0.062,+0.940
1688730840,+3.07,+23.349, +0.061,+0.940
1688730960,+3.06,+23.315, +0.062,+0.940
1688731080,+3.07,+23.349, +0.062,+0.940
1688731200,+3.07,+23.341, +0.061,+0.940
1688731320,+3.06,+23.341, +0.062,+0.940
1688731440,+3.06,+23.332, +0.061,+0.940
1688731560,+3.06,+23.315, +0.062,+0.940
1688731680,+3.06,+23.324, +0.062,+0.940
1688731800,+3.07,+23.332, +0.062,+0.940
1688731920,+3.06,+23.315, +0.062,+0.940
1688732040,+3.06,+23.315, +0.062,+0.940
1688732160,+3.07,+23.315, +0.062,+0.940
1688732280,+3.06,+23.315, +0.062,+0.940
1688732400,+3.06,+23.324, +0.061,+0.940
1688732520,+3.06,+23.299, +0.062,+0.940
1688732640,+3.06,+23.307, +0.061,+0.940
1688732760,+3.06,+23.290, +0.061,+0.940
1688732880,+3.06,+23.299, +0.062,+0.940
1688733000,+3.06,+23.307, +0.062,+0.940
1688733120,+3.06,+23.282, +0.062,+0.940
1688733240,+3.06,+23.299, +0.062,+0.940
1688733360,+3.06,+23.299, +0.062,+0.940
1688733480,+3.06,+23.290, +0.062,+0.940
1688733600,+3.06,+23.299, +0.061,+0.940
1688733720,+3.06,+23.290, +0.061,+0.940
1688733840,+3.06,+23.282, +0.062,+0.940
1688733960,+3.06,+23.282, +0.061,+0.940
1688734080,+3.07,+23.282, +0.061,+0.940
1688734200,+3.06,+23.274, +0.062,+0.940
1688734320,+3.06,+23.274, +0.062,+0.940
1688734440,+3.06,+23.290, +0.061,+0.940
1688734560,+3.06,+23.282, +0.062,+0.940
1688734680,+3.06,+23.299, +0.061,+0.940
1688734800,+3.06,+23.282, +0.062,+0.940
1688734920,+3.06,+23.282, +0.062,+0.940
1688735040,+3.06,+23.282, +0.062,+0.940
1688735160,+3.06,+23.282, +0.062,+0.940
1688735280,+3.06,+23.290, +0.062,+0.940
1688735400,+3.06,+23.248, +0.062,+0.940
1688735520,+3.06,+23.265, +0.062,+0.940
1688735640,+3.06,+23.274, +0.062,+0.940
1688735760,+3.06,+23.274, +0.062,+0.940
1688735880,+3.06,+23.265, +0.062,+0.940
1688736000,+3.06,+23.274, +0.062,+0.940
1688736120,+3.06,+23.265, +0.062,+0.940
1688736240,+3.06,+23.274, +0.062,+0.940
1688736360,+3.06,+23.282, +0.062,+0.940
1688736480,+3.06,+23.274, +0.062,+0.940
1688736600,+3.06,+23.274, +0.061,+0.940
1688736720,+3.06,+23.257, +0.062,+0.940
1688736840,+3.06,+23.274, +0.061,+0.940
1688736960,+3.06,+23.282, +0.062,+0.940
1688737080,+3.06,+23.282, +0.062,+0.940
1688737200,+3.06,+23.274, +0.062,+0.940
1688737320,+3.06,+23.274, +0.062,+0.940
1688737440,+3.06,+23.290, +0.061,+0.940
1688737560,+3.06,+23.274, +0.062,+0.940
1688737680,+3.06,+23.282, +0.062,+0.940
1688737800,+3.06,+23.290, +0.062,+0.940
1688737920,+3.06,+23.274, +0.062,+0.940
1688738040,+3.06,+23.265, +0.062,+0.940
1688738160,+3.07,+23.290, +0.062,+0.940
1688738280,+3.06,+23.274, +0.061,+0.940
1688738400,+3.06,+23.299, +0.062,+0.940
1688738520,+3.06,+23.290, +0.062,+0.940
1688738640,+3.07,+23.299, +0.062,+0.940
1688738760,+3.06,+23.299, +0.062,+0.940
1688738880,+3.06,+23.299, +0.062,+0.940
1688739000,+3.06,+23.299, +0.062,+0.940
1688739120,+3.06,+23.299, +0.062,+0.940
1688739240,+3.06,+23.315, +0.062,+0.940
1688739360,+3.06,+23.299, +0.062,+0.940
1688739480,+3.06,+23.307, +0.061,+0.940
1688739600,+3.07,+23.315, +0.061,+0.940
1688739720,+3.06,+23.307, +0.062,+0.940
1688739840,+3.06,+23.315, +0.062,+0.940
1688739960,+3.07,+23.299, +0.062,+0.940
1688740080,+3.06,+23.315, +0.062,+0.940
1688740200,+3.06,+23.315, +0.062,+0.940
1688740320,+3.07,+23.332, +0.062,+0.940
1688740440,+3.06,+23.307, +0.062,+0.940
1688740560,+3.06,+23.315, +0.062,+0.940
1688740680,+3.07,+23.332, +0.062,+0.940
1688740800,+3.07,+23.307, +0.062,+0.940
1688740920,+3.06,+23.324, +0.061,+0.940
1688741040,+3.06,+23.324, +0.062,+0.940
1688741160,+3.06,+23.332, +0.062,+0.940
1688741280,+3.06,+23.332, +0.062,+0.940
1688741400,+3.07,+23.349, +0.062,+0.940
1688741520,+3.06,+23.349, +0.062,+0.940
1688741640,+3.06,+23.332, +0.063,+0.940
1688741760,+3.07,+23.357, +0.062,+0.940
1688741880,+3.06,+23.357, +0.062,+0.940
1688742000,+3.06,+23.366, +0.062,+0.940
1688742120,+3.07,+23.366, +0.062,+0.940
1688742240,+3.06,+23.382, +0.063,+0.940
1688742360,+3.06,+23.357, +0.062,+0.940
1688742480,+3.06,+23.382, +0.062,+0.940
1688742600,+3.07,+23.391, +0.062,+0.940
1688742720,+3.07,+23.399, +0.062,+0.940
1688742840,+3.06,+23.391, +0.062,+0.940
1688742960,+3.06,+23.399, +0.062,+0.940
1688743080,+3.06,+23.408, +0.062,+0.940
1688743200,+3.06,+23.399, +0.062,+0.940
1688743320,+3.06,+23.399, +0.062,+0.940
1688743440,+3.06,+23.424, +0.063,+0.940
1688743560,+3.06,+23.449, +0.063,+0.940
1688743680,+3.06,+23.449, +0.063,+0.940
1688743800,+3.06,+23.466, +0.062,+0.940
1688743920,+3.06,+23.449, +0.063,+0.940
1688744040,+3.06,+23.483, +0.062,+0.940
1688744160,+3.06,+23.483, +0.062,+0.940
1688744280,+3.06,+23.475, +0.063,+0.940
1688744400,+3.06,+23.491, +0.062,+0.940
1688744520,+3.06,+23.508, +0.063,+0.940
1688744640,+3.06,+23.525, +0.062,+0.940
1688744760,+3.06,+23.533, +0.062,+0.940
1688744880,+3.06,+23.550, +0.062,+0.940
1688745000,+3.06,+23.550, +0.063,+0.940
1688745120,+3.06,+23.558, +0.062,+0.940
1688745240,+3.06,+23.575, +0.063,+0.940
1688745360,+3.06,+23.584, +0.063,+0.940
1688745480,+3.06,+23.584, +0.063,+0.940
1688745600,+3.06,+23.600, +0.063,+0.940
1688745720,+3.06,+23.609, +0.062,+0.940
1688745840,+3.06,+23.617, +0.063,+0.940
1688745960,+3.06,+23.617, +0.063,+0.940
1688746080,+3.06,+23.642, +0.063,+0.940
1688746200,+3.06,+23.642, +0.062,+0.940
1688746320,+3.06,+23.659, +0.063,+0.940
1688746440,+3.06,+23.667, +0.062,+0.940
1688746560,+3.06,+23.684, +0.063,+0.940
1688746680,+3.06,+23.693, +0.063,+0.940
1688746800,+3.06,+23.709, +0.063,+0.940
1688746920,+3.06,+23.709, +0.063,+0.940
1688747040,+3.06,+23.734, +0.063,+0.940
1688747160,+3.06,+23.743, +0.063,+0.940
1688747280,+3.06,+23.751, +0.063,+0.940
1688747400,+3.06,+23.768, +0.063,+0.940
1688747520,+3.06,+23.802, +0.063,+0.940
1688747640,+3.06,+23.810, +0.063,+0.940
1688747760,+3.06,+23.810, +0.063,+0.940
1688747880,+3.06,+23.835, +0.063,+0.940
1688748000,+3.06,+23.835, +0.063,+0.940
1688748120,+3.06,+23.843, +0.063,+0.940
1688748240,+3.06,+23.869, +0.063,+0.940
1688748360,+3.06,+23.877, +0.063,+0.940
1688748480,+3.06,+23.894, +0.063,+0.940
1688748600,+3.06,+23.894, +0.063,+0.940
1688748720,+3.06,+23.902, +0.063,+0.940
1688748840,+3.06,+23.911, +0.063,+0.940
1688748960,+3.06,+23.927, +0.063,+0.940
1688749080,+3.06,+23.936, +0.063,+0.940
1688749200,+3.06,+23.961, +0.063,+0.940
1688749320,+3.06,+23.978, +0.063,+0.940
1688749440,+3.06,+23.994, +0.063,+0.940
1688749560,+3.06,+23.994, +0.063,+0.940
1688749680,+3.06,+24.020, +0.063,+0.940
1688749800,+3.06,+24.028, +0.063,+0.940
1688749920,+3.06,+24.045, +0.063,+0.940
1688750040,+3.06,+24.053, +0.063,+0.940
1688750160,+3.06,+24.078, +0.063,+0.940
1688750280,+3.06,+24.087, +0.064,+0.940
1688750400,+3.06,+24.112, +0.064,+0.940
1688750520,+3.06,+24.129, +0.064,+0.940
1688750640,+3.06,+24.145, +0.064,+0.940
1688750760,+3.06,+24.154, +0.063,+0.940
1688750880,+3.06,+24.171, +0.064,+0.940
1688751000,+3.06,+24.171, +0.064,+0.940
1688751120,+3.06,+24.171, +0.064,+0.940
1688751240,+3.06,+24.196, +0.063,+0.940
1688751360,+3.06,+24.204, +0.063,+0.940
1688751480,+3.06,+24.238, +0.064,+0.940
1688751600,+3.06,+24.263, +0.064,+0.940
1688751720,+3.06,+24.263, +0.064,+0.941
1688751840,+3.06,+24.271, +0.064,+0.940
1688751960,+3.06,+24.297, +0.063,+0.940
1688752080,+3.06,+24.313, +0.063,+0.940
1688752200,+3.06,+24.305, +0.064,+0.940
1688752320,+3.06,+24.322, +0.063,+0.940
1688752440,+3.06,+24.347, +0.064,+0.940
1688752560,+3.06,+24.355, +0.063,+0.940
1688752680,+3.06,+24.380, +0.063,+0.940
1688752800,+3.06,+24.389, +0.064,+0.940
1688752920,+3.06,+24.397, +0.064,+0.941
1688753040,+3.06,+24.431, +0.064,+0.941
1688753160,+3.06,+24.448, +0.064,+0.941
1688753280,+3.06,+24.464, +0.064,+0.940
1688753400,+3.06,+24.464, +0.064,+0.940
1688753520,+3.06,+24.481, +0.064,+0.941
1688753640,+3.06,+24.498, +0.064,+0.941
1688753760,+3.06,+24.498, +0.064,+0.941
1688753880,+3.06,+24.506, +0.064,+0.941
1688754000,+3.06,+24.523, +0.064,+0.941
1688754120,+3.06,+24.523, +0.064,+0.941
1688754240,+3.06,+24.532, +0.064,+0.941
1688754360,+3.06,+24.540, +0.064,+0.941
1688754480,+3.06,+24.557, +0.065,+0.941
1688754600,+3.06,+24.574, +0.064,+0.941
1688754720,+3.06,+24.574, +0.064,+0.940
1688754840,+3.06,+24.590, +0.064,+0.941
1688754960,+3.06,+24.599, +0.064,+0.941
1688755080,+3.06,+24.607, +0.064,+0.941
1688755200,+3.06,+24.607, +0.064,+0.941
1688755320,+3.06,+24.632, +0.064,+0.941
1688755440,+3.06,+24.641, +0.064,+0.941
1688755560,+3.06,+24.632, +0.064,+0.941
1688755680,+3.06,+24.649, +0.064,+0.941
1688755800,+3.06,+24.675, +0.064,+0.941
1688755920,+3.06,+24.675, +0.063,+0.941
1688756040,+3.06,+24.700, +0.064,+0.941
1688756160,+3.06,+24.683, +0.064,+0.941
1688756280,+3.06,+24.691, +0.064,+0.941
1688756400,+3.06,+24.700, +0.064,+0.941
1688756520,+3.06,+24.700, +0.064,+0.941
1688756640,+3.06,+24.717, +0.064,+0.941
1688756760,+3.06,+24.708, +0.064,+0.941
1688756880,+3.06,+24.691, +0.064,+0.941
1688757000,+3.06,+24.725, +0.063,+0.941
1688757120,+3.06,+24.691, +0.064,+0.941
1688757240,+3.06,+24.683, +0.063,+0.941
1688757360,+3.06,+24.691, +0.063,+0.941
1688757480,+3.06,+24.691, +0.063,+0.940
1688757600,+3.06,+24.658, +0.063,+0.941
1688757720,+3.06,+24.666, +0.063,+0.941
1688757840,+3.06,+24.632, +0.063,+0.941
1688757960,+3.06,+24.641, +0.063,+0.941
1688758080,+3.06,+24.641, +0.063,+0.941
1688758200,+3.06,+24.616, +0.063,+0.941
1688758320,+3.06,+24.607, +0.063,+0.941
1688758440,+3.06,+24.607, +0.063,+0.941
1688758560,+3.06,+24.599, +0.063,+0.941
1688758680,+3.06,+24.599, +0.063,+0.941
1688758800,+3.06,+24.590, +0.063,+0.941
1688758920,+3.06,+24.565, +0.063,+0.941
1688759040,+3.06,+24.565, +0.063,+0.941
1688759160,+3.06,+24.532, +0.063,+0.941
1688759280,+3.06,+24.548, +0.063,+0.941
1688759400,+3.06,+24.540, +0.063,+0.941
1688759520,+3.06,+24.532, +0.063,+0.941
1688759640,+3.06,+24.515, +0.063,+0.941
1688759760,+3.06,+24.515, +0.063,+0.941
1688759880,+3.06,+24.523, +0.063,+0.941
1688760000,+3.06,+24.506, +0.063,+0.941
1688760120,+3.06,+24.490, +0.063,+0.941
1688760240,+3.06,+24.498, +0.063,+0.941
1688760360,+3.06,+24.464, +0.063,+0.941
1688760480,+3.06,+24.473, +0.063,+0.941
1688760600,+3.06,+24.464, +0.063,+0.941
1688760720,+3.06,+24.456, +0.062,+0.940
1688760840,+3.06,+24.456, +0.062,+0.941
1688760960,+3.06,+24.456, +0.064,+0.941
1688761080,+3.06,+24.439, +0.063,+0.941
1688761200,+3.06,+24.431, +0.063,+0.941
1688761320,+3.06,+24.439, +0.063,+0.941
1688761440,+3.06,+24.414, +0.062,+0.941
1688761560,+3.06,+24.422, +0.062,+0.941
1688761680,+3.06,+24.422, +0.062,+0.941
1688761800,+3.06,+24.397, +0.063,+0.941
1688761920,+3.06,+24.414, +0.063,+0.941
1688762040,+3.06,+24.406, +0.063,+0.941
1688762160,+3.06,+24.380, +0.063,+0.941
1688762280,+3.06,+24.380, +0.063,+0.941
1688762400,+3.06,+24.389, +0.063,+0.941
1688762520,+3.06,+24.364, +0.063,+0.941
1688762640,+3.06,+24.380, +0.063,+0.940
1688762760,+3.06,+24.372, +0.063,+0.941
