7450-401396
OS REV: 1.05 Sensor Cal: 1618512290
Time (sec),  BV (Volts),  T (deg C),  DO (mg/l),  Q ()
1697501400,+3.00,+11.520,+10.458,+0.943
1697501520,+3.00,+11.512,+10.459,+0.942
1697501640,+3.00,+11.529,+10.446,+0.942
1697501760,+3.00,+11.529,+10.443,+0.942
1697501880,+3.00,+11.547,+10.448,+0.942
1697502000,+3.00,+11.529,+10.450,+0.942
1697502120,+3.00,+11.520,+10.456,+0.942
1697502240,+3.00,+11.556,+10.443,+0.942
1697502360,+3.00,+11.547,+10.449,+0.942
1697502480,+3.00,+11.538,+10.462,+0.942
1697502600,+3.00,+11.529,+10.455,+0.943
1697502720,+3.00,+11.503,+10.457,+0.942
1697502840,+3.00,+11.476,+10.474,+0.942
1697502960,+3.00,+11.467,+10.474,+0.942
1697503080,+3.00,+11.449,+10.479,+0.942
1697503200,+3.00,+11.422,+10.484,+0.942
1697503320,+3.01,+11.422,+10.497,+0.943
1697503440,+3.00,+11.413,+10.500,+0.943
1697503560,+3.01,+11.404,+10.507,+0.943
1697503680,+3.01,+11.413,+10.493,+0.942
1697503800,+3.01,+11.404,+10.494,+0.942
1697503920,+3.01,+11.404,+10.496,+0.942
1697504040,+3.01,+11.404,+10.500,+0.942
1697504160,+3.00,+11.404,+10.503,+0.943
1697504280,+3.00,+11.404,+10.499,+0.942
1697504400,+3.01,+11.449,+10.475,+0.942
1697504520,+3.00,+11.404,+10.497,+0.942
1697504640,+3.00,+11.431,+10.496,+0.943
1697504760,+3.00,+11.413,+10.504,+0.943
1697504880,+3.01,+11.440,+10.489,+0.942
1697505000,+3.00,+11.449,+10.484,+0.942
1697505120,+3.00,+11.467,+10.475,+0.942
1697505240,+3.00,+11.476,+10.485,+0.942
1697505360,+3.00,+11.494,+10.477,+0.942
1697505480,+3.00,+11.494,+10.475,+0.942
1697505600,+3.00,+11.503,+10.472,+0.942
1697505720,+3.00,+11.520,+10.460,+0.942
1697505840,+3.00,+11.520,+10.482,+0.943
1697505960,+3.00,+11.512,+10.481,+0.943
1697506080,+3.00,+11.538,+10.452,+0.942
1697506200,+3.00,+11.556,+10.451,+0.942
1697506320,+3.00,+11.574,+10.453,+0.942
1697506440,+3.00,+11.574,+10.459,+0.942
1697506560,+3.00,+11.574,+10.455,+0.942
1697506680,+3.00,+11.556,+10.465,+0.942
1697506800,+3.00,+11.601,+10.449,+0.942
1697506920,+3.00,+11.592,+10.453,+0.942
1697507040,+3.00,+11.610,+10.451,+0.943
1697507160,+3.00,+11.610,+10.460,+0.943
1697507280,+3.00,+11.646,+10.441,+0.942
1697507400,+3.00,+11.646,+10.437,+0.942
1697507520,+3.00,+11.646,+10.442,+0.943
1697507640,+3.00,+11.646,+10.441,+0.942
1697507760,+3.00,+11.655,+10.440,+0.942
1697507880,+3.00,+11.681,+10.433,+0.942
1697508000,+3.00,+11.708,+10.418,+0.942
1697508120,+3.00,+11.699,+10.426,+0.942
1697508240,+3.00,+11.717,+10.422,+0.942
1697508360,+3.00,+11.717,+10.425,+0.942
1697508480,+3.00,+11.717,+10.422,+0.943
1697508600,+3.00,+11.735,+10.419,+0.943
1697508720,+3.00,+11.762,+10.405,+0.942
1697508840,+3.00,+11.771,+10.404,+0.943
1697508960,+3.00,+11.762,+10.407,+0.942
1697509080,+3.00,+11.771,+10.412,+0.943
1697509200,+3.00,+11.788,+10.402,+0.942
1697509320,+3.00,+11.806,+10.397,+0.942
1697509440,+3.00,+11.815,+10.391,+0.942
1697509560,+3.00,+11.806,+10.400,+0.942
1697509680,+3.00,+11.815,+10.399,+0.942
1697509800,+3.00,+11.833,+10.388,+0.942
1697509920,+3.00,+11.842,+10.386,+0.942
1697510040,+3.00,+11.815,+10.402,+0.942
1697510160,+3.00,+11.824,+10.396,+0.942
1697510280,+3.00,+11.851,+10.387,+0.942
1697510400,+3.00,+11.860,+10.377,+0.942
1697510520,+3.00,+11.860,+10.388,+0.942
1697510640,+3.00,+11.860,+10.389,+0.943
1697510760,+3.00,+11.887,+10.389,+0.943
1697510880,+3.00,+11.887,+10.373,+0.942
1697511000,+3.00,+11.887,+10.380,+0.942
1697511120,+3.00,+11.869,+10.383,+0.942
1697511240,+3.00,+11.860,+10.392,+0.942
1697511360,+3.00,+11.860,+10.393,+0.942
1697511480,+3.00,+11.833,+10.397,+0.942
1697511600,+3.00,+11.842,+10.397,+0.942
1697511720,+3.00,+11.833,+10.397,+0.942
1697511840,+3.00,+11.806,+10.394,+0.942
1697511960,+3.00,+11.797,+10.398,+0.943
1697512080,+3.00,+11.762,+10.403,+0.942
1697512200,+3.00,+11.726,+10.414,+0.942
1697512320,+3.00,+11.708,+10.415,+0.942
1697512440,+3.00,+11.664,+10.447,+0.943
1697512560,+3.00,+11.637,+10.439,+0.942
1697512680,+3.00,+11.610,+10.462,+0.943
1697512800,+3.00,+11.601,+10.444,+0.942
1697512920,+3.00,+11.583,+10.448,+0.942
1697513040,+3.00,+11.574,+10.469,+0.943
1697513160,+3.00,+11.565,+10.467,+0.943
1697513280,+3.00,+11.538,+10.473,+0.942
1697513400,+3.00,+11.512,+10.473,+0.942
1697513520,+3.00,+11.476,+10.481,+0.942
1697513640,+3.00,+11.458,+10.502,+0.943
1697513760,+3.00,+11.458,+10.479,+0.942
1697513880,+3.00,+11.422,+10.495,+0.942
1697514000,+3.00,+11.413,+10.500,+0.942
1697514120,+3.00,+11.422,+10.496,+0.942
1697514240,+3.00,+11.449,+10.480,+0.942
1697514360,+3.00,+11.413,+10.505,+0.943
1697514480,+3.00,+11.422,+10.502,+0.943
1697514600,+3.00,+11.431,+10.494,+0.942
1697514720,+3.00,+11.422,+10.491,+0.942
1697514840,+3.00,+11.431,+10.493,+0.942
1697514960,+3.00,+11.431,+10.493,+0.942
1697515080,+3.00,+11.440,+10.495,+0.943
1697515200,+3.00,+11.449,+10.482,+0.942
1697515320,+3.00,+11.440,+10.486,+0.942
1697515440,+3.00,+11.449,+10.487,+0.942
1697515560,+3.00,+11.476,+10.473,+0.942
1697515680,+3.00,+11.449,+10.489,+0.943
1697515800,+3.00,+11.485,+10.479,+0.943
1697515920,+3.00,+11.476,+10.480,+0.942
1697516040,+3.00,+11.485,+10.480,+0.943
1697516160,+3.00,+11.485,+10.473,+0.942
1697516280,+3.00,+11.476,+10.480,+0.943
1697516400,+3.00,+11.503,+10.478,+0.943
1697516520,+3.00,+11.494,+10.488,+0.943
1697516640,+3.00,+11.520,+10.472,+0.943
1697516760,+3.00,+11.520,+10.474,+0.943
1697516880,+3.00,+11.520,+10.477,+0.943
1697517000,+3.00,+11.538,+10.474,+0.943
1697517120,+3.00,+11.538,+10.471,+0.943
1697517240,+3.00,+11.565,+10.462,+0.942
1697517360,+3.00,+11.565,+10.467,+0.943
1697517480,+3.00,+11.583,+10.454,+0.942
1697517600,+3.00,+11.574,+10.462,+0.942
1697517720,+3.00,+11.574,+10.460,+0.942
1697517840,+3.00,+11.592,+10.451,+0.942
1697517960,+3.00,+11.592,+10.458,+0.943
1697518080,+3.00,+11.601,+10.441,+0.942
1697518200,+3.00,+11.574,+10.465,+0.943
1697518320,+3.00,+11.556,+10.463,+0.942
1697518440,+3.00,+11.538,+10.463,+0.942
1697518560,+3.00,+11.512,+10.470,+0.942
1697518680,+3.00,+11.494,+10.472,+0.942
1697518800,+3.00,+11.467,+10.479,+0.942
1697518920,+3.00,+11.440,+10.489,+0.943
1697519040,+3.00,+11.395,+10.505,+0.943
1697519160,+3.01,+11.368,+10.510,+0.942
1697519280,+3.00,+11.332,+10.509,+0.942
1697519400,+3.00,+11.296,+10.532,+0.942
1697519520,+3.00,+11.278,+10.527,+0.942
1697519640,+3.00,+11.243,+10.538,+0.943
1697519760,+3.00,+11.198,+10.560,+0.942
1697519880,+3.00,+11.171,+10.556,+0.942
1697520000,+3.00,+11.144,+10.562,+0.942
1697520120,+3.00,+11.126,+10.559,+0.942
1697520240,+3.00,+11.090,+10.569,+0.942
1697520360,+3.00,+11.054,+10.576,+0.942
1697520480,+3.00,+11.036,+10.580,+0.942
1697520600,+3.00,+11.000,+10.599,+0.943
1697520720,+3.00,+10.964,+10.599,+0.942
1697520840,+3.00,+10.945,+10.605,+0.942
1697520960,+3.00,+10.936,+10.601,+0.942
1697521080,+3.00,+10.891,+10.627,+0.943
1697521200,+3.00,+10.864,+10.636,+0.943
1697521320,+3.00,+10.837,+10.628,+0.942
1697521440,+3.00,+10.837,+10.633,+0.942
1697521560,+3.00,+10.792,+10.646,+0.942
1697521680,+3.00,+10.774,+10.654,+0.942
1697521800,+3.00,+10.738,+10.660,+0.942
1697521920,+3.00,+10.738,+10.665,+0.943
1697522040,+3.00,+10.720,+10.681,+0.943
1697522160,+3.00,+10.683,+10.673,+0.942
1697522280,+3.00,+10.665,+10.673,+0.942
1697522400,+3.00,+10.638,+10.674,+0.942
1697522520,+3.00,+10.629,+10.679,+0.942
1697522640,+3.00,+10.611,+10.694,+0.942
1697522760,+3.00,+10.593,+10.697,+0.943
1697522880,+3.00,+10.557,+10.715,+0.943
1697523000,+3.00,+10.547,+10.704,+0.942
1697523120,+3.00,+10.529,+10.714,+0.943
1697523240,+3.00,+10.502,+10.717,+0.943
1697523360,+3.00,+10.484,+10.726,+0.942
1697523480,+3.00,+10.475,+10.721,+0.942
1697523600,+3.00,+10.466,+10.716,+0.942
1697523720,+3.01,+10.420,+10.742,+0.942
1697523840,+3.01,+10.420,+10.735,+0.943
1697523960,+3.01,+10.393,+10.750,+0.943
1697524080,+3.01,+10.375,+10.750,+0.943
1697524200,+3.01,+10.357,+10.749,+0.942
1697524320,+3.01,+10.329,+10.766,+0.942
1697524440,+3.01,+10.320,+10.756,+0.942
1697524560,+3.01,+10.311,+10.767,+0.942
1697524680,+3.01,+10.293,+10.754,+0.942
1697524800,+3.01,+10.266,+10.775,+0.942
1697524920,+3.01,+10.275,+10.769,+0.942
1697525040,+3.01,+10.247,+10.777,+0.942
1697525160,+3.01,+10.220,+10.797,+0.943
1697525280,+3.01,+10.220,+10.781,+0.942
1697525400,+3.01,+10.211,+10.790,+0.943
1697525520,+3.01,+10.184,+10.788,+0.942
1697525640,+3.01,+10.156,+10.810,+0.943
1697525760,+3.01,+10.138,+10.810,+0.942
1697525880,+3.01,+10.120,+10.817,+0.943
1697526000,+3.01,+10.120,+10.819,+0.943
1697526120,+3.01,+10.111,+10.825,+0.943
1697526240,+3.01,+10.101,+10.812,+0.943
1697526360,+3.00,+10.083,+10.822,+0.943
1697526480,+3.00,+10.074,+10.824,+0.943
1697526600,+3.00,+10.074,+10.817,+0.942
1697526720,+3.00,+10.056,+10.835,+0.943
1697526840,+3.00,+10.019,+10.844,+0.943
1697526960,+3.00,+10.001,+10.848,+0.942
1697527080,+3.00, +9.973,+10.858,+0.942
1697527200,+3.00, +9.946,+10.852,+0.942
1697527320,+3.00, +9.900,+10.868,+0.942
1697527440,+3.00, +9.882,+10.877,+0.942
1697527560,+3.00, +9.882,+10.875,+0.942
1697527680,+3.00, +9.836,+10.889,+0.942
1697527800,+3.00, +9.808,+10.896,+0.942
1697527920,+3.00, +9.790,+10.910,+0.942
1697528040,+3.00, +9.781,+10.906,+0.942
1697528160,+3.00, +9.744,+10.915,+0.942
1697528280,+3.00, +9.744,+10.913,+0.942
1697528400,+3.00, +9.708,+10.923,+0.942
1697528520,+3.00, +9.652,+10.950,+0.943
1697528640,+3.00, +9.634,+10.954,+0.943
1697528760,+3.00, +9.643,+10.946,+0.942
1697528880,+3.00, +9.652,+10.939,+0.943
1697529000,+3.00, +9.606,+10.957,+0.943
1697529120,+3.00, +9.606,+10.946,+0.942
1697529240,+3.00, +9.616,+10.953,+0.943
1697529360,+3.00, +9.616,+10.941,+0.942
1697529480,+3.00, +9.597,+10.947,+0.942
1697529600,+3.00, +9.606,+10.936,+0.942
1697529720,+3.00, +9.597,+10.946,+0.943
1697529840,+3.00, +9.579,+10.950,+0.942
1697529960,+3.00, +9.560,+10.966,+0.943
1697530080,+3.00, +9.560,+10.955,+0.942
1697530200,+3.00, +9.560,+10.959,+0.943
1697530320,+3.00, +9.551,+10.956,+0.943
1697530440,+3.00, +9.551,+10.954,+0.943
1697530560,+3.00, +9.570,+10.948,+0.942
1697530680,+3.00, +9.551,+10.959,+0.942
1697530800,+3.00, +9.542,+10.955,+0.942
1697530920,+3.00, +9.542,+10.953,+0.942
1697531040,+3.00, +9.551,+10.950,+0.942
1697531160,+3.00, +9.533,+10.956,+0.943
1697531280,+3.00, +9.514,+10.974,+0.943
1697531400,+3.00, +9.514,+10.963,+0.942
1697531520,+3.00, +9.523,+10.961,+0.942
1697531640,+3.00, +9.505,+10.978,+0.943
1697531760,+3.00, +9.496,+10.975,+0.942
1697531880,+3.00, +9.505,+10.969,+0.942
1697532000,+3.00, +9.505,+10.963,+0.942
1697532120,+3.00, +9.505,+10.965,+0.942
1697532240,+3.00, +9.505,+10.966,+0.942
1697532360,+3.00, +9.505,+10.963,+0.942
1697532480,+3.00, +9.487,+10.977,+0.942
1697532600,+3.00, +9.505,+10.964,+0.942
1697532720,+3.00, +9.477,+10.977,+0.942
1697532840,+3.00, +9.468,+10.973,+0.942
1697532960,+3.00, +9.468,+10.986,+0.943
1697533080,+3.01, +9.450,+10.994,+0.943
1697533200,+3.00, +9.468,+10.972,+0.942
1697533320,+3.00, +9.450,+10.983,+0.942
1697533440,+3.00, +9.440,+10.989,+0.942
1697533560,+3.00, +9.431,+10.995,+0.942
1697533680,+3.00, +9.422,+11.002,+0.943
1697533800,+3.00, +9.440,+10.987,+0.942
1697533920,+3.00, +9.422,+11.007,+0.943
1697534040,+3.01, +9.394,+11.001,+0.942
1697534160,+3.01, +9.394,+11.006,+0.943
1697534280,+3.01, +9.376,+11.004,+0.942
1697534400,+3.01, +9.376,+11.013,+0.943
1697534520,+3.01, +9.376,+11.004,+0.942
1697534640,+3.01, +9.357,+11.019,+0.943
1697534760,+3.01, +9.357,+11.013,+0.942
1697534880,+3.01, +9.330,+11.027,+0.943
1697535000,+3.01, +9.348,+11.005,+0.942
1697535120,+3.01, +9.348,+11.014,+0.943
1697535240,+3.01, +9.357,+11.018,+0.943
1697535360,+3.01, +9.311,+11.038,+0.943
1697535480,+3.01, +9.274,+11.037,+0.942
1697535600,+3.01, +9.246,+11.046,+0.942
1697535720,+3.01, +9.219,+11.064,+0.942
1697535840,+3.01, +9.191,+11.069,+0.942
1697535960,+3.01, +9.172,+11.075,+0.942
1697536080,+3.01, +9.154,+11.085,+0.943
1697536200,+3.01, +9.144,+11.093,+0.943
1697536320,+3.01, +9.126,+11.081,+0.942
1697536440,+3.01, +9.117,+11.091,+0.943
1697536560,+3.01, +9.117,+11.088,+0.943
1697536680,+3.01, +9.089,+11.096,+0.942
1697536800,+3.01, +9.070,+11.107,+0.943
1697536920,+3.01, +9.052,+11.110,+0.942
1697537040,+3.01, +9.033,+11.118,+0.943
1697537160,+3.01, +9.024,+11.113,+0.942
1697537280,+3.01, +8.996,+11.127,+0.943
1697537400,+3.01, +8.968,+11.131,+0.942
1697537520,+3.01, +8.968,+11.121,+0.942
1697537640,+3.01, +8.949,+11.127,+0.942
1697537760,+3.01, +8.940,+11.136,+0.942
1697537880,+3.01, +8.922,+11.144,+0.943
1697538000,+3.01, +8.912,+11.136,+0.942
1697538120,+3.01, +8.922,+11.141,+0.943
1697538240,+3.01, +8.894,+11.154,+0.943
1697538360,+3.00, +8.875,+11.164,+0.943
1697538480,+3.01, +8.884,+11.147,+0.942
1697538600,+3.00, +8.856,+11.160,+0.943
1697538720,+3.00, +8.838,+11.164,+0.942
1697538840,+3.00, +8.810,+11.174,+0.942
1697538960,+3.00, +8.819,+11.171,+0.942
1697539080,+3.00, +8.791,+11.182,+0.942
1697539200,+3.00, +8.773,+11.186,+0.942
1697539320,+3.00, +8.735,+11.197,+0.942
1697539440,+3.00, +8.717,+11.202,+0.942
1697539560,+3.00, +8.707,+11.202,+0.942
1697539680,+3.00, +8.670,+11.222,+0.943
1697539800,+3.00, +8.689,+11.214,+0.942
1697539920,+3.00, +8.679,+11.213,+0.943
1697540040,+3.00, +8.660,+11.204,+0.942
1697540160,+3.00, +8.623,+11.240,+0.943
1697540280,+3.00, +8.604,+11.239,+0.942
1697540400,+3.00, +8.586,+11.246,+0.942
1697540520,+3.00, +8.604,+11.235,+0.942
1697540640,+3.00, +8.595,+11.226,+0.942
1697540760,+3.00, +8.595,+11.241,+0.943
1697540880,+3.00, +8.576,+11.237,+0.942
1697541000,+3.00, +8.576,+11.243,+0.943
1697541120,+3.00, +8.558,+11.257,+0.943
1697541240,+3.00, +8.576,+11.252,+0.943
1697541360,+3.00, +8.558,+11.252,+0.943
1697541480,+3.00, +8.586,+11.251,+0.943
1697541600,+3.00, +8.567,+11.250,+0.943
1697541720,+3.00, +8.567,+11.245,+0.943
1697541840,+3.00, +8.567,+11.242,+0.943
1697541960,+3.00, +8.558,+11.253,+0.943
1697542080,+3.00, +8.558,+11.242,+0.942
1697542200,+3.00, +8.539,+11.263,+0.943
1697542320,+3.00, +8.530,+11.256,+0.943
1697542440,+3.00, +8.539,+11.269,+0.943
1697542560,+3.00, +8.530,+11.251,+0.942
1697542680,+3.00, +8.539,+11.258,+0.943
1697542800,+3.00, +8.558,+11.255,+0.943
1697542920,+3.00, +8.548,+11.251,+0.943
1697543040,+3.00, +8.567,+11.241,+0.942
1697543160,+3.00, +8.567,+11.249,+0.943
1697543280,+3.00, +8.586,+11.243,+0.943
1697543400,+3.00, +8.558,+11.254,+0.942
1697543520,+3.00, +8.604,+11.248,+0.943
1697543640,+3.00, +8.604,+11.241,+0.943
1697543760,+3.00, +8.576,+11.248,+0.942
1697543880,+3.00, +8.614,+11.244,+0.943
1697544000,+3.00, +8.632,+11.230,+0.943
1697544120,+3.00, +8.642,+11.239,+0.943
1697544240,+3.00, +8.679,+11.218,+0.943
1697544360,+3.00, +8.698,+11.211,+0.943
1697544480,+3.00, +8.698,+11.223,+0.943
1697544600,+3.00, +8.735,+11.198,+0.943
1697544720,+3.00, +8.763,+11.203,+0.943
1697544840,+3.00, +8.773,+11.188,+0.943
1697544960,+3.00, +8.800,+11.194,+0.943
1697545080,+3.00, +8.791,+11.194,+0.943
1697545200,+3.00, +8.856,+11.177,+0.943
1697545320,+3.00, +8.856,+11.173,+0.943
1697545440,+3.00, +8.866,+11.178,+0.943
1697545560,+3.01, +8.903,+11.161,+0.943
1697545680,+3.01, +8.922,+11.167,+0.943
1697545800,+3.01, +8.940,+11.164,+0.943
1697545920,+3.01, +8.959,+11.160,+0.943
1697546040,+3.01, +8.996,+11.152,+0.943
1697546160,+3.01, +9.052,+11.132,+0.943
1697546280,+3.01, +9.070,+11.133,+0.943
1697546400,+3.01, +9.117,+11.122,+0.943
1697546520,+3.01, +9.191,+11.102,+0.943
1697546640,+3.01, +9.237,+11.079,+0.943
1697546760,+3.01, +9.283,+11.077,+0.943
1697546880,+3.01, +9.311,+11.064,+0.943
1697547000,+3.01, +9.376,+11.048,+0.943
1697547120,+3.00, +9.422,+11.036,+0.943
1697547240,+3.00, +9.459,+11.034,+0.943
1697547360,+3.00, +9.523,+11.016,+0.943
1697547480,+3.00, +9.597,+11.002,+0.944
1697547600,+3.00, +9.652,+10.986,+0.944
1697547720,+3.00, +9.735,+10.960,+0.943
1697547840,+3.00, +9.818,+10.933,+0.943
1697547960,+3.00, +9.864,+10.936,+0.944
1697548080,+3.00, +9.955,+10.912,+0.943
1697548200,+3.00,+10.019,+10.900,+0.944
1697548320,+3.00,+10.074,+10.868,+0.943
1697548440,+3.01,+10.120,+10.860,+0.943
1697548560,+3.01,+10.165,+10.858,+0.944
1697548680,+3.01,+10.238,+10.840,+0.944
1697548800,+3.01,+10.293,+10.829,+0.944
1697548920,+3.01,+10.366,+10.798,+0.943
1697549040,+3.01,+10.429,+10.785,+0.943
1697549160,+3.00,+10.484,+10.770,+0.943
1697549280,+3.00,+10.566,+10.759,+0.944
1697549400,+3.00,+10.647,+10.732,+0.943
1697549520,+3.00,+10.702,+10.727,+0.944
1697549640,+3.00,+10.783,+10.706,+0.944
1697549760,+3.00,+10.855,+10.672,+0.943
1697549880,+3.00,+10.918,+10.675,+0.944
1697550000,+3.00,+11.027,+10.649,+0.943
1697550120,+3.00,+11.108,+10.624,+0.943
1697550240,+3.00,+11.153,+10.608,+0.943
1697550360,+3.00,+11.225,+10.588,+0.943
1697550480,+3.00,+11.243,+10.599,+0.944
1697550600,+3.00,+11.368,+10.568,+0.944
1697550720,+3.00,+11.440,+10.529,+0.943
1697550840,+3.00,+11.512,+10.532,+0.943
1697550960,+3.00,+11.726,+10.543,+0.944
1697551080,+3.00,+12.463,+10.412,+0.944
1697551200,+3.00,+12.552,+10.347,+0.942
1697551320,+3.00,+12.772,+10.315,+0.943
1697551440,+3.00,+12.878,+10.311,+0.943
1697551560,+3.00,+13.220,+10.239,+0.943
1697551680,+3.00,+13.439,+10.171,+0.943
1697551800,+3.00,+13.386,+10.157,+0.943
1697551920,+3.00,+13.325,+10.169,+0.942
1697552040,+3.00,+13.316,+10.179,+0.943
1697552160,+3.00,+13.308,+10.170,+0.943
1697552280,+3.00,+13.264,+10.164,+0.943
1697552400,+3.00,+13.229,+10.161,+0.942
1697552520,+3.00,+13.229,+10.162,+0.942
1697552640,+3.00,+13.220,+10.169,+0.942
1697552760,+3.00,+13.238,+10.175,+0.943
1697552880,+3.00,+13.229,+10.155,+0.942
1697553000,+3.00,+13.255,+10.181,+0.942
1697553120,+3.00,+13.448,+10.157,+0.943
1697553240,+3.00,+13.797,+10.120,+0.943
1697553360,+3.00,+13.971,+10.064,+0.942
1697553480,+3.00,+13.944,+10.045,+0.943
1697553600,+3.00,+13.901,+10.034,+0.942
1697553720,+3.00,+13.875,+10.041,+0.942
1697553840,+3.00,+13.857,+10.044,+0.943
1697553960,+3.00,+13.831,+10.066,+0.942
1697554080,+3.00,+13.857,+10.052,+0.943
1697554200,+3.00,+13.840,+10.055,+0.942
1697554320,+3.00,+13.788,+10.054,+0.942
1697554440,+3.00,+13.797,+10.051,+0.942
1697554560,+3.00,+13.753,+10.080,+0.942
1697554680,+3.00,+13.805,+10.065,+0.942
1697554800,+3.00,+13.866,+10.037,+0.943
1697554920,+3.00,+13.910,+10.039,+0.942
1697555040,+3.00,+14.040,+10.025,+0.943
1697555160,+3.00,+14.170,+10.008,+0.943
1697555280,+3.00,+14.240, +9.979,+0.942
1697555400,+3.00,+14.326, +9.970,+0.943
1697555520,+3.00,+14.344, +9.996,+0.942
1697555640,+3.00,+14.439, +9.941,+0.942
1697555760,+2.99,+14.534, +9.941,+0.943
1697555880,+3.00,+14.603, +9.925,+0.942
1697556000,+3.00,+14.663, +9.889,+0.942
1697556120,+3.00,+14.681, +9.879,+0.942
1697556240,+3.00,+14.707, +9.875,+0.942
1697556360,+3.00,+14.767, +9.867,+0.942
1697556480,+3.00,+14.870, +9.875,+0.943
1697556600,+3.00,+15.034, +9.830,+0.943
1697556720,+3.00,+15.266, +9.817,+0.942
1697556840,+3.00,+15.994, +9.821,+0.944
1697556960,+3.00,+16.232, +9.623,+0.943
1697557080,+3.00,+16.198, +9.620,+0.943
1697557200,+3.00,+16.147, +9.663,+0.942
1697557320,+3.00,+16.241, +9.833,+0.944
1697557440,+2.99,+16.760, +9.609,+0.944
1697557560,+3.00,+16.938, +9.602,+0.944
1697557680,+3.00,+17.251, +9.481,+0.943
1697557800,+2.99,+17.311, +9.474,+0.943
1697557920,+3.00,+17.175, +9.468,+0.943
1697558040,+3.00,+17.158, +9.482,+0.943
1697558160,+3.00,+17.158, +9.482,+0.943
1697558280,+3.00,+17.107, +9.452,+0.943
1697558400,+3.00,+17.090, +9.512,+0.942
1697558520,+3.00,+17.082, +9.496,+0.942
1697558640,+3.00,+17.107, +9.457,+0.942
1697558760,+3.00,+17.116, +9.467,+0.943
1697558880,+3.00,+16.980, +9.493,+0.942
1697559000,+3.00,+16.878, +9.491,+0.943
1697559120,+2.99,+16.743, +9.507,+0.942
1697559240,+2.99,+16.632, +9.516,+0.942
1697559360,+2.99,+16.513, +9.537,+0.942
1697559480,+2.99,+16.394, +9.580,+0.942
1697559600,+2.99,+16.318, +9.579,+0.942
1697559720,+3.00,+16.249, +9.578,+0.942
1697559840,+3.00,+16.164, +9.610,+0.942
1697559960,+3.00,+16.070, +9.609,+0.941
1697560080,+3.00,+15.968, +9.634,+0.942
1697560200,+3.00,+16.019, +9.656,+0.942
1697560320,+3.00,+16.122, +9.653,+0.942
1697560440,+3.00,+16.224, +9.612,+0.942
1697560560,+2.99,+16.377, +9.632,+0.942
1697560680,+2.99,+16.624, +9.616,+0.943
1697560800,+2.99,+16.683, +9.565,+0.943
1697560920,+2.99,+16.683, +9.552,+0.942
1697561040,+2.99,+16.726, +9.550,+0.943
1697561160,+2.99,+16.760, +9.544,+0.943
1697561280,+2.99,+16.794, +9.542,+0.943
1697561400,+3.00,+16.811, +9.514,+0.943
1697561520,+3.00,+16.904, +9.515,+0.943
1697561640,+3.00,+17.167, +9.482,+0.942
1697561760,+2.99,+17.302, +9.444,+0.943
1697561880,+3.00,+17.217, +9.462,+0.942
1697562000,+3.00,+17.184, +9.438,+0.943
1697562120,+3.00,+17.073, +9.460,+0.942
1697562240,+3.00,+16.980, +9.462,+0.943
1697562360,+3.00,+16.853, +9.496,+0.942
1697562480,+2.99,+16.743, +9.493,+0.942
1697562600,+2.99,+16.615, +9.508,+0.942
1697562720,+2.99,+16.513, +9.516,+0.942
1697562840,+2.99,+16.394, +9.542,+0.942
1697562960,+3.00,+16.232, +9.558,+0.941
1697563080,+3.00,+16.122, +9.599,+0.942
1697563200,+3.00,+16.019, +9.600,+0.942
1697563320,+3.00,+15.925, +9.618,+0.942
1697563440,+3.00,+15.814, +9.640,+0.942
1697563560,+3.00,+15.729, +9.665,+0.942
1697563680,+2.99,+15.643, +9.698,+0.942
1697563800,+2.99,+15.558, +9.717,+0.942
1697563920,+2.99,+15.498, +9.718,+0.942
1697564040,+2.99,+15.446, +9.720,+0.942
1697564160,+2.99,+15.369, +9.745,+0.942
1697564280,+3.00,+15.309, +9.770,+0.942
1697564400,+3.00,+15.283, +9.764,+0.942
1697564520,+3.00,+15.249, +9.784,+0.942
1697564640,+3.00,+15.206, +9.761,+0.941
1697564760,+3.00,+15.171, +9.775,+0.942
1697564880,+3.00,+15.171, +9.789,+0.942
1697565000,+3.00,+15.146, +9.787,+0.942
1697565120,+3.00,+15.146, +9.788,+0.942
1697565240,+3.00,+15.154, +9.791,+0.942
1697565360,+3.00,+15.163, +9.799,+0.942
1697565480,+3.00,+15.223, +9.773,+0.942
1697565600,+3.00,+15.275, +9.770,+0.942
1697565720,+3.00,+15.335, +9.755,+0.942
1697565840,+2.99,+15.403, +9.752,+0.942
1697565960,+2.99,+15.472, +9.760,+0.943
1697566080,+2.99,+15.515, +9.730,+0.942
1697566200,+2.99,+15.523, +9.746,+0.942
1697566320,+2.99,+15.540, +9.738,+0.943
1697566440,+2.99,+15.626, +9.727,+0.943
1697566560,+3.00,+15.737, +9.700,+0.943
1697566680,+3.00,+15.746, +9.712,+0.943
1697566800,+3.00,+15.737, +9.715,+0.942
1697566920,+3.00,+15.780, +9.706,+0.942
1697567040,+3.00,+15.771, +9.694,+0.942
1697567160,+3.00,+15.797, +9.696,+0.942
1697567280,+3.00,+15.789, +9.694,+0.942
1697567400,+3.00,+15.780, +9.693,+0.942
1697567520,+3.00,+15.763, +9.678,+0.942
1697567640,+3.00,+15.789, +9.676,+0.942
1697567760,+3.00,+15.823, +9.662,+0.942
1697567880,+3.00,+15.814, +9.671,+0.942
1697568000,+3.00,+15.789, +9.664,+0.942
1697568120,+3.00,+15.737, +9.698,+0.942
1697568240,+3.00,+15.703, +9.686,+0.942
1697568360,+3.00,+15.686, +9.694,+0.942
1697568480,+2.99,+15.660, +9.714,+0.942
1697568600,+3.00,+15.669, +9.678,+0.942
1697568720,+3.00,+15.720, +9.675,+0.942
1697568840,+3.00,+15.729, +9.677,+0.942
1697568960,+3.00,+15.780, +9.659,+0.942
1697569080,+3.00,+15.789, +9.670,+0.942
1697569200,+3.00,+15.823, +9.673,+0.942
1697569320,+3.00,+15.857, +9.663,+0.942
1697569440,+3.00,+15.865, +9.653,+0.942
1697569560,+3.00,+15.917, +9.652,+0.942
1697569680,+3.00,+15.942, +9.662,+0.942
1697569800,+3.00,+15.968, +9.643,+0.942
1697569920,+3.00,+15.994, +9.644,+0.942
1697570040,+3.00,+16.019, +9.642,+0.943
1697570160,+3.00,+16.062, +9.632,+0.942
1697570280,+3.00,+16.087, +9.634,+0.942
1697570400,+3.00,+16.104, +9.616,+0.942
1697570520,+3.00,+16.130, +9.624,+0.942
1697570640,+3.00,+16.122, +9.617,+0.942
1697570760,+3.00,+16.122, +9.613,+0.942
1697570880,+3.00,+16.130, +9.623,+0.942
1697571000,+3.00,+16.096, +9.628,+0.941
1697571120,+3.00,+16.070, +9.632,+0.943
1697571240,+3.00,+16.045, +9.618,+0.942
1697571360,+3.00,+16.011, +9.644,+0.943
1697571480,+3.00,+16.019, +9.610,+0.942
1697571600,+3.00,+15.959, +9.644,+0.942
1697571720,+3.00,+15.934, +9.628,+0.942
1697571840,+3.00,+15.917, +9.649,+0.942
1697571960,+3.00,+15.883, +9.649,+0.942
1697572080,+3.00,+15.848, +9.666,+0.942
1697572200,+3.00,+15.823, +9.674,+0.942
1697572320,+3.00,+15.763, +9.671,+0.942
1697572440,+3.00,+15.737, +9.674,+0.942
1697572560,+2.99,+15.669, +9.697,+0.942
1697572680,+2.99,+15.617, +9.678,+0.942
1697572800,+2.99,+15.532, +9.717,+0.943
1697572920,+2.99,+15.540, +9.693,+0.942
1697573040,+2.99,+15.549, +9.695,+0.942
1697573160,+2.99,+15.540, +9.698,+0.942
1697573280,+2.99,+15.566, +9.696,+0.942
1697573400,+2.99,+15.600, +9.702,+0.942
1697573520,+2.99,+15.609, +9.704,+0.942
1697573640,+2.99,+15.626, +9.699,+0.942
1697573760,+2.99,+15.660, +9.691,+0.943
1697573880,+3.00,+15.686, +9.676,+0.942
1697574000,+3.00,+15.694, +9.689,+0.943
1697574120,+3.00,+15.720, +9.671,+0.942
1697574240,+3.00,+15.746, +9.672,+0.942
1697574360,+3.00,+15.763, +9.689,+0.942
1697574480,+3.00,+15.780, +9.681,+0.942
1697574600,+3.00,+15.780, +9.678,+0.942
1697574720,+3.00,+15.771, +9.695,+0.942
1697574840,+3.00,+15.831, +9.672,+0.942
1697574960,+3.00,+15.883, +9.636,+0.941
1697575080,+3.00,+15.900, +9.649,+0.942
1697575200,+3.00,+15.917, +9.648,+0.942
1697575320,+3.00,+15.891, +9.668,+0.943
1697575440,+3.00,+15.900, +9.660,+0.942
1697575560,+3.00,+15.883, +9.647,+0.942
1697575680,+3.00,+15.865, +9.654,+0.942
1697575800,+3.00,+15.823, +9.661,+0.942
1697575920,+3.00,+15.840, +9.646,+0.942
1697576040,+3.00,+15.780, +9.655,+0.942
1697576160,+3.00,+15.754, +9.672,+0.942
1697576280,+3.00,+15.737, +9.669,+0.942
1697576400,+3.00,+15.729, +9.677,+0.942
1697576520,+3.00,+15.669, +9.686,+0.942
1697576640,+2.99,+15.669, +9.671,+0.942
1697576760,+2.99,+15.635, +9.687,+0.942
1697576880,+2.99,+15.617, +9.685,+0.941
1697577000,+2.99,+15.566, +9.704,+0.942
1697577120,+2.99,+15.523, +9.712,+0.942
1697577240,+2.99,+15.446, +9.720,+0.942
1697577360,+3.00,+15.378, +9.708,+0.941
1697577480,+3.00,+15.292, +9.760,+0.942
1697577600,+3.00,+15.232, +9.768,+0.942
1697577720,+3.00,+15.146, +9.792,+0.942
1697577840,+3.00,+15.060, +9.785,+0.941
1697577960,+3.00,+14.956, +9.823,+0.942
1697578080,+3.00,+14.896, +9.821,+0.942
1697578200,+3.00,+14.801, +9.837,+0.942
1697578320,+3.00,+14.732, +9.850,+0.941
1697578440,+3.00,+14.655, +9.873,+0.942
1697578560,+3.00,+14.586, +9.898,+0.942
1697578680,+2.99,+14.508, +9.901,+0.942
1697578800,+3.00,+14.430, +9.912,+0.942
1697578920,+3.00,+14.335, +9.945,+0.942
1697579040,+3.00,+14.257, +9.955,+0.942
1697579160,+3.00,+14.196, +9.973,+0.942
1697579280,+3.00,+14.144, +9.966,+0.942
1697579400,+3.00,+14.075, +9.988,+0.942
1697579520,+3.00,+14.014, +9.998,+0.942
1697579640,+3.00,+13.953,+10.015,+0.943
1697579760,+3.00,+13.901,+10.030,+0.943
1697579880,+3.00,+13.866,+10.028,+0.942
1697580000,+3.00,+13.805,+10.048,+0.942
1697580120,+3.00,+13.788,+10.042,+0.942
1697580240,+3.00,+13.762,+10.044,+0.942
1697580360,+3.00,+13.709,+10.062,+0.942
1697580480,+3.00,+13.666,+10.077,+0.942
1697580600,+3.00,+13.631,+10.073,+0.942
1697580720,+3.00,+13.614,+10.085,+0.943
1697580840,+3.00,+13.579,+10.084,+0.942
1697580960,+3.00,+13.526,+10.100,+0.943
1697581080,+3.00,+13.491,+10.103,+0.942
1697581200,+3.00,+13.456,+10.096,+0.942
1697581320,+3.00,+13.404,+10.126,+0.942
1697581440,+3.00,+13.351,+10.131,+0.942
1697581560,+3.00,+13.325,+10.137,+0.942
1697581680,+3.00,+13.264,+10.148,+0.942
1697581800,+3.00,+13.229,+10.146,+0.942
1697581920,+3.00,+13.168,+10.164,+0.942
1697582040,+3.00,+13.106,+10.190,+0.942
1697582160,+3.00,+13.062,+10.204,+0.943
1697582280,+3.00,+13.010,+10.210,+0.942
1697582400,+3.00,+12.992,+10.206,+0.942
1697582520,+3.00,+12.939,+10.222,+0.942
1697582640,+3.00,+12.913,+10.224,+0.942
1697582760,+3.00,+12.878,+10.232,+0.942
1697582880,+3.00,+12.816,+10.246,+0.942
1697583000,+3.00,+12.790,+10.260,+0.943
1697583120,+3.00,+12.772,+10.244,+0.942
1697583240,+3.00,+12.754,+10.250,+0.942
1697583360,+3.00,+12.702,+10.278,+0.942
1697583480,+3.00,+12.684,+10.271,+0.942
1697583600,+3.00,+12.649,+10.297,+0.943
1697583720,+3.00,+12.640,+10.290,+0.943
1697583840,+3.00,+12.605,+10.301,+0.942
1697583960,+3.00,+12.587,+10.297,+0.942
1697584080,+3.00,+12.525,+10.336,+0.943
1697584200,+3.00,+12.516,+10.318,+0.942
1697584320,+3.00,+12.490,+10.331,+0.943
1697584440,+3.00,+12.454,+10.341,+0.943
1697584560,+3.00,+12.446,+10.331,+0.942
1697584680,+3.00,+12.392,+10.360,+0.942
1697584800,+3.00,+12.357,+10.359,+0.942
1697584920,+3.00,+12.322,+10.371,+0.942
1697585040,+3.00,+12.269,+10.379,+0.942
1697585160,+3.00,+12.242,+10.393,+0.943
1697585280,+3.00,+12.189,+10.416,+0.943
1697585400,+3.00,+12.153,+10.404,+0.942
1697585520,+3.00,+12.118,+10.425,+0.942
1697585640,+3.00,+12.082,+10.431,+0.943
1697585760,+3.00,+12.029,+10.440,+0.942
1697585880,+3.00,+11.984,+10.458,+0.943
1697586000,+3.00,+11.967,+10.441,+0.942
1697586120,+3.00,+11.931,+10.468,+0.942
1697586240,+3.00,+11.904,+10.467,+0.942
1697586360,+3.00,+11.869,+10.479,+0.942
1697586480,+3.00,+11.824,+10.494,+0.942
1697586600,+3.00,+11.780,+10.507,+0.943
1697586720,+3.00,+11.762,+10.509,+0.943
1697586840,+3.00,+11.708,+10.514,+0.942
1697586960,+3.00,+11.681,+10.518,+0.942
1697587080,+3.00,+11.637,+10.541,+0.942
1697587200,+3.00,+11.628,+10.540,+0.942
1697587320,+3.00,+11.592,+10.543,+0.942
1697587440,+3.00,+11.574,+10.540,+0.942
1697587560,+3.00,+11.529,+10.564,+0.943
1697587680,+3.00,+11.529,+10.551,+0.942
1697587800,+3.00,+11.494,+10.562,+0.942
