7450-401396
OS REV: 1.05 Sensor Cal: 1618512290
Time (sec),  BV (Volts),  T (deg C),  DO (mg/l),  Q ()
1695511440,+3.01,+17.784, +9.177,+0.948
1695511560,+3.01,+17.767, +9.174,+0.947
1695511680,+3.01,+17.767, +9.175,+0.947
1695511800,+3.01,+17.759, +9.168,+0.947
1695511920,+3.01,+17.775, +9.164,+0.947
1695512040,+3.01,+17.759, +9.173,+0.947
1695512160,+3.01,+17.759, +9.179,+0.947
1695512280,+3.01,+17.767, +9.167,+0.947
1695512400,+3.01,+17.750, +9.169,+0.947
1695512520,+3.01,+17.767, +9.170,+0.947
1695512640,+3.01,+17.742, +9.181,+0.947
1695512760,+3.01,+17.750, +9.169,+0.947
1695512880,+3.01,+17.759, +9.174,+0.947
1695513000,+3.01,+17.742, +9.181,+0.947
1695513120,+3.01,+17.725, +9.188,+0.947
1695513240,+3.01,+17.733, +9.180,+0.947
1695513360,+3.01,+17.750, +9.170,+0.947
1695513480,+3.01,+17.733, +9.180,+0.947
1695513600,+3.01,+17.708, +9.186,+0.947
1695513720,+3.01,+17.708, +9.191,+0.947
1695513840,+3.01,+17.708, +9.184,+0.947
1695513960,+3.01,+17.708, +9.186,+0.947
1695514080,+3.01,+17.708, +9.187,+0.947
1695514200,+3.01,+17.699, +9.181,+0.947
1695514320,+3.01,+17.708, +9.180,+0.947
1695514440,+3.01,+17.708, +9.186,+0.947
1695514560,+3.01,+17.699, +9.176,+0.946
1695514680,+3.01,+17.699, +9.192,+0.947
1695514800,+3.01,+17.691, +9.188,+0.947
1695514920,+3.01,+17.716, +9.179,+0.947
1695515040,+3.01,+17.708, +9.185,+0.947
1695515160,+3.01,+17.708, +9.183,+0.947
1695515280,+3.01,+17.708, +9.194,+0.947
1695515400,+3.01,+17.716, +9.193,+0.948
1695515520,+3.01,+17.708, +9.188,+0.947
1695515640,+3.01,+17.716, +9.195,+0.947
1695515760,+3.01,+17.708, +9.193,+0.947
1695515880,+3.01,+17.716, +9.185,+0.947
1695516000,+3.01,+17.716, +9.185,+0.947
1695516120,+3.01,+17.733, +9.177,+0.947
1695516240,+3.01,+17.708, +9.191,+0.947
1695516360,+3.01,+17.733, +9.181,+0.947
1695516480,+3.01,+17.733, +9.180,+0.947
1695516600,+3.01,+17.742, +9.189,+0.948
1695516720,+3.01,+17.742, +9.193,+0.947
1695516840,+3.01,+17.716, +9.189,+0.947
1695516960,+3.01,+17.725, +9.191,+0.947
1695517080,+3.01,+17.742, +9.181,+0.947
1695517200,+3.01,+17.716, +9.191,+0.947
1695517320,+3.01,+17.725, +9.183,+0.947
1695517440,+3.01,+17.716, +9.176,+0.946
1695517560,+3.01,+17.725, +9.178,+0.947
1695517680,+3.01,+17.708, +9.197,+0.948
1695517800,+3.01,+17.691, +9.196,+0.947
1695517920,+3.01,+17.708, +9.185,+0.947
1695518040,+3.01,+17.691, +9.194,+0.947
1695518160,+3.01,+17.708, +9.184,+0.947
1695518280,+3.01,+17.691, +9.191,+0.947
1695518400,+3.01,+17.683, +9.198,+0.947
1695518520,+3.01,+17.683, +9.194,+0.947
1695518640,+3.01,+17.691, +9.192,+0.947
1695518760,+3.01,+17.674, +9.190,+0.947
1695518880,+3.01,+17.691, +9.191,+0.947
1695519000,+3.01,+17.683, +9.193,+0.947
1695519120,+3.01,+17.699, +9.191,+0.947
1695519240,+3.01,+17.699, +9.191,+0.947
1695519360,+3.01,+17.699, +9.186,+0.947
1695519480,+3.01,+17.691, +9.188,+0.947
1695519600,+3.01,+17.674, +9.197,+0.947
1695519720,+3.01,+17.699, +9.188,+0.947
1695519840,+3.01,+17.699, +9.191,+0.947
1695519960,+3.01,+17.699, +9.186,+0.947
1695520080,+3.01,+17.699, +9.191,+0.947
1695520200,+3.01,+17.699, +9.192,+0.947
1695520320,+3.01,+17.699, +9.190,+0.947
1695520440,+3.01,+17.691, +9.197,+0.947
1695520560,+3.01,+17.708, +9.185,+0.947
1695520680,+3.01,+17.699, +9.186,+0.947
1695520800,+3.01,+17.699, +9.193,+0.947
1695520920,+3.01,+17.716, +9.185,+0.947
1695521040,+3.01,+17.699, +9.187,+0.947
1695521160,+3.01,+17.716, +9.182,+0.947
1695521280,+3.01,+17.716, +9.175,+0.947
1695521400,+3.01,+17.708, +9.190,+0.947
1695521520,+3.01,+17.716, +9.190,+0.948
1695521640,+3.01,+17.708, +9.186,+0.947
1695521760,+3.01,+17.708, +9.180,+0.947
1695521880,+3.01,+17.725, +9.185,+0.947
1695522000,+3.01,+17.716, +9.191,+0.948
1695522120,+3.01,+17.725, +9.184,+0.947
1695522240,+3.01,+17.733, +9.175,+0.947
1695522360,+3.01,+17.733, +9.187,+0.947
1695522480,+3.01,+17.742, +9.177,+0.947
1695522600,+3.01,+17.733, +9.175,+0.947
1695522720,+3.01,+17.759, +9.168,+0.947
1695522840,+3.01,+17.733, +9.179,+0.947
1695522960,+3.01,+17.767, +9.176,+0.948
1695523080,+3.01,+17.767, +9.177,+0.947
1695523200,+3.01,+17.792, +9.167,+0.947
1695523320,+3.01,+17.767, +9.172,+0.947
1695523440,+3.01,+17.775, +9.161,+0.947
1695523560,+3.01,+17.767, +9.171,+0.947
1695523680,+3.01,+17.801, +9.169,+0.947
1695523800,+3.01,+17.809, +9.169,+0.947
1695523920,+3.01,+17.834, +9.159,+0.947
1695524040,+3.01,+17.826, +9.155,+0.947
1695524160,+3.01,+17.834, +9.155,+0.947
1695524280,+3.01,+17.851, +9.165,+0.948
1695524400,+3.01,+17.868, +9.156,+0.948
1695524520,+3.01,+17.877, +9.146,+0.947
1695524640,+3.01,+17.894, +9.153,+0.948
1695524760,+3.01,+17.894, +9.148,+0.947
1695524880,+3.01,+17.902, +9.142,+0.947
1695525000,+3.01,+17.927, +9.139,+0.947
1695525120,+3.01,+17.953, +9.138,+0.948
1695525240,+3.01,+17.927, +9.146,+0.947
1695525360,+3.01,+17.978, +9.122,+0.947
1695525480,+3.01,+17.969, +9.135,+0.947
1695525600,+3.01,+17.995, +9.124,+0.947
1695525720,+3.01,+18.012, +9.125,+0.947
1695525840,+3.01,+18.003, +9.137,+0.948
1695525960,+3.01,+18.028, +9.124,+0.947
1695526080,+3.01,+18.037, +9.121,+0.947
1695526200,+3.01,+18.062, +9.107,+0.947
1695526320,+3.01,+18.062, +9.115,+0.947
1695526440,+3.01,+18.079, +9.113,+0.947
1695526560,+3.01,+18.096, +9.114,+0.948
1695526680,+3.01,+18.104, +9.112,+0.947
1695526800,+3.01,+18.113, +9.100,+0.947
1695526920,+3.01,+18.113, +9.105,+0.947
1695527040,+3.01,+18.146, +9.086,+0.947
1695527160,+3.01,+18.163, +9.089,+0.947
1695527280,+3.01,+18.146, +9.101,+0.947
1695527400,+3.01,+18.172, +9.091,+0.947
1695527520,+3.01,+18.172, +9.095,+0.947
1695527640,+3.01,+18.180, +9.102,+0.947
1695527760,+3.01,+18.197, +9.081,+0.947
1695527880,+3.01,+18.214, +9.088,+0.947
1695528000,+3.01,+18.222, +9.092,+0.947
1695528120,+3.01,+18.231, +9.078,+0.947
1695528240,+3.01,+18.205, +9.090,+0.947
1695528360,+3.01,+18.248, +9.090,+0.948
1695528480,+3.01,+18.264, +9.077,+0.947
1695528600,+3.01,+18.264, +9.092,+0.948
1695528720,+3.01,+18.298, +9.068,+0.947
1695528840,+3.01,+18.264, +9.076,+0.947
1695528960,+3.01,+18.281, +9.070,+0.947
1695529080,+3.01,+18.273, +9.080,+0.947
1695529200,+3.01,+18.281, +9.085,+0.948
1695529320,+3.01,+18.281, +9.079,+0.947
1695529440,+3.01,+18.306, +9.066,+0.947
1695529560,+3.01,+18.290, +9.064,+0.947
1695529680,+3.01,+18.298, +9.069,+0.947
1695529800,+3.01,+18.323, +9.066,+0.947
1695529920,+3.01,+18.298, +9.062,+0.947
1695530040,+3.01,+18.315, +9.071,+0.947
1695530160,+3.01,+18.349, +9.067,+0.948
1695530280,+3.01,+18.332, +9.064,+0.947
1695530400,+3.01,+18.332, +9.060,+0.947
1695530520,+3.01,+18.357, +9.065,+0.947
1695530640,+3.01,+18.365, +9.063,+0.947
1695530760,+3.01,+18.365, +9.052,+0.947
1695530880,+3.01,+18.391, +9.057,+0.947
1695531000,+3.01,+18.382, +9.058,+0.947
1695531120,+3.01,+18.399, +9.052,+0.947
1695531240,+3.01,+18.416, +9.045,+0.947
1695531360,+3.01,+18.424, +9.050,+0.947
1695531480,+3.01,+18.433, +9.036,+0.947
1695531600,+3.01,+18.433, +9.048,+0.947
1695531720,+3.01,+18.433, +9.040,+0.947
1695531840,+3.01,+18.450, +9.034,+0.947
1695531960,+3.01,+18.450, +9.045,+0.947
1695532080,+3.01,+18.441, +9.035,+0.947
1695532200,+3.01,+18.441, +9.047,+0.947
1695532320,+3.01,+18.450, +9.043,+0.947
1695532440,+3.01,+18.483, +9.044,+0.948
1695532560,+3.01,+18.483, +9.029,+0.947
1695532680,+3.01,+18.492, +9.027,+0.947
1695532800,+3.01,+18.492, +9.046,+0.947
1695532920,+3.01,+18.525, +9.029,+0.947
1695533040,+3.01,+18.534, +9.030,+0.947
1695533160,+3.01,+18.551, +9.033,+0.947
1695533280,+3.01,+18.576, +9.024,+0.947
1695533400,+3.01,+18.576, +9.028,+0.947
1695533520,+3.01,+18.618, +9.006,+0.947
1695533640,+3.01,+18.609, +9.025,+0.948
1695533760,+3.01,+18.635, +9.015,+0.947
1695533880,+3.01,+18.643, +9.020,+0.947
1695534000,+3.01,+18.651, +9.007,+0.947
1695534120,+3.01,+18.668, +9.009,+0.947
1695534240,+3.01,+18.651, +9.016,+0.947
1695534360,+3.01,+18.660, +9.007,+0.947
1695534480,+3.01,+18.668, +9.010,+0.947
1695534600,+3.01,+18.702, +9.007,+0.948
1695534720,+3.01,+18.694, +8.992,+0.947
1695534840,+3.01,+18.702, +8.993,+0.947
1695534960,+3.01,+18.677, +9.005,+0.947
1695535080,+3.01,+18.685, +9.004,+0.948
1695535200,+3.01,+18.685, +8.996,+0.947
1695535320,+3.01,+18.702, +8.991,+0.947
1695535440,+3.01,+18.702, +9.009,+0.948
1695535560,+3.01,+18.719, +8.985,+0.947
1695535680,+3.01,+18.710, +8.991,+0.947
1695535800,+3.01,+18.719, +9.003,+0.948
1695535920,+3.01,+18.719, +9.003,+0.948
1695536040,+3.01,+18.727, +8.989,+0.947
1695536160,+3.01,+18.719, +8.995,+0.947
1695536280,+3.01,+18.736, +8.993,+0.947
1695536400,+3.01,+18.736, +8.988,+0.947
1695536520,+3.01,+18.761, +8.981,+0.947
1695536640,+3.01,+18.761, +8.985,+0.947
1695536760,+3.01,+18.769, +8.983,+0.947
1695536880,+3.01,+18.794, +8.981,+0.948
1695537000,+3.01,+18.794, +8.981,+0.947
1695537120,+3.01,+18.769, +8.998,+0.948
1695537240,+3.01,+18.786, +8.981,+0.947
1695537360,+3.01,+18.769, +8.988,+0.947
1695537480,+3.01,+18.794, +8.981,+0.947
1695537600,+3.01,+18.786, +8.974,+0.947
1695537720,+3.01,+18.803, +8.981,+0.948
1695537840,+3.01,+18.786, +8.979,+0.947
1695537960,+3.01,+18.811, +8.983,+0.948
1695538080,+3.01,+18.803, +8.974,+0.947
1695538200,+3.01,+18.811, +8.971,+0.947
1695538320,+3.01,+18.803, +8.980,+0.947
1695538440,+3.01,+18.794, +8.978,+0.947
1695538560,+3.01,+18.811, +8.981,+0.947
1695538680,+3.01,+18.794, +8.983,+0.947
1695538800,+3.01,+18.820, +8.975,+0.947
1695538920,+3.01,+18.811, +8.979,+0.947
1695539040,+3.01,+18.803, +8.980,+0.947
1695539160,+3.01,+18.828, +8.968,+0.947
1695539280,+3.01,+18.794, +8.975,+0.947
1695539400,+3.01,+18.820, +8.972,+0.947
1695539520,+3.01,+18.820, +8.969,+0.947
1695539640,+3.01,+18.828, +8.970,+0.947
1695539760,+3.01,+18.836, +8.972,+0.947
1695539880,+3.01,+18.820, +8.972,+0.947
1695540000,+3.01,+18.828, +8.967,+0.947
1695540120,+3.01,+18.828, +8.977,+0.948
1695540240,+3.01,+18.853, +8.967,+0.948
1695540360,+3.01,+18.853, +8.968,+0.947
1695540480,+3.01,+18.862, +8.962,+0.947
1695540600,+3.01,+18.845, +8.965,+0.947
1695540720,+3.01,+18.862, +8.963,+0.947
1695540840,+3.01,+18.853, +8.963,+0.947
1695540960,+3.01,+18.853, +8.967,+0.947
1695541080,+3.01,+18.845, +8.970,+0.947
1695541200,+3.01,+18.862, +8.974,+0.947
1695541320,+3.01,+18.870, +8.960,+0.947
1695541440,+3.01,+18.870, +8.968,+0.947
1695541560,+3.01,+18.878, +8.973,+0.948
1695541680,+3.01,+18.878, +8.963,+0.947
1695541800,+3.01,+18.878, +8.965,+0.947
1695541920,+3.01,+18.887, +8.958,+0.947
1695542040,+3.01,+18.904, +8.962,+0.947
1695542160,+3.01,+18.895, +8.962,+0.947
1695542280,+3.01,+18.912, +8.964,+0.948
1695542400,+3.01,+18.912, +8.952,+0.947
1695542520,+3.01,+18.920, +8.952,+0.947
1695542640,+3.01,+18.946, +8.934,+0.947
1695542760,+3.01,+18.920, +8.959,+0.947
1695542880,+3.01,+18.937, +8.950,+0.947
1695543000,+3.01,+18.962, +8.951,+0.948
1695543120,+3.01,+18.962, +8.938,+0.947
1695543240,+3.01,+18.946, +8.961,+0.948
1695543360,+3.01,+18.962, +8.947,+0.947
1695543480,+3.01,+18.954, +8.949,+0.947
1695543600,+3.01,+18.946, +8.949,+0.947
1695543720,+3.01,+18.937, +8.941,+0.946
1695543840,+3.01,+18.929, +8.952,+0.947
1695543960,+3.01,+18.954, +8.942,+0.947
1695544080,+3.01,+18.929, +8.961,+0.948
1695544200,+3.01,+18.954, +8.947,+0.947
1695544320,+3.01,+18.937, +8.960,+0.948
1695544440,+3.01,+18.954, +8.950,+0.948
1695544560,+3.01,+18.929, +8.950,+0.947
1695544680,+3.01,+18.929, +8.946,+0.947
1695544800,+3.01,+18.937, +8.951,+0.947
1695544920,+3.01,+18.937, +8.952,+0.947
1695545040,+3.01,+18.937, +8.956,+0.948
1695545160,+3.01,+18.937, +8.952,+0.947
1695545280,+3.01,+18.912, +8.959,+0.947
1695545400,+3.01,+18.912, +8.949,+0.947
1695545520,+3.01,+18.904, +8.960,+0.948
1695545640,+3.01,+18.887, +8.958,+0.947
1695545760,+3.01,+18.920, +8.945,+0.947
1695545880,+3.01,+18.904, +8.956,+0.947
1695546000,+3.01,+18.912, +8.939,+0.947
1695546120,+3.01,+18.878, +8.966,+0.948
1695546240,+3.01,+18.887, +8.954,+0.947
1695546360,+3.01,+18.887, +8.950,+0.947
1695546480,+3.01,+18.870, +8.963,+0.947
1695546600,+3.01,+18.862, +8.971,+0.948
1695546720,+3.01,+18.870, +8.973,+0.948
1695546840,+3.01,+18.870, +8.954,+0.947
1695546960,+3.01,+18.836, +8.984,+0.948
1695547080,+3.01,+18.845, +8.963,+0.947
1695547200,+3.01,+18.853, +8.969,+0.948
1695547320,+3.01,+18.836, +8.980,+0.948
1695547440,+3.01,+18.828, +8.972,+0.947
1695547560,+3.01,+18.845, +8.972,+0.948
1695547680,+3.01,+18.845, +8.966,+0.947
1695547800,+3.01,+18.828, +8.971,+0.947
1695547920,+3.01,+18.845, +8.967,+0.947
1695548040,+3.01,+18.845, +8.971,+0.948
1695548160,+3.01,+18.853, +8.967,+0.948
1695548280,+3.01,+18.836, +8.959,+0.947
1695548400,+3.01,+18.862, +8.967,+0.948
1695548520,+3.01,+18.853, +8.963,+0.947
1695548640,+3.01,+18.853, +8.958,+0.947
1695548760,+3.01,+18.870, +8.958,+0.947
1695548880,+3.01,+18.845, +8.958,+0.947
1695549000,+3.01,+18.845, +8.968,+0.948
1695549120,+3.01,+18.870, +8.963,+0.947
1695549240,+3.01,+18.853, +8.963,+0.947
1695549360,+3.01,+18.870, +8.961,+0.947
1695549480,+3.01,+18.878, +8.957,+0.947
1695549600,+3.01,+18.870, +8.971,+0.948
1695549720,+3.01,+18.878, +8.965,+0.948
1695549840,+3.01,+18.870, +8.961,+0.947
1695549960,+3.01,+18.887, +8.958,+0.947
1695550080,+3.01,+18.862, +8.966,+0.947
1695550200,+3.01,+18.870, +8.960,+0.947
1695550320,+3.01,+18.862, +8.960,+0.947
1695550440,+3.01,+18.895, +8.959,+0.947
1695550560,+3.01,+18.904, +8.966,+0.948
1695550680,+3.01,+18.912, +8.955,+0.947
1695550800,+3.01,+18.895, +8.960,+0.947
1695550920,+3.01,+18.912, +8.956,+0.947
1695551040,+3.01,+18.929, +8.952,+0.947
1695551160,+3.01,+18.920, +8.959,+0.948
1695551280,+3.01,+18.920, +8.951,+0.947
1695551400,+3.01,+18.937, +8.948,+0.947
1695551520,+3.01,+18.929, +8.965,+0.948
1695551640,+3.01,+18.954, +8.949,+0.947
1695551760,+3.01,+18.946, +8.949,+0.947
1695551880,+3.01,+18.962, +8.950,+0.947
1695552000,+3.01,+18.979, +8.948,+0.948
1695552120,+3.01,+18.996, +8.935,+0.947
1695552240,+3.01,+18.988, +8.942,+0.947
1695552360,+3.01,+18.962, +8.956,+0.948
1695552480,+3.01,+18.988, +8.945,+0.947
1695552600,+3.01,+18.988, +8.940,+0.947
1695552720,+3.01,+19.004, +8.944,+0.948
1695552840,+3.01,+19.004, +8.932,+0.947
1695552960,+3.01,+18.996, +8.941,+0.947
1695553080,+3.01,+19.004, +8.945,+0.948
1695553200,+3.01,+19.004, +8.938,+0.947
1695553320,+3.01,+18.996, +8.945,+0.947
1695553440,+3.01,+19.013, +8.940,+0.947
1695553560,+3.01,+19.013, +8.941,+0.947
1695553680,+3.01,+19.030, +8.939,+0.947
1695553800,+3.01,+19.080, +8.943,+0.948
1695553920,+3.01,+19.088, +8.925,+0.947
1695554040,+3.01,+19.097, +8.931,+0.948
1695554160,+3.01,+19.097, +8.927,+0.947
1695554280,+3.01,+19.139, +8.936,+0.948
1695554400,+3.01,+19.156, +8.932,+0.948
1695554520,+3.01,+19.189, +8.912,+0.947
1695554640,+3.01,+19.197, +8.919,+0.948
1695554760,+3.01,+19.223, +8.916,+0.948
1695554880,+3.01,+19.206, +8.913,+0.947
1695555000,+3.01,+19.223, +8.903,+0.947
1695555120,+3.01,+19.223, +8.915,+0.948
1695555240,+3.01,+19.248, +8.907,+0.948
1695555360,+3.01,+19.256, +8.900,+0.947
1695555480,+3.01,+19.265, +8.900,+0.947
1695555600,+3.01,+19.265, +8.905,+0.947
1695555720,+3.01,+19.256, +8.904,+0.947
1695555840,+3.01,+19.248, +8.906,+0.947
1695555960,+3.01,+19.239, +8.919,+0.948
1695556080,+3.01,+19.256, +8.897,+0.947
1695556200,+3.01,+19.256, +8.907,+0.947
1695556320,+3.01,+19.239, +8.905,+0.947
1695556440,+3.01,+19.231, +8.914,+0.948
1695556560,+3.01,+19.239, +8.905,+0.947
1695556680,+3.01,+19.231, +8.915,+0.948
1695556800,+3.01,+19.231, +8.909,+0.947
1695556920,+3.01,+19.223, +8.917,+0.947
1695557040,+3.01,+19.223, +8.908,+0.947
1695557160,+3.01,+19.223, +8.914,+0.948
1695557280,+3.01,+19.239, +8.902,+0.947
1695557400,+3.01,+19.214, +8.923,+0.948
1695557520,+3.01,+19.231, +8.911,+0.947
1695557640,+3.01,+19.231, +8.912,+0.947
1695557760,+3.01,+19.231, +8.908,+0.947
1695557880,+3.01,+19.231, +8.912,+0.947
1695558000,+3.01,+19.248, +8.911,+0.948
1695558120,+3.01,+19.239, +8.917,+0.948
1695558240,+3.01,+19.248, +8.924,+0.948
1695558360,+3.01,+19.256, +8.913,+0.948
1695558480,+3.01,+19.273, +8.909,+0.947
1695558600,+3.01,+19.265, +8.909,+0.947
1695558720,+3.01,+19.290, +8.900,+0.947
1695558840,+3.01,+19.273, +8.907,+0.947
1695558960,+3.01,+19.307, +8.903,+0.948
1695559080,+3.01,+19.315, +8.895,+0.947
1695559200,+3.01,+19.315, +8.901,+0.948
1695559320,+3.01,+19.323, +8.881,+0.947
1695559440,+3.01,+19.315, +8.887,+0.947
1695559560,+3.01,+19.315, +8.887,+0.947
1695559680,+3.01,+19.307, +8.905,+0.947
1695559800,+3.01,+19.315, +8.905,+0.948
1695559920,+3.01,+19.307, +8.902,+0.948
1695560040,+3.01,+19.290, +8.911,+0.948
1695560160,+3.01,+19.290, +8.898,+0.947
1695560280,+3.01,+19.298, +8.905,+0.948
1695560400,+3.01,+19.315, +8.907,+0.948
1695560520,+3.01,+19.298, +8.913,+0.948
1695560640,+3.01,+19.332, +8.900,+0.947
1695560760,+3.01,+19.332, +8.902,+0.947
1695560880,+3.01,+19.374, +8.886,+0.947
1695561000,+3.01,+19.365, +8.889,+0.947
1695561120,+3.01,+19.382, +8.897,+0.948
1695561240,+3.01,+19.382, +8.899,+0.948
1695561360,+3.01,+19.374, +8.909,+0.948
1695561480,+3.01,+19.407, +8.893,+0.948
1695561600,+3.01,+19.390, +8.890,+0.947
1695561720,+3.01,+19.382, +8.891,+0.947
1695561840,+3.01,+19.382, +8.894,+0.947
1695561960,+3.01,+19.382, +8.890,+0.947
1695562080,+3.01,+19.390, +8.895,+0.947
1695562200,+3.01,+19.399, +8.891,+0.947
1695562320,+3.01,+19.399, +8.886,+0.947
1695562440,+3.01,+19.407, +8.886,+0.947
1695562560,+3.01,+19.441, +8.887,+0.947
1695562680,+3.01,+19.466, +8.893,+0.948
1695562800,+3.01,+19.508, +8.877,+0.947
1695562920,+3.01,+19.525, +8.879,+0.947
1695563040,+3.01,+19.592, +8.857,+0.947
1695563160,+3.01,+19.608, +8.864,+0.948
1695563280,+3.01,+19.592, +8.874,+0.948
1695563400,+3.01,+19.608, +8.857,+0.947
1695563520,+3.01,+19.625, +8.862,+0.947
1695563640,+3.01,+19.634, +8.851,+0.947
1695563760,+3.01,+19.642, +8.847,+0.947
1695563880,+3.01,+19.659, +8.844,+0.947
1695564000,+3.01,+19.642, +8.856,+0.948
1695564120,+3.01,+19.608, +8.865,+0.948
1695564240,+3.01,+19.583, +8.860,+0.947
1695564360,+3.01,+19.541, +8.863,+0.947
1695564480,+3.01,+19.541, +8.864,+0.947
1695564600,+3.01,+19.474, +8.875,+0.947
1695564720,+3.01,+19.432, +8.883,+0.947
1695564840,+3.01,+19.432, +8.882,+0.947
1695564960,+3.01,+19.399, +8.891,+0.947
1695565080,+3.01,+19.374, +8.906,+0.947
1695565200,+3.01,+19.416, +8.884,+0.947
1695565320,+3.01,+19.416, +8.895,+0.947
1695565440,+3.01,+19.432, +8.886,+0.947
1695565560,+3.01,+19.458, +8.895,+0.948
1695565680,+3.01,+19.499, +8.883,+0.947
1695565800,+3.01,+19.541, +8.880,+0.947
1695565920,+3.01,+19.617, +8.870,+0.947
1695566040,+3.01,+19.676, +8.860,+0.948
1695566160,+3.01,+19.717, +8.848,+0.947
1695566280,+3.01,+19.776, +8.838,+0.947
1695566400,+3.01,+19.776, +8.834,+0.947
1695566520,+3.01,+19.784, +8.831,+0.947
1695566640,+3.01,+19.768, +8.834,+0.947
1695566760,+3.01,+19.734, +8.837,+0.947
1695566880,+3.01,+19.676, +8.840,+0.947
1695567000,+3.01,+19.634, +8.852,+0.947
1695567120,+3.01,+19.541, +8.865,+0.947
1695567240,+3.01,+19.499, +8.880,+0.947
1695567360,+3.01,+19.458, +8.889,+0.947
1695567480,+3.01,+19.416, +8.898,+0.947
1695567600,+3.01,+19.458, +8.893,+0.947
1695567720,+3.01,+19.483, +8.893,+0.947
1695567840,+3.01,+19.541, +8.876,+0.947
1695567960,+3.01,+19.617, +8.864,+0.947
1695568080,+3.01,+19.650, +8.876,+0.948
1695568200,+3.01,+19.726, +8.857,+0.947
1695568320,+3.01,+19.810, +8.840,+0.947
1695568440,+3.01,+19.810, +8.836,+0.947
1695568560,+3.00,+19.835, +8.841,+0.947
1695568680,+3.01,+19.810, +8.841,+0.947
1695568800,+3.01,+19.801, +8.830,+0.947
1695568920,+3.01,+19.784, +8.836,+0.947
1695569040,+3.01,+19.776, +8.843,+0.947
1695569160,+3.01,+19.768, +8.835,+0.947
1695569280,+3.01,+19.759, +8.845,+0.947
1695569400,+3.01,+19.801, +8.839,+0.946
1695569520,+3.00,+19.960, +8.829,+0.947
1695569640,+3.01,+20.069, +8.818,+0.948
1695569760,+3.01,+20.136, +8.786,+0.947
1695569880,+3.01,+20.178, +8.792,+0.947
1695570000,+3.01,+20.438, +8.809,+0.948
1695570120,+3.00,+20.764, +8.721,+0.948
1695570240,+3.00,+20.906, +8.726,+0.948
1695570360,+3.00,+21.023, +8.678,+0.948
1695570480,+3.00,+21.023, +8.672,+0.947
1695570600,+3.00,+20.981, +8.670,+0.948
1695570720,+3.00,+20.923, +8.688,+0.947
1695570840,+3.00,+20.831, +8.703,+0.947
1695570960,+3.00,+20.789, +8.699,+0.948
1695571080,+3.00,+20.772, +8.720,+0.948
1695571200,+3.00,+20.781, +8.684,+0.946
1695571320,+3.00,+20.747, +8.694,+0.947
1695571440,+3.01,+20.655, +8.707,+0.946
1695571560,+3.01,+20.546, +8.716,+0.946
1695571680,+3.01,+20.438, +8.741,+0.947
1695571800,+3.01,+20.362, +8.733,+0.946
1695571920,+3.01,+20.245, +8.760,+0.946
1695572040,+3.01,+20.161, +8.778,+0.946
1695572160,+3.01,+20.069, +8.810,+0.947
1695572280,+3.01,+20.120, +8.805,+0.947
1695572400,+3.01,+20.262, +8.799,+0.947
1695572520,+3.01,+20.387, +8.761,+0.946
1695572640,+3.01,+20.488, +8.749,+0.947
1695572760,+3.01,+20.538, +8.749,+0.947
1695572880,+3.01,+20.546, +8.741,+0.946
1695573000,+3.01,+20.530, +8.748,+0.946
1695573120,+3.01,+20.580, +8.741,+0.947
1695573240,+3.01,+20.580, +8.727,+0.946
1695573360,+3.01,+20.563, +8.733,+0.947
1695573480,+3.01,+20.546, +8.742,+0.947
1695573600,+3.01,+20.555, +8.727,+0.946
1695573720,+3.01,+20.588, +8.733,+0.947
1695573840,+3.01,+20.630, +8.721,+0.947
1695573960,+3.01,+20.664, +8.715,+0.947
1695574080,+3.01,+20.680, +8.706,+0.947
1695574200,+3.01,+20.689, +8.707,+0.947
1695574320,+3.01,+20.672, +8.703,+0.947
1695574440,+3.01,+20.622, +8.709,+0.946
1695574560,+3.01,+20.555, +8.717,+0.947
1695574680,+3.01,+20.446, +8.734,+0.947
1695574800,+3.01,+20.320, +8.746,+0.946
1695574920,+3.01,+20.153, +8.775,+0.947
1695575040,+3.00,+19.969, +8.808,+0.947
1695575160,+3.01,+19.835, +8.833,+0.947
1695575280,+3.01,+19.726, +8.848,+0.946
1695575400,+3.01,+19.717, +8.852,+0.946
1695575520,+3.01,+19.776, +8.849,+0.947
1695575640,+3.01,+19.810, +8.846,+0.947
1695575760,+3.01,+19.835, +8.844,+0.947
1695575880,+3.01,+19.843, +8.831,+0.946
1695576000,+3.01,+19.826, +8.835,+0.947
1695576120,+3.00,+19.843, +8.817,+0.946
1695576240,+3.01,+19.826, +8.839,+0.947
1695576360,+3.01,+19.801, +8.842,+0.946
1695576480,+3.00,+19.860, +8.842,+0.947
1695576600,+3.00,+19.944, +8.838,+0.947
1695576720,+3.01,+20.136, +8.815,+0.947
1695576840,+3.01,+20.279, +8.815,+0.948
1695576960,+3.01,+20.538, +8.760,+0.947
1695577080,+3.01,+20.705, +8.730,+0.948
1695577200,+3.00,+20.756, +8.701,+0.947
1695577320,+3.00,+20.781, +8.703,+0.947
1695577440,+3.00,+20.781, +8.698,+0.947
1695577560,+3.00,+20.789, +8.704,+0.947
1695577680,+3.00,+20.722, +8.711,+0.946
1695577800,+3.01,+20.655, +8.719,+0.947
1695577920,+3.01,+20.597, +8.722,+0.947
1695578040,+3.01,+20.530, +8.737,+0.947
1695578160,+3.01,+20.463, +8.740,+0.947
1695578280,+3.01,+20.421, +8.744,+0.947
1695578400,+3.01,+20.362, +8.748,+0.946
1695578520,+3.01,+20.304, +8.772,+0.946
1695578640,+3.01,+20.279, +8.767,+0.946
1695578760,+3.01,+20.295, +8.785,+0.947
1695578880,+3.01,+20.304, +8.782,+0.946
1695579000,+3.01,+20.404, +8.761,+0.946
1695579120,+3.01,+20.563, +8.758,+0.947
1695579240,+3.01,+20.622, +8.734,+0.947
1695579360,+3.01,+20.597, +8.749,+0.947
1695579480,+3.01,+20.580, +8.719,+0.946
1695579600,+3.01,+20.588, +8.723,+0.947
1695579720,+3.01,+20.563, +8.743,+0.947
1695579840,+3.01,+20.630, +8.731,+0.947
1695579960,+3.01,+20.689, +8.721,+0.947
1695580080,+3.00,+20.789, +8.714,+0.947
1695580200,+3.00,+20.889, +8.691,+0.947
1695580320,+3.00,+20.973, +8.704,+0.948
1695580440,+3.01,+21.149, +8.668,+0.947
1695580560,+3.01,+21.324, +8.656,+0.948
1695580680,+3.01,+21.433, +8.613,+0.947
1695580800,+3.01,+21.425, +8.616,+0.947
1695580920,+3.01,+21.391, +8.647,+0.948
1695581040,+3.01,+21.333, +8.644,+0.947
1695581160,+3.01,+21.257, +8.623,+0.947
1695581280,+3.01,+21.207, +8.642,+0.947
1695581400,+3.01,+21.132, +8.645,+0.947
1695581520,+3.00,+21.048, +8.646,+0.947
1695581640,+3.00,+20.940, +8.672,+0.947
1695581760,+3.00,+20.848, +8.683,+0.947
1695581880,+3.00,+20.756, +8.697,+0.947
1695582000,+3.01,+20.705, +8.705,+0.947
1695582120,+3.01,+20.638, +8.728,+0.947
1695582240,+3.01,+20.580, +8.712,+0.946
1695582360,+3.01,+20.429, +8.766,+0.947
1695582480,+3.01,+20.404, +8.761,+0.946
1695582600,+3.01,+20.379, +8.764,+0.946
1695582720,+3.01,+20.337, +8.771,+0.947
1695582840,+3.01,+20.304, +8.782,+0.947
1695582960,+3.01,+20.270, +8.792,+0.947
1695583080,+3.01,+20.245, +8.782,+0.946
1695583200,+3.01,+20.228, +8.779,+0.946
1695583320,+3.01,+20.212, +8.785,+0.946
1695583440,+3.01,+20.187, +8.786,+0.946
1695583560,+3.01,+20.170, +8.792,+0.946
1695583680,+3.01,+20.153, +8.789,+0.946
1695583800,+3.01,+20.136, +8.802,+0.947
1695583920,+3.01,+20.195, +8.790,+0.946
1695584040,+3.01,+20.228, +8.789,+0.947
1695584160,+3.01,+20.253, +8.776,+0.947
1695584280,+3.01,+20.253, +8.779,+0.946
1695584400,+3.01,+20.253, +8.774,+0.946
1695584520,+3.01,+20.279, +8.779,+0.947
1695584640,+3.01,+20.304, +8.770,+0.946
1695584760,+3.01,+20.329, +8.768,+0.946
1695584880,+3.01,+20.329, +8.784,+0.947
1695585000,+3.01,+20.354, +8.768,+0.947
1695585120,+3.01,+20.354, +8.767,+0.946
1695585240,+3.01,+20.320, +8.761,+0.947
1695585360,+3.01,+20.337, +8.764,+0.947
1695585480,+3.01,+20.312, +8.757,+0.946
1695585600,+3.01,+20.279, +8.768,+0.947
1695585720,+3.01,+20.220, +8.779,+0.946
1695585840,+3.01,+20.161, +8.785,+0.946
1695585960,+3.01,+20.094, +8.781,+0.946
1695586080,+3.01,+19.994, +8.794,+0.947
1695586200,+3.00,+19.935, +8.797,+0.946
1695586320,+3.00,+19.877, +8.810,+0.947
1695586440,+3.00,+19.826, +8.823,+0.947
1695586560,+3.01,+19.801, +8.820,+0.947
1695586680,+3.01,+19.776, +8.816,+0.947
1695586800,+3.01,+19.692, +8.832,+0.946
1695586920,+3.01,+19.608, +8.857,+0.947
1695587040,+3.01,+19.575, +8.868,+0.947
1695587160,+3.01,+19.558, +8.872,+0.947
1695587280,+3.01,+19.516, +8.883,+0.947
1695587400,+3.01,+19.516, +8.876,+0.947
1695587520,+3.01,+19.491, +8.892,+0.947
1695587640,+3.01,+19.483, +8.890,+0.947
1695587760,+3.01,+19.483, +8.883,+0.947
1695587880,+3.01,+19.491, +8.886,+0.947
1695588000,+3.01,+19.483, +8.873,+0.947
1695588120,+3.01,+19.424, +8.886,+0.947
1695588240,+3.01,+19.382, +8.897,+0.947
1695588360,+3.01,+19.390, +8.896,+0.947
1695588480,+3.01,+19.399, +8.891,+0.947
1695588600,+3.01,+19.374, +8.891,+0.947
1695588720,+3.01,+19.349, +8.904,+0.947
1695588840,+3.01,+19.340, +8.911,+0.947
1695588960,+3.01,+19.307, +8.914,+0.947
1695589080,+3.01,+19.290, +8.917,+0.947
1695589200,+3.01,+19.265, +8.926,+0.948
1695589320,+3.01,+19.281, +8.918,+0.947
1695589440,+3.01,+19.298, +8.911,+0.947
1695589560,+3.01,+19.307, +8.907,+0.947
1695589680,+3.01,+19.298, +8.907,+0.947
1695589800,+3.01,+19.290, +8.918,+0.947
1695589920,+3.01,+19.281, +8.911,+0.947
1695590040,+3.01,+19.281, +8.907,+0.946
1695590160,+3.01,+19.290, +8.926,+0.947
1695590280,+3.01,+19.365, +8.904,+0.947
1695590400,+3.01,+19.374, +8.896,+0.947
1695590520,+3.01,+19.382, +8.889,+0.946
1695590640,+3.01,+19.382, +8.897,+0.947
1695590760,+3.01,+19.382, +8.891,+0.947
1695590880,+3.01,+19.365, +8.900,+0.947
1695591000,+3.01,+19.374, +8.896,+0.947
1695591120,+3.01,+19.374, +8.899,+0.947
1695591240,+3.01,+19.382, +8.889,+0.946
1695591360,+3.01,+19.374, +8.905,+0.947
1695591480,+3.01,+19.374, +8.898,+0.947
1695591600,+3.01,+19.399, +8.902,+0.947
1695591720,+3.01,+19.390, +8.897,+0.947
1695591840,+3.01,+19.407, +8.897,+0.947
1695591960,+3.01,+19.424, +8.895,+0.947
1695592080,+3.01,+19.441, +8.891,+0.947
1695592200,+3.01,+19.474, +8.882,+0.947
1695592320,+3.01,+19.432, +8.895,+0.948
1695592440,+3.01,+19.432, +8.891,+0.947
1695592560,+3.01,+19.432, +8.892,+0.947
1695592680,+3.01,+19.416, +8.894,+0.947
1695592800,+3.01,+19.416, +8.893,+0.947
1695592920,+3.01,+19.374, +8.892,+0.947
1695593040,+3.01,+19.374, +8.902,+0.947
1695593160,+3.01,+19.349, +8.912,+0.947
1695593280,+3.01,+19.332, +8.910,+0.947
1695593400,+3.01,+19.357, +8.901,+0.947
1695593520,+3.01,+19.332, +8.909,+0.947
1695593640,+3.01,+19.315, +8.897,+0.946
1695593760,+3.01,+19.290, +8.908,+0.947
1695593880,+3.01,+19.273, +8.914,+0.947
1695594000,+3.01,+19.248, +8.928,+0.947
1695594120,+3.01,+19.239, +8.929,+0.947
1695594240,+3.01,+19.214, +8.928,+0.947
1695594360,+3.01,+19.214, +8.921,+0.947
1695594480,+3.01,+19.172, +8.936,+0.947
1695594600,+3.01,+19.147, +8.940,+0.947
1695594720,+3.01,+19.130, +8.942,+0.947
1695594840,+3.01,+19.105, +8.950,+0.947
1695594960,+3.01,+19.063, +8.966,+0.947
1695595080,+3.01,+19.055, +8.961,+0.947
1695595200,+3.01,+19.046, +8.954,+0.947
1695595320,+3.01,+19.004, +8.963,+0.947
1695595440,+3.01,+19.004, +8.958,+0.947
1695595560,+3.01,+18.988, +8.973,+0.947
1695595680,+3.01,+18.962, +8.959,+0.946
1695595800,+3.01,+18.962, +8.964,+0.947
1695595920,+3.01,+18.937, +8.973,+0.947
1695596040,+3.01,+18.946, +8.979,+0.947
1695596160,+3.01,+18.920, +8.980,+0.947
1695596280,+3.01,+18.904, +8.973,+0.947
1695596400,+3.01,+18.853, +8.999,+0.947
1695596520,+3.01,+18.803, +9.008,+0.947
1695596640,+3.01,+18.786, +9.005,+0.947
1695596760,+3.01,+18.794, +9.010,+0.947
1695596880,+3.01,+18.769, +9.002,+0.947
1695597000,+3.01,+18.736, +9.012,+0.947
1695597120,+3.01,+18.719, +9.020,+0.947
1695597240,+3.01,+18.694, +9.023,+0.947
1695597360,+3.01,+18.694, +9.008,+0.946
1695597480,+3.01,+18.685, +9.029,+0.947
1695597600,+3.01,+18.660, +9.024,+0.947
1695597720,+3.01,+18.651, +9.028,+0.947
1695597840,+3.01,+18.660, +9.024,+0.947
