7450-401396
OS REV: 1.05 Sensor Cal: 1618512290
Time (sec),  BV (Volts),  T (deg C),  DO (mg/l),  Q ()
1681408680,+3.18,+19.298, +7.407,+0.962
1681408800,+3.18,+19.365, +7.400,+0.963
1681408920,+3.18,+19.390, +7.397,+0.963
1681409040,+3.18,+19.483, +7.283,+0.963
1681409160,+3.18,+19.474, +7.318,+0.963
1681409280,+3.18,+19.491, +7.327,+0.963
1681409400,+3.18,+19.499, +7.332,+0.963
1681409520,+3.18,+19.525, +7.334,+0.963
1681409640,+3.18,+19.491, +7.365,+0.963
1681409760,+3.18,+19.508, +7.372,+0.963
1681409880,+3.18,+19.567, +7.375,+0.963
1681410000,+3.18,+19.625, +7.368,+0.962
1681410120,+3.18,+19.667, +7.370,+0.963
1681410240,+3.18,+19.684, +7.370,+0.963
1681410360,+3.17,+19.759, +7.372,+0.963
1681410480,+3.17,+19.835, +7.355,+0.963
1681410600,+3.17,+19.919, +7.333,+0.963
1681410720,+3.17,+19.960, +7.309,+0.963
1681410840,+3.17,+20.002, +7.300,+0.962
1681410960,+3.18,+20.027, +7.303,+0.963
1681411080,+3.18,+20.036, +7.300,+0.962
1681411200,+3.18,+20.086, +7.314,+0.963
1681411320,+3.18,+20.103, +7.322,+0.963
1681411440,+3.18,+20.086, +7.332,+0.963
1681411560,+3.18,+20.128, +7.339,+0.963
1681411680,+3.18,+20.145, +7.368,+0.963
1681411800,+3.18,+20.195, +7.373,+0.964
1681411920,+3.18,+20.203, +7.356,+0.963
1681412040,+3.18,+20.245, +7.336,+0.962
1681412160,+3.18,+20.245, +7.348,+0.963
1681412280,+3.18,+20.295, +7.354,+0.963
1681412400,+3.18,+20.362, +7.329,+0.962
1681412520,+3.18,+20.396, +7.345,+0.963
1681412640,+3.18,+20.438, +7.337,+0.963
1681412760,+3.18,+20.479, +7.341,+0.962
1681412880,+3.18,+20.488, +7.351,+0.963
1681413000,+3.18,+20.546, +7.339,+0.963
1681413120,+3.18,+20.588, +7.339,+0.963
1681413240,+3.18,+20.613, +7.328,+0.963
1681413360,+3.17,+20.664, +7.331,+0.963
1681413480,+3.17,+20.680, +7.328,+0.963
1681413600,+3.17,+20.689, +7.338,+0.963
1681413720,+3.17,+20.714, +7.340,+0.963
1681413840,+3.17,+20.764, +7.332,+0.964
1681413960,+3.17,+20.848, +7.292,+0.962
1681414080,+3.17,+20.873, +7.263,+0.963
1681414200,+3.17,+20.898, +7.183,+0.963
1681414320,+3.17,+20.948, +7.082,+0.963
1681414440,+3.17,+20.990, +6.949,+0.963
1681414560,+3.17,+21.032, +6.903,+0.963
1681414680,+3.17,+21.032, +6.855,+0.963
1681414800,+3.17,+21.082, +6.776,+0.963
1681414920,+3.18,+21.107, +6.735,+0.963
1681415040,+3.17,+21.124, +6.727,+0.963
1681415160,+3.18,+21.140, +6.745,+0.963
1681415280,+3.18,+21.149, +6.785,+0.963
1681415400,+3.18,+21.174, +6.845,+0.963
1681415520,+3.18,+21.216, +6.923,+0.963
1681415640,+3.18,+21.274, +7.037,+0.964
1681415760,+3.18,+21.274, +7.070,+0.963
1681415880,+3.18,+21.291, +7.126,+0.963
1681416000,+3.18,+21.308, +7.171,+0.963
1681416120,+3.18,+21.341, +7.276,+0.963
1681416240,+3.18,+21.349, +7.366,+0.964
1681416360,+3.18,+21.375, +7.527,+0.963
1681416480,+3.18,+21.383, +7.489,+0.963
1681416600,+3.18,+21.400, +7.556,+0.963
1681416720,+3.18,+21.416, +7.627,+0.963
1681416840,+3.18,+21.416, +7.598,+0.963
1681416960,+3.18,+21.400, +7.445,+0.963
1681417080,+3.18,+21.383, +7.488,+0.963
1681417200,+3.18,+21.441, +7.648,+0.963
1681417320,+3.18,+21.475, +7.835,+0.963
1681417440,+3.17,+21.533, +7.918,+0.963
1681417560,+3.18,+21.517, +7.938,+0.963
1681417680,+3.18,+21.492, +7.842,+0.963
1681417800,+3.18,+21.508, +7.692,+0.963
1681417920,+3.18,+21.508, +7.647,+0.963
1681418040,+3.18,+21.525, +7.606,+0.963
1681418160,+3.18,+21.525, +7.657,+0.964
1681418280,+3.17,+21.542, +7.701,+0.964
1681418400,+3.17,+21.575, +7.702,+0.963
1681418520,+3.17,+21.600, +7.715,+0.963
1681418640,+3.17,+21.600, +7.716,+0.964
1681418760,+3.17,+21.600, +7.674,+0.963
1681418880,+3.17,+21.600, +7.648,+0.963
1681419000,+3.17,+21.600, +7.591,+0.963
1681419120,+3.17,+21.625, +7.587,+0.964
1681419240,+3.17,+21.625, +7.543,+0.963
1681419360,+3.17,+21.600, +7.515,+0.963
1681419480,+3.17,+21.659, +7.486,+0.964
1681419600,+3.17,+21.600, +7.397,+0.963
1681419720,+3.17,+21.550, +7.309,+0.963
1681419840,+3.17,+21.600, +7.285,+0.963
1681419960,+3.17,+21.584, +7.249,+0.963
1681420080,+3.17,+21.558, +7.186,+0.963
1681420200,+3.17,+21.575, +7.198,+0.963
1681420320,+3.17,+21.558, +7.176,+0.964
1681420440,+3.18,+21.567, +7.159,+0.963
1681420560,+3.17,+21.592, +7.154,+0.964
1681420680,+3.17,+21.617, +7.175,+0.963
1681420800,+3.17,+21.617, +7.216,+0.964
1681420920,+3.17,+21.617, +7.227,+0.963
1681421040,+3.17,+21.625, +7.224,+0.963
1681421160,+3.17,+21.634, +7.256,+0.964
1681421280,+3.17,+21.634, +7.240,+0.964
1681421400,+3.17,+21.634, +7.204,+0.964
1681421520,+3.17,+21.642, +7.173,+0.963
1681421640,+3.17,+21.659, +7.169,+0.963
1681421760,+3.17,+21.642, +7.134,+0.964
1681421880,+3.17,+21.625, +7.102,+0.963
1681422000,+3.17,+21.642, +7.094,+0.963
1681422120,+3.17,+21.642, +7.138,+0.963
1681422240,+3.17,+21.684, +7.175,+0.963
1681422360,+3.17,+21.659, +7.204,+0.964
1681422480,+3.17,+21.642, +7.179,+0.963
1681422600,+3.17,+21.567, +7.134,+0.963
1681422720,+3.17,+21.584, +7.137,+0.963
1681422840,+3.17,+21.600, +7.140,+0.963
1681422960,+3.17,+21.625, +7.164,+0.963
1681423080,+3.17,+21.642, +7.181,+0.963
1681423200,+3.17,+21.642, +7.175,+0.963
1681423320,+3.17,+21.609, +7.173,+0.964
1681423440,+3.17,+21.634, +7.102,+0.963
1681423560,+3.17,+21.600, +7.132,+0.963
1681423680,+3.17,+21.592, +7.143,+0.963
1681423800,+3.17,+21.592, +7.135,+0.964
1681423920,+3.17,+21.592, +7.123,+0.963
1681424040,+3.17,+21.609, +7.118,+0.964
1681424160,+3.17,+21.567, +7.111,+0.964
1681424280,+3.17,+21.558, +7.093,+0.963
1681424400,+3.18,+21.517, +7.108,+0.964
1681424520,+3.17,+21.550, +7.084,+0.964
1681424640,+3.17,+21.533, +7.092,+0.964
1681424760,+3.17,+21.542, +7.074,+0.963
1681424880,+3.18,+21.525, +7.082,+0.963
1681425000,+3.17,+21.533, +7.077,+0.963
1681425120,+3.17,+21.525, +7.073,+0.963
1681425240,+3.17,+21.542, +7.063,+0.963
1681425360,+3.17,+21.550, +7.059,+0.964
1681425480,+3.17,+21.542, +7.049,+0.964
1681425600,+3.17,+21.517, +7.037,+0.963
1681425720,+3.18,+21.517, +7.030,+0.963
1681425840,+3.17,+21.492, +7.036,+0.963
1681425960,+3.17,+21.508, +7.022,+0.963
1681426080,+3.17,+21.500, +7.021,+0.964
1681426200,+3.18,+21.500, +6.995,+0.964
1681426320,+3.18,+21.483, +6.988,+0.963
1681426440,+3.18,+21.475, +6.981,+0.963
1681426560,+3.18,+21.458, +6.983,+0.963
1681426680,+3.18,+21.483, +6.967,+0.963
1681426800,+3.18,+21.467, +6.957,+0.963
1681426920,+3.18,+21.425, +6.954,+0.963
1681427040,+3.18,+21.416, +6.965,+0.963
1681427160,+3.18,+21.408, +6.966,+0.963
1681427280,+3.18,+21.425, +6.963,+0.964
1681427400,+3.18,+21.425, +6.919,+0.963
1681427520,+3.18,+21.416, +6.900,+0.964
1681427640,+3.18,+21.391, +6.883,+0.963
1681427760,+3.18,+21.400, +6.854,+0.963
1681427880,+3.18,+21.383, +6.838,+0.963
1681428000,+3.18,+21.375, +6.828,+0.964
1681428120,+3.18,+21.383, +6.801,+0.964
1681428240,+3.18,+21.358, +6.786,+0.964
1681428360,+3.18,+21.358, +6.738,+0.963
1681428480,+3.18,+21.333, +6.728,+0.964
1681428600,+3.18,+21.324, +6.689,+0.963
1681428720,+3.18,+21.299, +6.685,+0.963
1681428840,+3.18,+21.308, +6.652,+0.963
1681428960,+3.18,+21.299, +6.636,+0.964
1681429080,+3.18,+21.291, +6.618,+0.963
1681429200,+3.18,+21.308, +6.580,+0.964
1681429320,+3.18,+21.283, +6.549,+0.963
1681429440,+3.18,+21.283, +6.504,+0.963
1681429560,+3.18,+21.283, +6.468,+0.963
1681429680,+3.18,+21.274, +6.449,+0.963
1681429800,+3.18,+21.266, +6.419,+0.964
1681429920,+3.18,+21.257, +6.385,+0.963
1681430040,+3.18,+21.249, +6.360,+0.964
1681430160,+3.18,+21.257, +6.308,+0.964
1681430280,+3.18,+21.224, +6.306,+0.964
1681430400,+3.18,+21.241, +6.303,+0.964
1681430520,+3.18,+21.232, +6.238,+0.964
1681430640,+3.18,+21.207, +6.234,+0.963
1681430760,+3.18,+21.224, +6.212,+0.963
1681430880,+3.18,+21.191, +6.195,+0.964
1681431000,+3.18,+21.182, +6.159,+0.963
1681431120,+3.18,+21.182, +6.129,+0.963
1681431240,+3.18,+21.174, +6.106,+0.964
1681431360,+3.18,+21.165, +6.072,+0.964
1681431480,+3.18,+21.149, +6.049,+0.964
1681431600,+3.18,+21.165, +6.014,+0.963
1681431720,+3.18,+21.124, +6.007,+0.964
1681431840,+3.18,+21.115, +5.996,+0.964
1681431960,+3.17,+21.099, +5.986,+0.964
1681432080,+3.17,+21.073, +5.981,+0.964
1681432200,+3.17,+21.090, +5.977,+0.964
1681432320,+3.17,+21.090, +5.976,+0.964
1681432440,+3.17,+21.082, +5.976,+0.964
1681432560,+3.17,+21.065, +5.965,+0.963
1681432680,+3.17,+21.032, +5.962,+0.964
1681432800,+3.17,+21.032, +5.941,+0.964
1681432920,+3.17,+21.032, +5.919,+0.964
1681433040,+3.17,+21.007, +5.899,+0.964
1681433160,+3.17,+20.998, +5.883,+0.964
1681433280,+3.17,+20.981, +5.862,+0.964
1681433400,+3.17,+20.990, +5.840,+0.964
1681433520,+3.17,+20.973, +5.822,+0.964
1681433640,+3.17,+20.948, +5.805,+0.964
1681433760,+3.17,+20.931, +5.803,+0.964
1681433880,+3.17,+20.906, +5.796,+0.964
1681434000,+3.17,+20.906, +5.793,+0.964
1681434120,+3.17,+20.881, +5.787,+0.964
1681434240,+3.17,+20.873, +5.789,+0.964
1681434360,+3.17,+20.873, +5.789,+0.964
1681434480,+3.17,+20.848, +5.821,+0.964
1681434600,+3.17,+20.839, +5.826,+0.964
1681434720,+3.17,+20.823, +5.859,+0.964
1681434840,+3.17,+20.797, +5.875,+0.964
1681434960,+3.17,+20.781, +5.864,+0.964
1681435080,+3.17,+20.772, +5.830,+0.964
1681435200,+3.17,+20.747, +5.822,+0.964
1681435320,+3.17,+20.747, +5.810,+0.964
1681435440,+3.17,+20.705, +5.803,+0.964
1681435560,+3.17,+20.705, +5.803,+0.964
1681435680,+3.17,+20.672, +5.816,+0.964
1681435800,+3.17,+20.672, +5.838,+0.964
1681435920,+3.17,+20.638, +5.855,+0.964
1681436040,+3.17,+20.622, +5.882,+0.964
1681436160,+3.17,+20.613, +5.917,+0.964
1681436280,+3.18,+20.597, +5.947,+0.963
1681436400,+3.18,+20.572, +5.989,+0.964
1681436520,+3.18,+20.555, +6.033,+0.964
1681436640,+3.17,+20.546, +6.061,+0.964
1681436760,+3.18,+20.530, +6.097,+0.964
1681436880,+3.18,+20.505, +6.135,+0.964
1681437000,+3.18,+20.479, +6.161,+0.963
1681437120,+3.18,+20.471, +6.190,+0.964
1681437240,+3.18,+20.438, +6.223,+0.964
1681437360,+3.18,+20.429, +6.254,+0.964
1681437480,+3.18,+20.396, +6.267,+0.963
1681437600,+3.18,+20.362, +6.290,+0.964
1681437720,+3.18,+20.354, +6.321,+0.963
1681437840,+3.18,+20.312, +6.383,+0.963
1681437960,+3.18,+20.320, +6.412,+0.964
1681438080,+3.18,+20.279, +6.427,+0.964
1681438200,+3.18,+20.279, +6.434,+0.963
1681438320,+3.18,+20.262, +6.454,+0.963
1681438440,+3.18,+20.245, +6.440,+0.964
1681438560,+3.18,+20.212, +6.411,+0.963
1681438680,+3.18,+20.195, +6.399,+0.964
1681438800,+3.18,+20.170, +6.386,+0.964
1681438920,+3.18,+20.145, +6.373,+0.964
1681439040,+3.18,+20.128, +6.338,+0.963
1681439160,+3.18,+20.111, +6.301,+0.963
1681439280,+3.18,+20.086, +6.266,+0.964
1681439400,+3.18,+20.044, +6.232,+0.963
1681439520,+3.18,+20.044, +6.201,+0.964
1681439640,+3.18,+20.019, +6.185,+0.963
1681439760,+3.17,+19.994, +6.185,+0.964
1681439880,+3.17,+19.969, +6.199,+0.964
1681440000,+3.17,+19.969, +6.219,+0.963
1681440120,+3.17,+19.927, +6.258,+0.964
1681440240,+3.17,+19.910, +6.293,+0.964
1681440360,+3.17,+19.893, +6.303,+0.963
1681440480,+3.17,+19.877, +6.293,+0.963
1681440600,+3.17,+19.860, +6.297,+0.964
1681440720,+3.17,+19.843, +6.300,+0.963
1681440840,+3.17,+19.801, +6.304,+0.963
1681440960,+3.17,+19.801, +6.291,+0.963
1681441080,+3.17,+19.776, +6.288,+0.964
1681441200,+3.17,+19.759, +6.300,+0.964
1681441320,+3.17,+19.726, +6.312,+0.964
1681441440,+3.17,+19.709, +6.303,+0.964
1681441560,+3.18,+19.692, +6.300,+0.964
1681441680,+3.18,+19.667, +6.285,+0.963
1681441800,+3.18,+19.650, +6.267,+0.963
1681441920,+3.18,+19.642, +6.249,+0.964
1681442040,+3.18,+19.608, +6.226,+0.963
1681442160,+3.18,+19.600, +6.208,+0.964
1681442280,+3.18,+19.575, +6.193,+0.964
1681442400,+3.18,+19.550, +6.180,+0.963
1681442520,+3.18,+19.525, +6.183,+0.964
1681442640,+3.18,+19.525, +6.177,+0.963
1681442760,+3.18,+19.491, +6.187,+0.964
1681442880,+3.18,+19.458, +6.198,+0.964
1681443000,+3.18,+19.441, +6.238,+0.963
1681443120,+3.18,+19.441, +6.336,+0.964
1681443240,+3.18,+19.416, +6.421,+0.963
1681443360,+3.18,+19.382, +6.523,+0.964
1681443480,+3.18,+19.365, +6.588,+0.964
1681443600,+3.18,+19.340, +6.646,+0.964
1681443720,+3.18,+19.332, +6.694,+0.964
1681443840,+3.18,+19.323, +6.727,+0.964
1681443960,+3.18,+19.281, +6.753,+0.963
1681444080,+3.18,+19.265, +6.790,+0.963
1681444200,+3.18,+19.265, +6.831,+0.963
1681444320,+3.18,+19.231, +6.872,+0.964
1681444440,+3.18,+19.206, +6.876,+0.963
1681444560,+3.18,+19.206, +6.840,+0.963
1681444680,+3.18,+19.164, +6.821,+0.964
1681444800,+3.18,+19.147, +6.814,+0.963
1681444920,+3.18,+19.139, +6.848,+0.963
1681445040,+3.18,+19.097, +6.868,+0.963
1681445160,+3.18,+19.088, +6.882,+0.963
1681445280,+3.18,+19.055, +6.889,+0.964
1681445400,+3.18,+19.030, +6.889,+0.963
1681445520,+3.18,+19.030, +6.895,+0.964
1681445640,+3.18,+19.004, +6.900,+0.963
1681445760,+3.18,+18.996, +6.911,+0.964
1681445880,+3.18,+18.988, +6.903,+0.963
1681446000,+3.18,+18.954, +6.908,+0.964
1681446120,+3.18,+18.937, +6.892,+0.963
1681446240,+3.18,+18.937, +6.877,+0.963
1681446360,+3.17,+18.887, +6.874,+0.963
1681446480,+3.17,+18.887, +6.870,+0.964
1681446600,+3.17,+18.870, +6.869,+0.963
1681446720,+3.18,+18.845, +6.898,+0.963
1681446840,+3.18,+18.845, +6.892,+0.963
1681446960,+3.17,+18.811, +6.890,+0.963
1681447080,+3.17,+18.786, +6.883,+0.963
1681447200,+3.18,+18.769, +6.885,+0.963
1681447320,+3.18,+18.761, +6.889,+0.964
1681447440,+3.18,+18.727, +6.895,+0.963
1681447560,+3.18,+18.710, +6.897,+0.964
1681447680,+3.18,+18.694, +6.899,+0.963
1681447800,+3.18,+18.694, +6.887,+0.963
1681447920,+3.18,+18.677, +6.887,+0.964
1681448040,+3.18,+18.651, +6.892,+0.964
1681448160,+3.18,+18.643, +6.895,+0.964
1681448280,+3.18,+18.635, +6.880,+0.963
1681448400,+3.18,+18.609, +6.881,+0.963
1681448520,+3.18,+18.576, +6.880,+0.964
1681448640,+3.18,+18.567, +6.886,+0.964
1681448760,+3.18,+18.551, +6.895,+0.963
1681448880,+3.18,+18.542, +6.915,+0.963
1681449000,+3.18,+18.517, +6.937,+0.963
1681449120,+3.18,+18.500, +6.952,+0.963
1681449240,+3.18,+18.483, +6.957,+0.963
1681449360,+3.18,+18.466, +6.964,+0.963
1681449480,+3.18,+18.433, +6.978,+0.963
1681449600,+3.18,+18.433, +6.971,+0.964
1681449720,+3.18,+18.416, +6.967,+0.964
1681449840,+3.18,+18.399, +6.950,+0.963
1681449960,+3.18,+18.391, +6.939,+0.964
1681450080,+3.18,+18.374, +6.920,+0.963
1681450200,+3.18,+18.357, +6.907,+0.963
1681450320,+3.18,+18.323, +6.910,+0.964
1681450440,+3.18,+18.315, +6.908,+0.964
1681450560,+3.18,+18.323, +6.896,+0.964
1681450680,+3.18,+18.281, +6.885,+0.963
1681450800,+3.18,+18.298, +6.864,+0.963
1681450920,+3.18,+18.264, +6.871,+0.964
1681451040,+3.18,+18.248, +6.893,+0.963
1681451160,+3.18,+18.231, +6.930,+0.963
1681451280,+3.18,+18.214, +6.945,+0.963
1681451400,+3.18,+18.189, +6.960,+0.964
1681451520,+3.18,+18.180, +6.974,+0.963
1681451640,+3.18,+18.155, +6.989,+0.964
1681451760,+3.18,+18.146, +6.993,+0.963
1681451880,+3.18,+18.138, +6.989,+0.963
1681452000,+3.18,+18.121, +6.998,+0.963
1681452120,+3.18,+18.087, +7.002,+0.963
1681452240,+3.18,+18.096, +6.906,+0.963
1681452360,+3.18,+18.079, +6.945,+0.963
1681452480,+3.18,+18.062, +6.982,+0.964
1681452600,+3.18,+18.062, +6.978,+0.963
1681452720,+3.18,+18.037, +6.985,+0.964
1681452840,+3.18,+18.028, +6.963,+0.963
1681452960,+3.18,+18.003, +6.955,+0.963
1681453080,+3.18,+17.995, +6.957,+0.964
1681453200,+3.18,+17.995, +6.959,+0.963
1681453320,+3.18,+17.978, +6.974,+0.963
1681453440,+3.18,+17.953, +6.966,+0.963
1681453560,+3.18,+17.944, +6.962,+0.964
1681453680,+3.18,+17.919, +6.961,+0.963
1681453800,+3.18,+17.902, +6.996,+0.963
1681453920,+3.18,+17.885, +7.026,+0.963
1681454040,+3.18,+17.894, +7.046,+0.963
1681454160,+3.18,+17.851, +7.060,+0.963
1681454280,+3.18,+17.843, +7.061,+0.963
1681454400,+3.18,+17.826, +7.067,+0.964
1681454520,+3.18,+17.826, +7.049,+0.964
1681454640,+3.18,+17.826, +7.040,+0.963
1681454760,+3.18,+17.801, +7.029,+0.963
1681454880,+3.18,+17.767, +7.008,+0.963
1681455000,+3.18,+17.775, +6.973,+0.964
1681455120,+3.18,+17.759, +6.976,+0.964
1681455240,+3.18,+17.750, +6.974,+0.964
1681455360,+3.18,+17.708, +6.989,+0.963
1681455480,+3.18,+17.691, +6.992,+0.964
1681455600,+3.18,+17.674, +6.977,+0.963
1681455720,+3.18,+17.666, +6.968,+0.963
1681455840,+3.18,+17.666, +6.962,+0.963
1681455960,+3.18,+17.674, +6.954,+0.963
1681456080,+3.18,+17.649, +6.959,+0.963
1681456200,+3.18,+17.632, +6.966,+0.963
1681456320,+3.18,+17.615, +6.962,+0.963
1681456440,+3.18,+17.615, +6.958,+0.963
1681456560,+3.18,+17.598, +6.941,+0.963
1681456680,+3.18,+17.590, +6.933,+0.964
1681456800,+3.18,+17.590, +6.909,+0.964
1681456920,+3.18,+17.556, +6.905,+0.964
1681457040,+3.18,+17.539, +6.892,+0.963
1681457160,+3.18,+17.539, +6.873,+0.963
1681457280,+3.18,+17.514, +6.896,+0.964
1681457400,+3.18,+17.514, +6.911,+0.963
1681457520,+3.18,+17.488, +6.933,+0.963
1681457640,+3.18,+17.488, +6.952,+0.964
1681457760,+3.18,+17.463, +6.959,+0.964
1681457880,+3.18,+17.446, +6.974,+0.964
1681458000,+3.18,+17.429, +6.971,+0.963
1681458120,+3.18,+17.421, +6.981,+0.964
1681458240,+3.18,+17.412, +6.973,+0.963
1681458360,+3.18,+17.404, +6.981,+0.964
1681458480,+3.18,+17.378, +6.982,+0.963
1681458600,+3.18,+17.387, +6.974,+0.963
1681458720,+3.18,+17.353, +6.989,+0.963
1681458840,+3.18,+17.370, +6.991,+0.963
1681458960,+3.18,+17.344, +7.001,+0.963
1681459080,+3.18,+17.336, +7.000,+0.963
1681459200,+3.18,+17.302, +7.014,+0.963
1681459320,+3.18,+17.294, +7.029,+0.963
1681459440,+3.18,+17.294, +7.022,+0.963
1681459560,+3.18,+17.285, +7.036,+0.964
1681459680,+3.18,+17.268, +7.047,+0.963
1681459800,+3.18,+17.260, +7.071,+0.964
1681459920,+3.18,+17.251, +7.025,+0.964
1681460040,+3.18,+17.234, +7.047,+0.963
1681460160,+3.18,+17.226, +7.077,+0.963
1681460280,+3.18,+17.184, +7.102,+0.964
1681460400,+3.18,+17.209, +7.094,+0.964
1681460520,+3.18,+17.192, +7.090,+0.964
1681460640,+3.18,+17.167, +7.101,+0.963
1681460760,+3.18,+17.158, +7.110,+0.963
1681460880,+3.18,+17.133, +7.115,+0.963
1681461000,+3.18,+17.141, +7.114,+0.963
1681461120,+3.18,+17.141, +7.119,+0.964
1681461240,+3.18,+17.124, +7.115,+0.964
1681461360,+3.18,+17.099, +7.113,+0.963
1681461480,+3.18,+17.099, +7.097,+0.963
1681461600,+3.18,+17.090, +7.092,+0.964
1681461720,+3.18,+17.065, +7.091,+0.964
1681461840,+3.18,+17.057, +7.090,+0.963
1681461960,+3.18,+17.048, +7.104,+0.963
1681462080,+3.18,+17.023, +7.118,+0.964
1681462200,+3.18,+17.031, +7.108,+0.963
1681462320,+3.18,+17.014, +7.116,+0.964
1681462440,+3.18,+17.006, +7.105,+0.963
1681462560,+3.18,+16.997, +7.110,+0.964
1681462680,+3.18,+16.980, +7.112,+0.963
1681462800,+3.18,+16.946, +7.130,+0.963
1681462920,+3.18,+16.955, +7.127,+0.963
1681463040,+3.18,+16.938, +7.131,+0.963
1681463160,+3.18,+16.921, +7.150,+0.964
1681463280,+3.18,+16.921, +7.146,+0.963
1681463400,+3.18,+16.904, +7.143,+0.963
1681463520,+3.18,+16.895, +7.143,+0.964
1681463640,+3.18,+16.895, +7.148,+0.964
1681463760,+3.18,+16.895, +7.135,+0.963
1681463880,+3.18,+16.862, +7.142,+0.964
1681464000,+3.18,+16.870, +7.145,+0.964
1681464120,+3.18,+16.845, +7.148,+0.964
1681464240,+3.18,+16.845, +7.135,+0.963
1681464360,+3.18,+16.819, +7.149,+0.963
1681464480,+3.18,+16.819, +7.155,+0.963
1681464600,+3.18,+16.802, +7.161,+0.964
1681464720,+3.18,+16.785, +7.167,+0.963
1681464840,+3.18,+16.777, +7.173,+0.963
1681464960,+3.18,+16.751, +7.179,+0.964
1681465080,+3.18,+16.751, +7.171,+0.963
1681465200,+3.18,+16.760, +7.170,+0.964
1681465320,+3.18,+16.726, +7.167,+0.964
1681465440,+3.18,+16.726, +7.166,+0.963
1681465560,+3.18,+16.726, +7.171,+0.964
1681465680,+3.18,+16.709, +7.167,+0.964
1681465800,+3.18,+16.709, +7.152,+0.964
1681465920,+3.18,+16.692, +7.132,+0.963
1681466040,+3.18,+16.675, +7.141,+0.964
1681466160,+3.18,+16.641, +7.150,+0.964
1681466280,+3.18,+16.624, +7.141,+0.963
1681466400,+3.18,+16.641, +7.136,+0.964
1681466520,+3.18,+16.624, +7.139,+0.963
1681466640,+3.18,+16.607, +7.133,+0.963
1681466760,+3.18,+16.615, +7.145,+0.963
1681466880,+3.18,+16.607, +7.152,+0.964
1681467000,+3.18,+16.590, +7.135,+0.963
1681467120,+3.18,+16.581, +7.129,+0.964
1681467240,+3.18,+16.564, +7.122,+0.963
1681467360,+3.18,+16.564, +7.103,+0.963
1681467480,+3.18,+16.539, +7.124,+0.964
1681467600,+3.18,+16.530, +7.119,+0.963
1681467720,+3.18,+16.513, +7.119,+0.963
1681467840,+3.18,+16.522, +7.102,+0.963
1681467960,+3.18,+16.496, +7.105,+0.964
1681468080,+3.18,+16.496, +7.091,+0.964
1681468200,+3.18,+16.462, +7.086,+0.964
1681468320,+3.18,+16.454, +7.077,+0.964
1681468440,+3.18,+16.462, +7.072,+0.964
1681468560,+3.18,+16.445, +7.072,+0.963
1681468680,+3.18,+16.437, +7.058,+0.964
1681468800,+3.18,+16.428, +7.061,+0.963
1681468920,+3.18,+16.420, +7.065,+0.963
1681469040,+3.18,+16.420, +7.063,+0.963
1681469160,+3.18,+16.420, +7.074,+0.964
1681469280,+3.18,+16.403, +7.093,+0.964
1681469400,+3.18,+16.386, +7.104,+0.964
1681469520,+3.18,+16.360, +7.116,+0.964
1681469640,+3.18,+16.377, +7.112,+0.963
1681469760,+3.18,+16.352, +7.130,+0.964
1681469880,+3.18,+16.352, +7.121,+0.963
1681470000,+3.18,+16.335, +7.122,+0.963
1681470120,+3.18,+16.326, +7.111,+0.963
1681470240,+3.18,+16.318, +7.108,+0.963
1681470360,+3.18,+16.318, +7.101,+0.964
1681470480,+3.18,+16.318, +7.099,+0.963
1681470600,+3.18,+16.283, +7.109,+0.963
1681470720,+3.18,+16.292, +7.105,+0.963
1681470840,+3.18,+16.275, +7.117,+0.963
1681470960,+3.18,+16.266, +7.126,+0.963
1681471080,+3.18,+16.275, +7.124,+0.964
1681471200,+3.18,+16.249, +7.134,+0.964
1681471320,+3.18,+16.249, +7.125,+0.963
1681471440,+3.18,+16.241, +7.118,+0.963
1681471560,+3.18,+16.224, +7.125,+0.964
1681471680,+3.18,+16.224, +7.116,+0.964
1681471800,+3.18,+16.190, +7.118,+0.963
1681471920,+3.18,+16.198, +7.138,+0.964
1681472040,+3.18,+16.198, +7.132,+0.963
1681472160,+3.18,+16.190, +7.142,+0.964
1681472280,+3.18,+16.190, +7.124,+0.964
1681472400,+3.18,+16.173, +7.129,+0.964
1681472520,+3.18,+16.164, +7.125,+0.964
1681472640,+3.18,+16.164, +7.121,+0.963
1681472760,+3.18,+16.164, +7.125,+0.964
1681472880,+3.18,+16.147, +7.119,+0.963
1681473000,+3.18,+16.156, +7.129,+0.964
1681473120,+3.18,+16.156, +7.119,+0.964
1681473240,+3.18,+16.173, +7.098,+0.964
1681473360,+3.18,+16.130, +7.101,+0.964
1681473480,+3.18,+16.130, +7.083,+0.964
1681473600,+3.18,+16.122, +7.059,+0.964
1681473720,+3.18,+16.139, +7.040,+0.963
1681473840,+3.18,+16.130, +7.040,+0.963
1681473960,+3.18,+16.130, +7.052,+0.964
1681474080,+3.18,+16.122, +7.060,+0.964
1681474200,+3.18,+16.130, +7.078,+0.964
1681474320,+3.18,+16.122, +7.081,+0.964
1681474440,+3.18,+16.139, +7.080,+0.964
1681474560,+3.18,+16.130, +7.064,+0.963
1681474680,+3.18,+16.139, +7.045,+0.964
1681474800,+3.18,+16.122, +7.043,+0.963
1681474920,+3.18,+16.113, +7.070,+0.964
1681475040,+3.18,+16.113, +7.084,+0.964
1681475160,+3.18,+16.122, +7.091,+0.963
1681475280,+3.18,+16.139, +7.091,+0.964
1681475400,+3.18,+16.139, +7.094,+0.964
1681475520,+3.18,+16.139, +7.099,+0.964
1681475640,+3.18,+16.130, +7.105,+0.964
1681475760,+3.18,+16.147, +7.102,+0.964
1681475880,+3.18,+16.139, +7.114,+0.964
1681476000,+3.18,+16.147, +7.110,+0.964
1681476120,+3.18,+16.147, +7.107,+0.963
1681476240,+3.18,+16.130, +7.116,+0.964
1681476360,+3.18,+16.181, +7.109,+0.964
1681476480,+3.18,+16.164, +7.107,+0.964
1681476600,+3.18,+16.181, +7.096,+0.964
1681476720,+3.18,+16.190, +7.086,+0.963
1681476840,+3.18,+16.181, +7.085,+0.964
1681476960,+3.18,+16.190, +7.073,+0.964
1681477080,+3.18,+16.215, +7.073,+0.964
1681477200,+3.18,+16.215, +7.059,+0.964
1681477320,+3.18,+16.215, +7.051,+0.964
1681477440,+3.18,+16.241, +7.046,+0.964
1681477560,+3.18,+16.224, +7.040,+0.964
1681477680,+3.18,+16.215, +7.047,+0.963
1681477800,+3.18,+16.232, +7.050,+0.963
1681477920,+3.18,+16.232, +7.054,+0.964
1681478040,+3.18,+16.241, +7.044,+0.963
1681478160,+3.18,+16.232, +7.042,+0.963
1681478280,+3.18,+16.241, +7.049,+0.964
1681478400,+3.18,+16.258, +7.037,+0.963
1681478520,+3.18,+16.249, +7.044,+0.964
1681478640,+3.18,+16.241, +7.037,+0.963
1681478760,+3.18,+16.249, +7.040,+0.964
1681478880,+3.18,+16.275, +7.032,+0.963
1681479000,+3.18,+16.258, +7.044,+0.964
1681479120,+3.18,+16.266, +7.049,+0.964
1681479240,+3.18,+16.292, +7.068,+0.964
1681479360,+3.18,+16.292, +7.071,+0.963
1681479480,+3.18,+16.301, +7.086,+0.964
1681479600,+3.18,+16.292, +7.089,+0.963
1681479720,+3.18,+16.318, +7.110,+0.964
1681479840,+3.18,+16.318, +7.125,+0.963
1681479960,+3.18,+16.326, +7.150,+0.964
1681480080,+3.18,+16.343, +7.154,+0.964
1681480200,+3.18,+16.335, +7.171,+0.963
1681480320,+3.18,+16.352, +7.162,+0.963
1681480440,+3.18,+16.377, +7.168,+0.963
1681480560,+3.18,+16.377, +7.172,+0.963
1681480680,+3.18,+16.386, +7.165,+0.963
1681480800,+3.18,+16.394, +7.159,+0.963
1681480920,+3.18,+16.420, +7.153,+0.964
1681481040,+3.18,+16.420, +7.093,+0.964
1681481160,+3.18,+16.420, +7.119,+0.964
1681481280,+3.18,+16.454, +7.119,+0.963
1681481400,+3.18,+16.462, +7.123,+0.964
1681481520,+3.18,+16.462, +7.103,+0.963
1681481640,+3.18,+16.488, +7.081,+0.964
1681481760,+3.18,+16.496, +7.049,+0.963
1681481880,+3.18,+16.522, +7.039,+0.963
1681482000,+3.18,+16.522, +7.039,+0.964
1681482120,+3.18,+16.539, +7.024,+0.963
1681482240,+3.18,+16.556, +7.019,+0.963
1681482360,+3.18,+16.564, +7.018,+0.963
1681482480,+3.18,+16.581, +7.029,+0.963
1681482600,+3.18,+16.607, +7.024,+0.963
1681482720,+3.18,+16.598, +7.032,+0.964
1681482840,+3.18,+16.649, +7.025,+0.964
1681482960,+3.18,+16.641, +7.024,+0.963
1681483080,+3.18,+16.666, +7.029,+0.964
1681483200,+3.18,+16.683, +7.028,+0.963
1681483320,+3.18,+16.700, +7.041,+0.964
1681483440,+3.18,+16.709, +7.048,+0.964
1681483560,+3.18,+16.734, +7.058,+0.964
1681483680,+3.18,+16.751, +7.053,+0.963
1681483800,+3.18,+16.768, +7.054,+0.963
1681483920,+3.18,+16.811, +7.071,+0.964
1681484040,+3.18,+16.811, +7.085,+0.964
1681484160,+3.18,+16.853, +7.085,+0.964
1681484280,+3.18,+16.870, +7.098,+0.964
1681484400,+3.18,+16.895, +7.094,+0.964
1681484520,+3.18,+16.912, +7.097,+0.964
1681484640,+3.18,+16.921, +7.099,+0.964
1681484760,+3.18,+16.955, +7.093,+0.963
1681484880,+3.18,+16.980, +7.097,+0.963
1681485000,+3.18,+16.997, +7.107,+0.964
1681485120,+3.18,+17.057, +7.090,+0.963
1681485240,+3.18,+17.073, +7.099,+0.964
1681485360,+3.18,+17.107, +7.093,+0.964
1681485480,+3.18,+17.124, +7.088,+0.963
1681485600,+3.18,+17.192, +7.068,+0.963
1681485720,+3.18,+17.192, +7.071,+0.963
1681485840,+3.18,+17.243, +7.067,+0.964
1681485960,+3.18,+17.251, +7.052,+0.963
1681486080,+3.18,+17.285, +7.043,+0.963
1681486200,+3.18,+17.319, +7.033,+0.963
1681486320,+3.18,+17.344, +7.048,+0.963
1681486440,+3.18,+17.412, +7.065,+0.963
1681486560,+3.18,+17.437, +7.174,+0.964
1681486680,+3.18,+17.463, +7.253,+0.964
1681486800,+3.18,+17.505, +7.286,+0.963
1681486920,+3.18,+17.522, +7.322,+0.964
1681487040,+3.18,+17.556, +7.331,+0.963
1681487160,+3.18,+17.581, +7.336,+0.963
1681487280,+3.18,+17.615, +7.340,+0.963
1681487400,+3.18,+17.649, +7.355,+0.964
1681487520,+3.18,+17.699, +7.345,+0.963
1681487640,+3.18,+17.725, +7.355,+0.964
1681487760,+3.17,+17.759, +7.365,+0.963
1681487880,+3.18,+17.826, +7.363,+0.964
1681488000,+3.18,+17.885, +7.355,+0.963
1681488120,+3.18,+17.927, +7.348,+0.963
1681488240,+3.18,+18.003, +7.365,+0.964
1681488360,+3.18,+18.012, +7.362,+0.963
1681488480,+3.18,+18.037, +7.344,+0.964
1681488600,+3.18,+18.071, +7.314,+0.963
1681488720,+3.18,+18.121, +7.310,+0.963
1681488840,+3.18,+18.172, +7.301,+0.963
1681488960,+3.18,+18.222, +7.298,+0.963
1681489080,+3.18,+18.273, +7.276,+0.963
1681489200,+3.18,+18.306, +7.269,+0.963
1681489320,+3.18,+18.332, +7.263,+0.963
1681489440,+3.18,+18.391, +7.247,+0.962
1681489560,+3.18,+18.433, +7.234,+0.963
1681489680,+3.18,+18.500, +7.206,+0.963
1681489800,+3.18,+18.525, +7.196,+0.963
1681489920,+3.18,+18.559, +7.183,+0.963
1681490040,+3.18,+18.576, +7.195,+0.963
1681490160,+3.17,+18.618, +7.195,+0.963
1681490280,+3.17,+18.668, +7.179,+0.963
1681490400,+3.17,+18.702, +7.186,+0.963
1681490520,+3.17,+18.702, +7.179,+0.963
1681490640,+3.17,+18.719, +7.181,+0.963
1681490760,+3.17,+18.752, +7.201,+0.963
1681490880,+3.17,+18.769, +7.214,+0.963
1681491000,+3.17,+18.794, +7.232,+0.963
1681491120,+3.17,+18.836, +7.250,+0.964
1681491240,+3.17,+18.912, +7.247,+0.963
1681491360,+3.17,+18.887, +7.240,+0.964
1681491480,+3.17,+18.904, +7.242,+0.963
1681491600,+3.18,+18.937, +7.251,+0.963
1681491720,+3.18,+18.954, +7.262,+0.963
1681491840,+3.18,+19.004, +7.278,+0.963
1681491960,+3.18,+19.021, +7.267,+0.963
1681492080,+3.18,+19.038, +7.285,+0.963
1681492200,+3.18,+19.088, +7.297,+0.963
1681492320,+3.18,+19.147, +7.309,+0.963
1681492440,+3.18,+19.164, +7.356,+0.963
1681492560,+3.18,+19.231, +7.368,+0.963
1681492680,+3.18,+19.273, +7.371,+0.963
1681492800,+3.18,+19.332, +7.352,+0.963
1681492920,+3.18,+19.390, +7.323,+0.963
1681493040,+3.18,+19.432, +7.283,+0.964
1681493160,+3.18,+19.508, +7.256,+0.963
1681493280,+3.17,+19.533, +7.284,+0.963
1681493400,+3.17,+19.567, +7.335,+0.963
1681493520,+3.17,+19.575, +7.370,+0.963
1681493640,+3.17,+19.583, +7.396,+0.963
1681493760,+3.17,+19.634, +7.415,+0.963
1681493880,+3.17,+19.676, +7.429,+0.963
1681494000,+3.17,+19.701, +7.440,+0.963
1681494120,+3.17,+19.717, +7.448,+0.963
1681494240,+3.17,+19.768, +7.449,+0.963
1681494360,+3.17,+19.776, +7.426,+0.963
1681494480,+3.17,+19.768, +7.372,+0.963
1681494600,+3.17,+19.784, +7.337,+0.963
1681494720,+3.17,+19.810, +7.326,+0.963
1681494840,+3.17,+19.835, +7.309,+0.963
1681494960,+3.17,+19.860, +7.329,+0.964
1681495080,+3.17,+19.877, +7.292,+0.962
