7450-401396
OS REV: 1.05 Sensor Cal: 1618512290
Time (sec),  BV (Volts),  T (deg C),  DO (mg/l),  Q ()
1693348440,+3.02,+25.120, +8.082,+0.953
1693348560,+3.02,+25.078, +8.067,+0.952
1693348680,+3.02,+25.045, +8.077,+0.952
1693348800,+3.02,+25.002, +8.077,+0.952
1693348920,+3.02,+24.977, +8.092,+0.953
1693349040,+3.02,+24.935, +8.091,+0.952
1693349160,+3.02,+24.902, +8.095,+0.952
1693349280,+3.02,+24.868, +8.102,+0.952
1693349400,+3.02,+24.826, +8.101,+0.952
1693349520,+3.02,+24.784, +8.102,+0.952
1693349640,+3.02,+24.767, +8.107,+0.952
1693349760,+3.02,+24.717, +8.108,+0.952
1693349880,+3.02,+24.691, +8.120,+0.952
1693350000,+3.02,+24.649, +8.113,+0.951
1693350120,+3.02,+24.624, +8.131,+0.952
1693350240,+3.02,+24.590, +8.123,+0.952
1693350360,+3.02,+24.548, +8.133,+0.952
1693350480,+3.02,+24.532, +8.128,+0.952
1693350600,+3.02,+24.498, +8.147,+0.953
1693350720,+3.02,+24.464, +8.137,+0.952
1693350840,+3.02,+24.439, +8.148,+0.952
1693350960,+3.02,+24.414, +8.148,+0.952
1693351080,+3.02,+24.372, +8.151,+0.952
1693351200,+3.02,+24.355, +8.156,+0.952
1693351320,+3.02,+24.322, +8.162,+0.952
1693351440,+3.02,+24.280, +8.163,+0.952
1693351560,+3.02,+24.246, +8.172,+0.951
1693351680,+3.02,+24.213, +8.178,+0.952
1693351800,+3.02,+24.196, +8.170,+0.951
1693351920,+3.02,+24.171, +8.186,+0.952
1693352040,+3.02,+24.145, +8.185,+0.952
1693352160,+3.02,+24.120, +8.181,+0.951
1693352280,+3.02,+24.078, +8.196,+0.952
1693352400,+3.02,+24.062, +8.185,+0.951
1693352520,+3.02,+24.028, +8.197,+0.951
1693352640,+3.02,+24.028, +8.200,+0.951
1693352760,+3.02,+24.003, +8.197,+0.951
1693352880,+3.02,+23.978, +8.198,+0.951
1693353000,+3.02,+23.944, +8.211,+0.952
1693353120,+3.02,+23.944, +8.209,+0.952
1693353240,+3.02,+23.927, +8.203,+0.951
1693353360,+3.02,+23.885, +8.217,+0.952
1693353480,+3.02,+23.860, +8.209,+0.951
1693353600,+3.02,+23.843, +8.216,+0.951
1693353720,+3.02,+23.818, +8.225,+0.952
1693353840,+3.02,+23.802, +8.231,+0.952
1693353960,+3.02,+23.785, +8.228,+0.951
1693354080,+3.02,+23.760, +8.228,+0.951
1693354200,+3.02,+23.751, +8.230,+0.951
1693354320,+3.02,+23.751, +8.226,+0.951
1693354440,+3.02,+23.718, +8.240,+0.951
1693354560,+3.02,+23.701, +8.248,+0.952
1693354680,+3.02,+23.684, +8.239,+0.951
1693354800,+3.02,+23.667, +8.240,+0.951
1693354920,+3.02,+23.642, +8.256,+0.951
1693355040,+3.02,+23.634, +8.248,+0.951
1693355160,+3.02,+23.609, +8.261,+0.951
1693355280,+3.02,+23.592, +8.262,+0.952
1693355400,+3.02,+23.584, +8.261,+0.952
1693355520,+3.02,+23.575, +8.256,+0.951
1693355640,+3.02,+23.550, +8.260,+0.951
1693355760,+3.02,+23.533, +8.271,+0.951
1693355880,+3.03,+23.500, +8.268,+0.951
1693356000,+3.03,+23.508, +8.261,+0.951
1693356120,+3.02,+23.491, +8.263,+0.951
1693356240,+3.03,+23.433, +8.274,+0.951
1693356360,+3.03,+23.441, +8.265,+0.951
1693356480,+3.03,+23.399, +8.274,+0.951
1693356600,+3.03,+23.391, +8.273,+0.950
1693356720,+3.03,+23.366, +8.293,+0.952
1693356840,+3.03,+23.332, +8.296,+0.951
1693356960,+3.03,+23.324, +8.299,+0.951
1693357080,+3.03,+23.290, +8.309,+0.951
1693357200,+3.02,+23.257, +8.317,+0.952
1693357320,+3.02,+23.248, +8.306,+0.951
1693357440,+3.02,+23.215, +8.319,+0.951
1693357560,+3.02,+23.215, +8.299,+0.950
1693357680,+3.02,+23.190, +8.321,+0.951
1693357800,+3.02,+23.173, +8.327,+0.951
1693357920,+3.02,+23.156, +8.318,+0.951
1693358040,+3.02,+23.140, +8.324,+0.950
1693358160,+3.02,+23.114, +8.325,+0.951
1693358280,+3.02,+23.114, +8.331,+0.951
1693358400,+3.02,+23.106, +8.334,+0.951
1693358520,+3.02,+23.089, +8.326,+0.951
1693358640,+3.02,+23.073, +8.337,+0.951
1693358760,+3.02,+23.056, +8.336,+0.951
1693358880,+3.02,+23.039, +8.338,+0.951
1693359000,+3.02,+23.031, +8.341,+0.951
1693359120,+3.02,+23.014, +8.340,+0.951
1693359240,+3.02,+23.006, +8.340,+0.951
1693359360,+3.02,+22.981, +8.352,+0.951
1693359480,+3.02,+22.981, +8.338,+0.951
1693359600,+3.02,+22.964, +8.344,+0.951
1693359720,+3.02,+22.930, +8.356,+0.951
1693359840,+3.02,+22.922, +8.359,+0.951
1693359960,+3.02,+22.905, +8.351,+0.951
1693360080,+3.02,+22.897, +8.356,+0.950
1693360200,+3.02,+22.888, +8.356,+0.950
1693360320,+3.02,+22.888, +8.359,+0.951
1693360440,+3.02,+22.872, +8.364,+0.951
1693360560,+3.02,+22.880, +8.361,+0.951
1693360680,+3.02,+22.880, +8.364,+0.951
1693360800,+3.02,+22.872, +8.364,+0.951
1693360920,+3.02,+22.880, +8.354,+0.950
1693361040,+3.02,+22.863, +8.368,+0.951
1693361160,+3.02,+22.855, +8.368,+0.951
1693361280,+3.02,+22.855, +8.348,+0.950
1693361400,+3.02,+22.838, +8.363,+0.951
1693361520,+3.02,+22.855, +8.363,+0.951
1693361640,+3.02,+22.855, +8.352,+0.950
1693361760,+3.02,+22.847, +8.352,+0.950
1693361880,+3.02,+22.821, +8.369,+0.951
1693362000,+3.02,+22.847, +8.361,+0.951
1693362120,+3.02,+22.855, +8.358,+0.951
1693362240,+3.02,+22.821, +8.363,+0.950
1693362360,+3.02,+22.847, +8.366,+0.951
1693362480,+3.02,+22.830, +8.363,+0.950
1693362600,+3.02,+22.821, +8.365,+0.951
1693362720,+3.02,+22.838, +8.365,+0.951
1693362840,+3.02,+22.830, +8.368,+0.951
1693362960,+3.02,+22.821, +8.365,+0.951
1693363080,+3.02,+22.838, +8.365,+0.951
1693363200,+3.02,+22.821, +8.365,+0.951
1693363320,+3.02,+22.796, +8.373,+0.951
1693363440,+3.02,+22.805, +8.360,+0.950
1693363560,+3.02,+22.788, +8.371,+0.951
1693363680,+3.02,+22.771, +8.378,+0.951
1693363800,+3.02,+22.780, +8.364,+0.950
1693363920,+3.02,+22.763, +8.367,+0.950
1693364040,+3.02,+22.755, +8.367,+0.951
1693364160,+3.02,+22.746, +8.372,+0.950
1693364280,+3.02,+22.729, +8.382,+0.951
1693364400,+3.02,+22.738, +8.381,+0.950
1693364520,+3.02,+22.704, +8.385,+0.950
1693364640,+3.02,+22.713, +8.380,+0.951
1693364760,+3.02,+22.688, +8.378,+0.950
1693364880,+3.02,+22.688, +8.386,+0.950
1693365000,+3.02,+22.646, +8.388,+0.950
1693365120,+3.03,+22.654, +8.388,+0.950
1693365240,+3.02,+22.629, +8.387,+0.950
1693365360,+3.03,+22.621, +8.394,+0.950
1693365480,+3.02,+22.596, +8.416,+0.951
1693365600,+3.03,+22.579, +8.397,+0.950
1693365720,+3.03,+22.554, +8.395,+0.950
1693365840,+3.03,+22.554, +8.406,+0.951
1693365960,+3.03,+22.504, +8.416,+0.950
1693366080,+3.03,+22.495, +8.410,+0.950
1693366200,+3.03,+22.487, +8.419,+0.951
1693366320,+3.03,+22.470, +8.419,+0.950
1693366440,+3.03,+22.445, +8.424,+0.950
1693366560,+3.03,+22.437, +8.426,+0.950
1693366680,+3.03,+22.437, +8.421,+0.950
1693366800,+3.03,+22.420, +8.428,+0.951
1693366920,+3.03,+22.412, +8.427,+0.950
1693367040,+3.03,+22.395, +8.424,+0.950
1693367160,+3.03,+22.361, +8.432,+0.950
1693367280,+3.03,+22.328, +8.439,+0.950
1693367400,+3.03,+22.303, +8.443,+0.950
1693367520,+3.03,+22.303, +8.443,+0.950
1693367640,+3.03,+22.261, +8.448,+0.950
1693367760,+3.03,+22.261, +8.440,+0.950
1693367880,+3.03,+22.253, +8.434,+0.949
1693368000,+3.03,+22.236, +8.446,+0.950
1693368120,+3.03,+22.227, +8.449,+0.950
1693368240,+3.03,+22.219, +8.456,+0.950
1693368360,+3.03,+22.211, +8.443,+0.950
1693368480,+3.03,+22.219, +8.451,+0.950
1693368600,+3.03,+22.219, +8.448,+0.950
1693368720,+3.03,+22.211, +8.453,+0.950
1693368840,+3.03,+22.202, +8.446,+0.950
1693368960,+3.03,+22.219, +8.441,+0.950
1693369080,+3.03,+22.211, +8.450,+0.950
1693369200,+3.03,+22.194, +8.459,+0.951
1693369320,+3.03,+22.211, +8.451,+0.950
1693369440,+3.03,+22.186, +8.451,+0.950
1693369560,+3.03,+22.194, +8.448,+0.950
1693369680,+3.03,+22.211, +8.447,+0.950
1693369800,+3.03,+22.186, +8.460,+0.951
1693369920,+3.02,+22.194, +8.457,+0.951
1693370040,+3.03,+22.186, +8.447,+0.950
1693370160,+3.02,+22.186, +8.442,+0.950
1693370280,+3.02,+22.186, +8.460,+0.951
1693370400,+3.02,+22.186, +8.449,+0.950
1693370520,+3.03,+22.186, +8.454,+0.950
1693370640,+3.02,+22.169, +8.459,+0.950
1693370760,+3.02,+22.152, +8.462,+0.951
1693370880,+3.02,+22.152, +8.459,+0.950
1693371000,+3.02,+22.144, +8.451,+0.950
1693371120,+3.02,+22.127, +8.463,+0.950
1693371240,+3.02,+22.144, +8.451,+0.950
1693371360,+3.02,+22.135, +8.454,+0.950
1693371480,+3.02,+22.119, +8.462,+0.950
1693371600,+3.02,+22.127, +8.462,+0.950
1693371720,+3.02,+22.119, +8.464,+0.950
1693371840,+3.02,+22.135, +8.454,+0.950
1693371960,+3.02,+22.144, +8.460,+0.950
1693372080,+3.02,+22.144, +8.454,+0.950
1693372200,+3.02,+22.144, +8.463,+0.951
1693372320,+3.02,+22.169, +8.454,+0.950
1693372440,+3.02,+22.186, +8.448,+0.951
1693372560,+3.02,+22.194, +8.448,+0.951
1693372680,+3.03,+22.194, +8.445,+0.950
1693372800,+3.03,+22.211, +8.444,+0.951
1693372920,+3.03,+22.219, +8.444,+0.951
1693373040,+3.03,+22.219, +8.438,+0.950
1693373160,+3.03,+22.236, +8.438,+0.950
1693373280,+3.03,+22.236, +8.434,+0.950
1693373400,+3.03,+22.227, +8.435,+0.950
1693373520,+3.03,+22.244, +8.441,+0.951
1693373640,+3.03,+22.253, +8.435,+0.950
1693373760,+3.03,+22.269, +8.425,+0.950
1693373880,+3.03,+22.278, +8.425,+0.950
1693374000,+3.03,+22.303, +8.431,+0.951
1693374120,+3.03,+22.294, +8.428,+0.951
1693374240,+3.03,+22.320, +8.425,+0.951
1693374360,+3.03,+22.311, +8.428,+0.951
1693374480,+3.03,+22.320, +8.423,+0.950
1693374600,+3.03,+22.328, +8.427,+0.951
1693374720,+3.03,+22.320, +8.421,+0.950
1693374840,+3.03,+22.328, +8.424,+0.951
1693374960,+3.03,+22.345, +8.426,+0.951
1693375080,+3.03,+22.345, +8.416,+0.950
1693375200,+3.03,+22.361, +8.411,+0.950
1693375320,+3.03,+22.336, +8.419,+0.950
1693375440,+3.03,+22.370, +8.410,+0.950
1693375560,+3.03,+22.361, +8.423,+0.951
1693375680,+3.03,+22.378, +8.411,+0.950
1693375800,+3.03,+22.370, +8.412,+0.951
1693375920,+3.03,+22.386, +8.407,+0.950
1693376040,+3.03,+22.378, +8.405,+0.950
1693376160,+3.03,+22.378, +8.409,+0.951
1693376280,+3.03,+22.403, +8.396,+0.950
1693376400,+3.03,+22.386, +8.408,+0.951
1693376520,+3.03,+22.403, +8.409,+0.951
1693376640,+3.03,+22.420, +8.401,+0.951
1693376760,+3.03,+22.420, +8.405,+0.951
1693376880,+3.03,+22.412, +8.401,+0.951
1693377000,+3.03,+22.412, +8.399,+0.951
1693377120,+3.03,+22.437, +8.405,+0.951
1693377240,+3.03,+22.437, +8.391,+0.950
1693377360,+3.03,+22.437, +8.406,+0.951
1693377480,+3.03,+22.428, +8.407,+0.951
1693377600,+3.03,+22.445, +8.395,+0.950
1693377720,+3.03,+22.445, +8.399,+0.951
1693377840,+3.03,+22.437, +8.400,+0.951
1693377960,+3.03,+22.462, +8.391,+0.950
1693378080,+3.03,+22.470, +8.389,+0.950
1693378200,+3.03,+22.462, +8.394,+0.951
1693378320,+3.03,+22.470, +8.395,+0.951
1693378440,+3.03,+22.470, +8.384,+0.950
1693378560,+3.03,+22.470, +8.387,+0.950
1693378680,+3.03,+22.487, +8.389,+0.951
1693378800,+3.03,+22.478, +8.395,+0.951
1693378920,+3.03,+22.478, +8.386,+0.950
1693379040,+3.03,+22.504, +8.377,+0.950
1693379160,+3.03,+22.487, +8.386,+0.951
1693379280,+3.03,+22.495, +8.383,+0.951
1693379400,+3.03,+22.495, +8.381,+0.951
1693379520,+3.03,+22.495, +8.393,+0.951
1693379640,+3.03,+22.512, +8.375,+0.950
1693379760,+3.03,+22.495, +8.392,+0.951
1693379880,+3.03,+22.512, +8.383,+0.951
1693380000,+3.03,+22.520, +8.378,+0.951
1693380120,+3.03,+22.512, +8.387,+0.951
1693380240,+3.03,+22.537, +8.383,+0.951
1693380360,+3.03,+22.537, +8.374,+0.951
1693380480,+3.03,+22.554, +8.367,+0.951
1693380600,+3.03,+22.529, +8.375,+0.951
1693380720,+3.03,+22.529, +8.376,+0.951
1693380840,+3.03,+22.529, +8.382,+0.951
1693380960,+3.03,+22.562, +8.367,+0.951
1693381080,+3.03,+22.562, +8.370,+0.951
1693381200,+3.03,+22.545, +8.372,+0.951
1693381320,+3.03,+22.570, +8.363,+0.950
1693381440,+3.03,+22.570, +8.364,+0.950
1693381560,+3.03,+22.579, +8.377,+0.951
1693381680,+3.03,+22.604, +8.365,+0.951
1693381800,+3.02,+22.596, +8.371,+0.951
1693381920,+3.02,+22.596, +8.367,+0.951
1693382040,+3.03,+22.612, +8.362,+0.951
1693382160,+3.02,+22.612, +8.364,+0.951
1693382280,+3.02,+22.629, +8.365,+0.951
1693382400,+3.02,+22.629, +8.366,+0.951
1693382520,+3.02,+22.621, +8.361,+0.951
1693382640,+3.02,+22.621, +8.365,+0.951
1693382760,+3.02,+22.637, +8.355,+0.951
1693382880,+3.02,+22.646, +8.367,+0.951
1693383000,+3.02,+22.637, +8.364,+0.951
1693383120,+3.02,+22.654, +8.362,+0.951
1693383240,+3.02,+22.663, +8.360,+0.951
1693383360,+3.02,+22.663, +8.355,+0.951
1693383480,+3.02,+22.679, +8.353,+0.951
1693383600,+3.02,+22.688, +8.345,+0.951
1693383720,+3.02,+22.679, +8.349,+0.951
1693383840,+3.02,+22.688, +8.355,+0.951
1693383960,+3.02,+22.688, +8.361,+0.952
1693384080,+3.02,+22.688, +8.348,+0.951
1693384200,+3.02,+22.696, +8.351,+0.951
1693384320,+3.02,+22.704, +8.345,+0.951
1693384440,+3.02,+22.704, +8.349,+0.951
1693384560,+3.02,+22.713, +8.353,+0.952
1693384680,+3.02,+22.713, +8.342,+0.950
1693384800,+3.02,+22.721, +8.332,+0.950
1693384920,+3.02,+22.738, +8.349,+0.951
1693385040,+3.02,+22.746, +8.343,+0.951
1693385160,+3.02,+22.755, +8.341,+0.951
1693385280,+3.02,+22.755, +8.336,+0.951
1693385400,+3.02,+22.780, +8.327,+0.951
1693385520,+3.02,+22.788, +8.334,+0.951
1693385640,+3.02,+22.788, +8.335,+0.951
1693385760,+3.02,+22.788, +8.335,+0.951
1693385880,+3.02,+22.813, +8.330,+0.951
1693386000,+3.02,+22.830, +8.328,+0.951
1693386120,+3.02,+22.830, +8.331,+0.951
1693386240,+3.02,+22.838, +8.322,+0.951
1693386360,+3.02,+22.855, +8.326,+0.951
1693386480,+3.02,+22.847, +8.317,+0.951
1693386600,+3.02,+22.863, +8.320,+0.951
1693386720,+3.02,+22.872, +8.322,+0.952
1693386840,+3.02,+22.872, +8.321,+0.951
1693386960,+3.02,+22.888, +8.318,+0.951
1693387080,+3.02,+22.888, +8.309,+0.951
1693387200,+3.02,+22.888, +8.313,+0.951
1693387320,+3.02,+22.914, +8.302,+0.951
1693387440,+3.02,+22.897, +8.305,+0.951
1693387560,+3.02,+22.897, +8.297,+0.951
1693387680,+3.02,+22.897, +8.306,+0.952
1693387800,+3.02,+22.914, +8.311,+0.952
1693387920,+3.02,+22.897, +8.311,+0.951
1693388040,+3.02,+22.888, +8.311,+0.951
1693388160,+3.02,+22.888, +8.309,+0.951
1693388280,+3.02,+22.872, +8.311,+0.951
1693388400,+3.02,+22.872, +8.312,+0.951
1693388520,+3.02,+22.872, +8.312,+0.951
1693388640,+3.02,+22.872, +8.311,+0.951
1693388760,+3.02,+22.880, +8.302,+0.951
1693388880,+3.02,+22.888, +8.308,+0.951
1693389000,+3.02,+22.880, +8.314,+0.951
1693389120,+3.02,+22.897, +8.305,+0.951
1693389240,+3.02,+22.905, +8.311,+0.951
1693389360,+3.02,+22.897, +8.315,+0.952
1693389480,+3.02,+22.914, +8.299,+0.951
1693389600,+3.02,+22.905, +8.321,+0.952
1693389720,+3.02,+22.905, +8.293,+0.950
1693389840,+3.02,+22.914, +8.302,+0.951
1693389960,+3.02,+22.922, +8.297,+0.951
1693390080,+3.02,+22.914, +8.296,+0.951
1693390200,+3.02,+22.914, +8.310,+0.952
1693390320,+3.02,+22.897, +8.307,+0.951
1693390440,+3.02,+22.914, +8.306,+0.951
1693390560,+3.02,+22.905, +8.304,+0.951
1693390680,+3.02,+22.930, +8.305,+0.951
1693390800,+3.02,+22.922, +8.307,+0.951
1693390920,+3.02,+22.930, +8.309,+0.951
1693391040,+3.02,+22.955, +8.305,+0.951
1693391160,+3.02,+22.972, +8.298,+0.951
1693391280,+3.02,+22.989, +8.290,+0.951
1693391400,+3.02,+22.989, +8.300,+0.952
1693391520,+3.02,+22.997, +8.295,+0.951
1693391640,+3.02,+22.997, +8.286,+0.951
1693391760,+3.02,+22.997, +8.285,+0.951
1693391880,+3.02,+22.989, +8.296,+0.952
1693392000,+3.02,+22.997, +8.288,+0.951
1693392120,+3.02,+22.989, +8.286,+0.951
1693392240,+3.02,+22.989, +8.295,+0.952
1693392360,+3.02,+22.989, +8.293,+0.951
1693392480,+3.02,+22.989, +8.289,+0.951
1693392600,+3.02,+23.006, +8.296,+0.951
1693392720,+3.02,+23.039, +8.288,+0.951
1693392840,+3.02,+23.047, +8.288,+0.951
1693392960,+3.02,+23.047, +8.287,+0.952
1693393080,+3.02,+23.081, +8.281,+0.952
1693393200,+3.02,+23.098, +8.269,+0.951
1693393320,+3.02,+23.089, +8.280,+0.952
1693393440,+3.02,+23.106, +8.275,+0.951
1693393560,+3.02,+23.114, +8.280,+0.952
1693393680,+3.02,+23.114, +8.278,+0.952
1693393800,+3.02,+23.131, +8.259,+0.951
1693393920,+3.02,+23.131, +8.290,+0.952
1693394040,+3.02,+23.156, +8.268,+0.951
1693394160,+3.02,+23.173, +8.269,+0.951
1693394280,+3.02,+23.190, +8.266,+0.951
1693394400,+3.02,+23.223, +8.264,+0.952
1693394520,+3.02,+23.232, +8.263,+0.952
1693394640,+3.02,+23.240, +8.262,+0.951
1693394760,+3.02,+23.265, +8.264,+0.952
1693394880,+3.02,+23.282, +8.266,+0.952
1693395000,+3.03,+23.307, +8.251,+0.952
1693395120,+3.02,+23.324, +8.254,+0.952
1693395240,+3.03,+23.366, +8.248,+0.952
1693395360,+3.03,+23.357, +8.266,+0.953
1693395480,+3.02,+23.374, +8.249,+0.952
1693395600,+3.03,+23.399, +8.238,+0.952
1693395720,+3.03,+23.391, +8.236,+0.951
1693395840,+3.02,+23.382, +8.247,+0.952
1693395960,+3.02,+23.399, +8.246,+0.952
1693396080,+3.03,+23.449, +8.244,+0.952
1693396200,+3.03,+23.449, +8.237,+0.952
1693396320,+3.02,+23.483, +8.230,+0.952
1693396440,+3.02,+23.500, +8.227,+0.952
1693396560,+3.02,+23.542, +8.221,+0.952
1693396680,+3.02,+23.567, +8.218,+0.952
1693396800,+3.02,+23.575, +8.206,+0.951
1693396920,+3.02,+23.584, +8.210,+0.952
1693397040,+3.02,+23.600, +8.220,+0.953
1693397160,+3.02,+23.617, +8.226,+0.953
1693397280,+3.02,+23.600, +8.215,+0.952
1693397400,+3.02,+23.617, +8.211,+0.952
1693397520,+3.02,+23.659, +8.199,+0.952
1693397640,+3.02,+23.667, +8.200,+0.952
1693397760,+3.02,+23.709, +8.195,+0.952
1693397880,+3.02,+23.776, +8.188,+0.952
1693398000,+3.02,+23.818, +8.191,+0.952
1693398120,+3.02,+23.885, +8.175,+0.952
1693398240,+3.02,+23.927, +8.174,+0.952
1693398360,+3.02,+23.994, +8.167,+0.953
1693398480,+3.02,+24.053, +8.149,+0.952
1693398600,+3.02,+24.087, +8.150,+0.953
1693398720,+3.02,+24.095, +8.139,+0.952
1693398840,+3.02,+24.120, +8.146,+0.953
1693398960,+3.02,+24.112, +8.149,+0.953
1693399080,+3.02,+24.112, +8.138,+0.952
1693399200,+3.02,+24.112, +8.153,+0.953
1693399320,+3.02,+24.129, +8.145,+0.953
1693399440,+3.02,+24.162, +8.133,+0.952
1693399560,+3.02,+24.171, +8.133,+0.952
1693399680,+3.02,+24.196, +8.132,+0.953
1693399800,+3.02,+24.204, +8.121,+0.952
1693399920,+3.02,+24.213, +8.124,+0.953
1693400040,+3.02,+24.187, +8.133,+0.953
1693400160,+3.02,+24.171, +8.129,+0.952
1693400280,+3.02,+24.162, +8.130,+0.952
1693400400,+3.02,+24.171, +8.125,+0.952
1693400520,+3.02,+24.187, +8.135,+0.953
1693400640,+3.02,+24.187, +8.121,+0.952
1693400760,+3.02,+24.213, +8.125,+0.952
1693400880,+3.02,+24.221, +8.133,+0.953
1693401000,+3.02,+24.263, +8.114,+0.952
1693401120,+3.02,+24.305, +8.123,+0.953
1693401240,+3.02,+24.347, +8.114,+0.953
1693401360,+3.02,+24.364, +8.115,+0.953
1693401480,+3.02,+24.414, +8.110,+0.953
1693401600,+3.02,+24.498, +8.090,+0.953
1693401720,+3.02,+24.515, +8.094,+0.953
1693401840,+3.02,+24.582, +8.089,+0.953
1693401960,+3.02,+24.683, +8.067,+0.953
1693402080,+3.02,+24.708, +8.057,+0.953
1693402200,+3.02,+24.691, +8.069,+0.953
1693402320,+3.02,+24.624, +8.071,+0.953
1693402440,+3.02,+24.582, +8.078,+0.953
1693402560,+3.02,+24.523, +8.093,+0.953
1693402680,+3.02,+24.565, +8.080,+0.952
1693402800,+3.02,+24.590, +8.088,+0.953
1693402920,+3.02,+24.666, +8.073,+0.953
1693403040,+3.02,+24.708, +8.076,+0.953
1693403160,+3.02,+24.767, +8.065,+0.953
1693403280,+3.02,+24.759, +8.064,+0.953
1693403400,+3.02,+24.775, +8.055,+0.953
1693403520,+3.02,+24.759, +8.073,+0.954
1693403640,+3.02,+24.767, +8.056,+0.953
1693403760,+3.02,+24.742, +8.076,+0.953
1693403880,+3.02,+24.817, +8.058,+0.953
1693404000,+3.02,+24.834, +8.051,+0.953
1693404120,+3.02,+24.876, +8.043,+0.953
1693404240,+3.02,+24.935, +8.044,+0.953
1693404360,+3.02,+25.045, +8.032,+0.953
1693404480,+3.02,+25.129, +8.025,+0.953
1693404600,+3.02,+25.196, +8.029,+0.954
1693404720,+3.02,+25.289, +8.005,+0.954
1693404840,+3.02,+25.272, +7.991,+0.954
1693404960,+3.02,+25.280, +7.988,+0.953
1693405080,+3.02,+25.247, +7.991,+0.953
1693405200,+3.02,+25.154, +8.010,+0.953
1693405320,+3.02,+25.120, +8.009,+0.953
1693405440,+3.02,+25.137, +8.011,+0.953
1693405560,+3.02,+25.162, +8.016,+0.953
1693405680,+3.02,+25.221, +8.012,+0.953
1693405800,+3.02,+25.272, +8.018,+0.954
1693405920,+3.02,+25.272, +8.014,+0.953
1693406040,+3.02,+25.297, +8.009,+0.953
1693406160,+3.02,+25.314, +7.994,+0.953
1693406280,+3.02,+25.314, +7.986,+0.952
1693406400,+3.02,+25.272, +7.999,+0.952
1693406520,+3.02,+25.230, +8.015,+0.952
1693406640,+3.02,+25.230, +8.013,+0.953
1693406760,+3.02,+25.247, +8.024,+0.953
1693406880,+3.02,+25.306, +8.017,+0.953
1693407000,+3.02,+25.390, +8.006,+0.953
1693407120,+3.02,+25.457, +7.987,+0.953
1693407240,+3.02,+25.533, +7.975,+0.953
1693407360,+3.02,+25.499, +7.985,+0.953
1693407480,+3.02,+25.432, +8.008,+0.953
1693407600,+3.02,+25.449, +7.990,+0.953
1693407720,+3.02,+25.415, +7.995,+0.953
1693407840,+3.02,+25.373, +8.009,+0.952
1693407960,+3.02,+25.331, +8.042,+0.953
1693408080,+3.02,+25.432, +8.006,+0.953
1693408200,+3.02,+25.601, +7.982,+0.953
1693408320,+3.02,+25.668, +7.980,+0.953
1693408440,+3.02,+25.769, +7.957,+0.953
1693408560,+3.02,+25.786, +7.957,+0.953
1693408680,+3.02,+25.854, +7.948,+0.953
1693408800,+3.02,+25.930, +7.974,+0.953
1693408920,+3.02,+26.073, +7.926,+0.953
1693409040,+3.02,+26.107, +7.928,+0.954
1693409160,+3.01,+26.192, +7.970,+0.953
1693409280,+3.01,+26.268, +7.908,+0.954
1693409400,+3.01,+26.225, +7.914,+0.953
1693409520,+3.01,+26.209, +7.913,+0.953
1693409640,+3.01,+26.361, +7.887,+0.954
1693409760,+3.01,+26.361, +7.906,+0.954
1693409880,+3.02,+26.488, +7.874,+0.953
1693410000,+3.02,+26.556, +7.894,+0.954
1693410120,+3.02,+26.683, +7.869,+0.954
1693410240,+3.02,+26.784, +7.871,+0.954
1693410360,+3.02,+26.776, +7.863,+0.954
1693410480,+3.02,+26.784, +7.853,+0.954
1693410600,+3.02,+26.725, +7.856,+0.954
1693410720,+3.02,+26.657, +7.857,+0.954
1693410840,+3.02,+26.572, +7.861,+0.953
1693410960,+3.02,+26.471, +7.871,+0.953
1693411080,+3.01,+26.352, +7.888,+0.952
1693411200,+3.01,+26.319, +7.887,+0.953
1693411320,+3.01,+26.293, +7.891,+0.953
1693411440,+3.01,+26.293, +7.910,+0.953
1693411560,+3.01,+26.251, +7.906,+0.953
1693411680,+3.01,+26.293, +7.908,+0.953
1693411800,+3.01,+26.420, +7.914,+0.953
1693411920,+3.02,+26.564, +7.893,+0.954
1693412040,+3.02,+26.742, +7.866,+0.954
1693412160,+3.02,+26.962, +7.852,+0.954
1693412280,+3.01,+27.200, +7.805,+0.955
1693412400,+3.01,+27.472, +7.782,+0.955
1693412520,+3.02,+27.856, +7.764,+0.955
1693412640,+3.01,+28.265, +7.711,+0.956
1693412760,+3.02,+28.890, +7.634,+0.956
1693412880,+3.01,+29.311, +7.826,+0.958
1693413000,+3.01,+30.062, +7.466,+0.956
1693413120,+3.01,+29.613, +7.550,+0.956
1693413240,+3.01,+30.191, +7.647,+0.958
1693413360,+3.01,+31.085, +7.591,+0.959
1693413480,+3.01,+32.345, +7.452,+0.959
1693413600,+3.00,+33.820, +7.358,+0.957
1693413720,+3.00,+35.160, +7.125,+0.954
1693413840,+3.00,+36.441, +6.953,+0.949
1693413960,+3.00,+36.477, +7.076,+0.949
1693414080,+3.00,+36.477, +7.100,+0.949
1693414200,+3.00,+36.459, +6.974,+0.947
1693414320,+3.00,+36.468, +6.972,+0.947
1693414440,+3.00,+36.468, +6.980,+0.948
1693414560,+3.00,+36.468, +6.842,+0.946
1693414680,+3.00,+36.486, +6.769,+0.945
1693414800,+3.00,+36.378, +6.835,+0.945
1693414920,+3.00,+36.088, +6.806,+0.947
1693415040,+3.00,+35.727, +6.895,+0.948
1693415160,+3.01,+35.637, +6.868,+0.949
1693415280,+3.00,+35.142, +6.901,+0.950
1693415400,+3.01,+34.515, +7.003,+0.951
1693415520,+3.01,+34.301, +7.010,+0.952
1693415640,+3.01,+33.731, +7.147,+0.954
1693415760,+3.01,+33.271, +7.154,+0.953
1693415880,+3.00,+32.891, +7.192,+0.954
1693416000,+3.01,+32.556, +7.228,+0.955
1693416120,+3.01,+32.257, +7.309,+0.955
1693416240,+3.01,+32.011, +7.341,+0.956
1693416360,+3.01,+31.757, +7.341,+0.956
1693416480,+3.01,+31.478, +7.420,+0.956
1693416600,+3.01,+31.521, +7.379,+0.956
1693416720,+3.01,+31.548, +7.355,+0.956
1693416840,+3.01,+31.478, +7.366,+0.956
1693416960,+3.01,+31.399, +7.390,+0.957
1693417080,+3.01,+31.434, +7.426,+0.956
1693417200,+3.01,+31.382, +7.417,+0.957
1693417320,+3.01,+31.469, +7.451,+0.956
1693417440,+3.01,+31.644, +7.428,+0.957
1693417560,+3.01,+32.152, +7.364,+0.957
1693417680,+3.01,+32.538, +7.457,+0.958
1693417800,+3.00,+33.041, +7.324,+0.956
1693417920,+3.00,+34.105, +7.299,+0.957
1693418040,+3.01,+35.457, +7.085,+0.953
1693418160,+3.00,+35.952, +6.941,+0.949
1693418280,+3.00,+36.007, +6.919,+0.948
1693418400,+3.00,+35.998, +6.889,+0.949
1693418520,+3.00,+35.835, +6.846,+0.948
1693418640,+3.00,+35.268, +6.927,+0.951
1693418760,+3.01,+34.676, +6.998,+0.952
1693418880,+3.00,+34.105, +7.042,+0.953
1693419000,+3.00,+33.749, +7.092,+0.954
1693419120,+3.01,+33.377, +7.130,+0.955
1693419240,+3.00,+32.811, +7.218,+0.955
1693419360,+3.01,+32.371, +7.244,+0.955
1693419480,+3.01,+32.002, +7.319,+0.957
1693419600,+3.01,+31.810, +7.314,+0.956
1693419720,+3.01,+31.530, +7.330,+0.955
1693419840,+3.01,+31.225, +7.443,+0.956
1693419960,+3.01,+31.103, +7.401,+0.956
1693420080,+3.01,+30.911, +7.410,+0.956
1693420200,+3.01,+30.685, +7.437,+0.956
1693420320,+3.01,+30.477, +7.459,+0.956
1693420440,+3.01,+30.243, +7.493,+0.956
1693420560,+3.01,+30.183, +7.507,+0.957
1693420680,+3.01,+30.105, +7.517,+0.957
1693420800,+3.01,+30.044, +7.583,+0.957
1693420920,+3.01,+29.958, +7.565,+0.957
1693421040,+3.01,+29.828, +7.615,+0.957
1693421160,+3.01,+29.716, +7.574,+0.956
1693421280,+3.01,+29.647, +7.575,+0.957
1693421400,+3.01,+29.621, +7.593,+0.957
1693421520,+3.01,+29.639, +7.576,+0.956
1693421640,+3.01,+29.527, +7.596,+0.957
1693421760,+3.01,+29.509, +7.615,+0.957
1693421880,+3.01,+29.501, +7.598,+0.958
1693422000,+3.01,+29.432, +7.598,+0.957
1693422120,+3.01,+29.372, +7.592,+0.956
1693422240,+3.01,+29.268, +7.614,+0.957
1693422360,+3.01,+29.174, +7.606,+0.957
1693422480,+3.01,+29.105, +7.627,+0.956
1693422600,+3.02,+29.019, +7.646,+0.957
1693422720,+3.01,+28.942, +7.652,+0.957
1693422840,+3.02,+28.890, +7.647,+0.957
1693422960,+3.02,+28.856, +7.632,+0.956
1693423080,+3.02,+28.856, +7.660,+0.957
1693423200,+3.02,+28.839, +7.649,+0.957
1693423320,+3.02,+28.770, +7.678,+0.956
1693423440,+3.02,+28.753, +7.678,+0.956
1693423560,+3.02,+28.710, +7.663,+0.956
1693423680,+3.01,+28.633, +7.689,+0.956
1693423800,+3.01,+28.608, +7.665,+0.956
1693423920,+3.01,+28.616, +7.679,+0.957
1693424040,+3.01,+28.616, +7.670,+0.956
1693424160,+3.01,+28.556, +7.682,+0.956
1693424280,+3.01,+28.505, +7.697,+0.957
1693424400,+3.01,+28.496, +7.685,+0.956
1693424520,+3.01,+28.453, +7.689,+0.956
1693424640,+3.01,+28.436, +7.688,+0.956
1693424760,+3.01,+28.385, +7.720,+0.957
1693424880,+3.01,+28.342, +7.709,+0.956
1693425000,+3.01,+28.308, +7.710,+0.956
1693425120,+3.01,+28.300, +7.714,+0.957
1693425240,+3.01,+28.282, +7.723,+0.956
1693425360,+3.01,+28.240, +7.734,+0.956
1693425480,+3.01,+28.197, +7.740,+0.956
1693425600,+3.01,+28.129, +7.729,+0.956
1693425720,+3.01,+28.060, +7.753,+0.956
1693425840,+3.02,+27.975, +7.750,+0.956
1693425960,+3.02,+27.915, +7.771,+0.956
1693426080,+3.02,+27.864, +7.790,+0.956
1693426200,+3.02,+27.847, +7.781,+0.956
1693426320,+3.02,+27.813, +7.786,+0.956
1693426440,+3.02,+27.864, +7.797,+0.957
1693426560,+3.02,+27.847, +7.798,+0.957
1693426680,+3.02,+27.873, +7.786,+0.956
1693426800,+3.02,+27.856, +7.775,+0.956
1693426920,+3.02,+27.839, +7.787,+0.956
1693427040,+3.02,+27.779, +7.799,+0.956
1693427160,+3.02,+27.719, +7.804,+0.957
1693427280,+3.02,+27.694, +7.804,+0.956
1693427400,+3.02,+27.651, +7.801,+0.956
1693427520,+3.02,+27.600, +7.802,+0.955
1693427640,+3.02,+27.574, +7.810,+0.956
1693427760,+3.01,+27.540, +7.805,+0.955
1693427880,+3.01,+27.498, +7.824,+0.956
1693428000,+3.01,+27.498, +7.795,+0.955
1693428120,+3.01,+27.489, +7.802,+0.956
1693428240,+3.01,+27.523, +7.814,+0.956
1693428360,+3.02,+27.557, +7.808,+0.956
1693428480,+3.01,+27.540, +7.810,+0.956
1693428600,+3.01,+27.540, +7.798,+0.956
1693428720,+3.01,+27.515, +7.797,+0.956
1693428840,+3.01,+27.515, +7.800,+0.956
1693428960,+3.01,+27.515, +7.789,+0.955
1693429080,+3.01,+27.506, +7.793,+0.956
1693429200,+3.01,+27.430, +7.814,+0.956
1693429320,+3.01,+27.387, +7.799,+0.956
1693429440,+3.01,+27.345, +7.813,+0.956
1693429560,+3.01,+27.319, +7.813,+0.956
1693429680,+3.01,+27.302, +7.814,+0.956
1693429800,+3.01,+27.277, +7.812,+0.955
1693429920,+3.01,+27.234, +7.824,+0.955
1693430040,+3.01,+27.192, +7.833,+0.956
1693430160,+3.02,+27.124, +7.851,+0.956
1693430280,+3.02,+27.073, +7.844,+0.955
1693430400,+3.02,+27.030, +7.858,+0.955
1693430520,+3.02,+26.945, +7.870,+0.956
1693430640,+3.02,+26.869, +7.891,+0.956
1693430760,+3.02,+26.844, +7.885,+0.956
1693430880,+3.02,+26.818, +7.878,+0.955
1693431000,+3.02,+26.810, +7.878,+0.956
1693431120,+3.02,+26.742, +7.888,+0.955
1693431240,+3.02,+26.725, +7.881,+0.955
1693431360,+3.02,+26.708, +7.882,+0.955
1693431480,+3.02,+26.657, +7.891,+0.955
1693431600,+3.02,+26.615, +7.884,+0.955
1693431720,+3.02,+26.572, +7.901,+0.955
1693431840,+3.02,+26.539, +7.897,+0.955
1693431960,+3.02,+26.488, +7.910,+0.955
1693432080,+3.02,+26.454, +7.909,+0.955
1693432200,+3.01,+26.412, +7.925,+0.955
1693432320,+3.01,+26.403, +7.911,+0.955
1693432440,+3.01,+26.395, +7.914,+0.955
1693432560,+3.01,+26.378, +7.928,+0.955
1693432680,+3.01,+26.319, +7.941,+0.955
1693432800,+3.02,+26.268, +7.935,+0.954
1693432920,+3.02,+26.225, +7.950,+0.955
1693433040,+3.02,+26.209, +7.933,+0.954
1693433160,+3.02,+26.149, +7.942,+0.954
1693433280,+3.02,+26.107, +7.950,+0.954
1693433400,+3.02,+26.065, +7.964,+0.955
1693433520,+3.02,+26.006, +7.971,+0.954
1693433640,+3.02,+25.972, +7.977,+0.955
1693433760,+3.02,+25.913, +7.981,+0.954
1693433880,+3.02,+25.879, +7.979,+0.954
1693434000,+3.02,+25.837, +7.981,+0.954
1693434120,+3.02,+25.812, +7.993,+0.955
1693434240,+3.02,+25.752, +8.001,+0.954
1693434360,+3.02,+25.710, +7.999,+0.954
1693434480,+3.02,+25.660, +8.010,+0.954
1693434600,+3.02,+25.617, +8.010,+0.954
1693434720,+3.02,+25.575, +8.014,+0.954
1693434840,+3.02,+25.516, +8.030,+0.954
