7450-401396
OS REV: 1.05 Sensor Cal: 1618512290
Time (sec),  BV (Volts),  T (deg C),  DO (mg/l),  Q ()
1703298240,+2.97, +5.222,+11.631,+0.936
1703298360,+2.97, +5.222,+11.640,+0.937
1703298480,+2.97, +5.232,+11.626,+0.937
1703298600,+2.97, +5.212,+11.636,+0.937
1703298720,+2.97, +5.212,+11.640,+0.937
1703298840,+2.97, +5.212,+11.635,+0.936
1703298960,+2.97, +5.202,+11.647,+0.937
1703299080,+2.97, +5.212,+11.636,+0.936
1703299200,+2.97, +5.182,+11.643,+0.936
1703299320,+2.97, +5.162,+11.655,+0.936
1703299440,+2.97, +5.172,+11.650,+0.936
1703299560,+2.97, +5.162,+11.655,+0.936
1703299680,+2.97, +5.172,+11.650,+0.936
1703299800,+2.97, +5.132,+11.669,+0.937
1703299920,+2.96, +5.142,+11.670,+0.937
1703300040,+2.97, +5.132,+11.667,+0.937
1703300160,+2.97, +5.152,+11.663,+0.937
1703300280,+2.96, +5.142,+11.659,+0.936
1703300400,+2.96, +5.122,+11.674,+0.937
1703300520,+2.96, +5.112,+11.672,+0.936
1703300640,+2.96, +5.112,+11.675,+0.937
1703300760,+2.96, +5.112,+11.675,+0.937
1703300880,+2.96, +5.092,+11.687,+0.937
1703301000,+2.96, +5.102,+11.674,+0.937
1703301120,+2.96, +5.092,+11.681,+0.937
1703301240,+2.96, +5.072,+11.690,+0.937
1703301360,+2.96, +5.062,+11.691,+0.936
1703301480,+2.96, +5.072,+11.689,+0.937
1703301600,+2.96, +5.072,+11.685,+0.937
1703301720,+2.96, +5.042,+11.707,+0.937
1703301840,+2.96, +5.062,+11.688,+0.936
1703301960,+2.96, +5.022,+11.704,+0.936
1703302080,+2.96, +5.032,+11.706,+0.937
1703302200,+2.96, +5.012,+11.701,+0.936
1703302320,+2.96, +5.012,+11.711,+0.937
1703302440,+2.96, +5.012,+11.699,+0.936
1703302560,+2.96, +5.012,+11.701,+0.936
1703302680,+2.96, +4.992,+11.715,+0.936
1703302800,+2.97, +4.962,+11.724,+0.936
1703302920,+2.97, +5.002,+11.704,+0.936
1703303040,+2.97, +4.972,+11.718,+0.936
1703303160,+2.96, +4.972,+11.714,+0.937
1703303280,+2.97, +4.962,+11.725,+0.937
1703303400,+2.97, +4.932,+11.729,+0.936
1703303520,+2.97, +4.952,+11.726,+0.937
1703303640,+2.96, +4.932,+11.738,+0.937
1703303760,+2.97, +4.912,+11.741,+0.936
1703303880,+2.97, +4.902,+11.738,+0.936
1703304000,+2.97, +4.912,+11.740,+0.936
1703304120,+2.97, +4.892,+11.741,+0.936
1703304240,+2.97, +4.902,+11.743,+0.937
1703304360,+2.97, +4.872,+11.754,+0.937
1703304480,+2.97, +4.872,+11.753,+0.936
1703304600,+2.97, +4.862,+11.753,+0.936
1703304720,+2.97, +4.852,+11.755,+0.936
1703304840,+2.97, +4.842,+11.774,+0.937
1703304960,+2.97, +4.842,+11.756,+0.936
1703305080,+2.97, +4.832,+11.766,+0.936
1703305200,+2.97, +4.802,+11.779,+0.937
1703305320,+2.97, +4.802,+11.781,+0.937
1703305440,+2.97, +4.802,+11.777,+0.937
1703305560,+2.97, +4.782,+11.776,+0.936
1703305680,+2.97, +4.772,+11.783,+0.936
1703305800,+2.97, +4.792,+11.770,+0.936
1703305920,+2.97, +4.762,+11.789,+0.936
1703306040,+2.97, +4.742,+11.791,+0.937
1703306160,+2.97, +4.722,+11.802,+0.936
1703306280,+2.97, +4.702,+11.810,+0.936
1703306400,+2.97, +4.722,+11.786,+0.936
1703306520,+2.97, +4.702,+11.793,+0.936
1703306640,+2.97, +4.692,+11.811,+0.936
1703306760,+2.97, +4.672,+11.809,+0.936
1703306880,+2.97, +4.661,+11.814,+0.936
1703307000,+2.97, +4.682,+11.813,+0.937
1703307120,+2.97, +4.672,+11.809,+0.936
1703307240,+2.97, +4.651,+11.810,+0.936
1703307360,+2.97, +4.611,+11.837,+0.936
1703307480,+2.97, +4.611,+11.828,+0.936
1703307600,+2.97, +4.621,+11.819,+0.936
1703307720,+2.97, +4.581,+11.852,+0.937
1703307840,+2.97, +4.581,+11.844,+0.936
1703307960,+2.97, +4.571,+11.840,+0.936
1703308080,+2.97, +4.551,+11.853,+0.936
1703308200,+2.97, +4.551,+11.855,+0.936
1703308320,+2.97, +4.551,+11.848,+0.936
1703308440,+2.97, +4.510,+11.868,+0.936
1703308560,+2.97, +4.520,+11.861,+0.936
1703308680,+2.97, +4.510,+11.864,+0.936
1703308800,+2.97, +4.480,+11.881,+0.936
1703308920,+2.97, +4.480,+11.867,+0.936
1703309040,+2.97, +4.490,+11.864,+0.936
1703309160,+2.97, +4.460,+11.872,+0.936
1703309280,+2.97, +4.460,+11.874,+0.936
1703309400,+2.97, +4.460,+11.872,+0.936
1703309520,+2.97, +4.440,+11.872,+0.936
1703309640,+2.97, +4.450,+11.867,+0.936
1703309760,+2.97, +4.419,+11.886,+0.936
1703309880,+2.97, +4.399,+11.903,+0.937
1703310000,+2.97, +4.409,+11.889,+0.936
1703310120,+2.97, +4.409,+11.883,+0.936
1703310240,+2.97, +4.389,+11.897,+0.936
1703310360,+2.97, +4.389,+11.895,+0.936
1703310480,+2.97, +4.379,+11.902,+0.936
1703310600,+2.97, +4.349,+11.915,+0.937
1703310720,+2.97, +4.359,+11.897,+0.936
1703310840,+2.97, +4.328,+11.912,+0.936
1703310960,+2.97, +4.359,+11.895,+0.936
1703311080,+2.97, +4.349,+11.896,+0.936
1703311200,+2.97, +4.339,+11.909,+0.936
1703311320,+2.97, +4.318,+11.918,+0.936
1703311440,+2.97, +4.318,+11.905,+0.936
1703311560,+2.97, +4.298,+11.913,+0.936
1703311680,+2.97, +4.308,+11.903,+0.936
1703311800,+2.97, +4.288,+11.924,+0.936
1703311920,+2.97, +4.278,+11.931,+0.936
1703312040,+2.97, +4.278,+11.931,+0.936
1703312160,+2.97, +4.268,+11.929,+0.936
1703312280,+2.97, +4.258,+11.922,+0.936
1703312400,+2.97, +4.258,+11.924,+0.936
1703312520,+2.97, +4.258,+11.924,+0.936
1703312640,+2.97, +4.237,+11.951,+0.937
1703312760,+2.97, +4.237,+11.926,+0.936
1703312880,+2.97, +4.227,+11.941,+0.936
1703313000,+2.97, +4.227,+11.937,+0.936
1703313120,+2.97, +4.197,+11.945,+0.936
1703313240,+2.97, +4.217,+11.942,+0.936
1703313360,+2.97, +4.197,+11.954,+0.936
1703313480,+2.97, +4.186,+11.952,+0.936
1703313600,+2.97, +4.166,+11.969,+0.937
1703313720,+2.97, +4.186,+11.950,+0.936
1703313840,+2.97, +4.156,+11.971,+0.936
1703313960,+2.97, +4.166,+11.954,+0.936
1703314080,+2.97, +4.146,+11.970,+0.936
1703314200,+2.97, +4.136,+11.968,+0.936
1703314320,+2.97, +4.115,+11.975,+0.936
1703314440,+2.97, +4.136,+11.958,+0.936
1703314560,+2.97, +4.136,+11.969,+0.936
1703314680,+2.97, +4.136,+11.965,+0.936
1703314800,+2.97, +4.085,+11.990,+0.936
1703314920,+2.97, +4.105,+11.982,+0.936
1703315040,+2.97, +4.085,+11.991,+0.936
1703315160,+2.97, +4.095,+11.980,+0.936
1703315280,+2.97, +4.085,+11.982,+0.936
1703315400,+2.97, +4.075,+11.992,+0.936
1703315520,+2.97, +4.075,+11.990,+0.936
1703315640,+2.97, +4.064,+11.993,+0.936
1703315760,+2.97, +4.054,+11.990,+0.936
1703315880,+2.97, +4.064,+11.991,+0.936
1703316000,+2.97, +4.044,+12.002,+0.936
1703316120,+2.97, +4.024,+12.003,+0.936
1703316240,+2.97, +4.044,+11.985,+0.936
1703316360,+2.97, +4.024,+12.004,+0.936
1703316480,+2.97, +4.014,+12.006,+0.936
1703316600,+2.97, +4.014,+12.008,+0.936
1703316720,+2.97, +4.014,+11.998,+0.936
1703316840,+2.97, +4.003,+12.000,+0.936
1703316960,+2.97, +3.993,+12.005,+0.936
1703317080,+2.97, +4.003,+12.005,+0.936
1703317200,+2.97, +3.993,+12.008,+0.936
1703317320,+2.97, +3.993,+12.020,+0.936
1703317440,+2.97, +3.963,+12.024,+0.936
1703317560,+2.97, +3.952,+12.023,+0.936
1703317680,+2.97, +3.963,+12.026,+0.936
1703317800,+2.97, +3.942,+12.034,+0.936
1703317920,+2.97, +3.952,+12.034,+0.937
1703318040,+2.97, +3.932,+12.024,+0.936
1703318160,+2.97, +3.942,+12.026,+0.936
1703318280,+2.97, +3.932,+12.048,+0.937
1703318400,+2.97, +3.942,+12.022,+0.936
1703318520,+2.97, +3.912,+12.042,+0.936
1703318640,+2.97, +3.922,+12.031,+0.936
1703318760,+2.97, +3.912,+12.040,+0.936
1703318880,+2.97, +3.912,+12.033,+0.936
1703319000,+2.97, +3.901,+12.045,+0.936
1703319120,+2.97, +3.881,+12.048,+0.936
1703319240,+2.97, +3.881,+12.048,+0.936
1703319360,+2.97, +3.881,+12.054,+0.936
1703319480,+2.97, +3.850,+12.067,+0.936
1703319600,+2.97, +3.860,+12.047,+0.936
1703319720,+2.97, +3.881,+12.040,+0.936
1703319840,+2.97, +3.871,+12.049,+0.936
1703319960,+2.97, +3.850,+12.054,+0.936
1703320080,+2.97, +3.860,+12.050,+0.936
1703320200,+2.97, +3.850,+12.055,+0.936
1703320320,+2.97, +3.850,+12.049,+0.936
1703320440,+2.97, +3.830,+12.054,+0.936
1703320560,+2.97, +3.820,+12.063,+0.936
1703320680,+2.97, +3.830,+12.058,+0.936
1703320800,+2.97, +3.830,+12.069,+0.937
1703320920,+2.97, +3.799,+12.064,+0.936
1703321040,+2.97, +3.789,+12.077,+0.936
1703321160,+2.97, +3.789,+12.069,+0.936
1703321280,+2.97, +3.789,+12.071,+0.936
1703321400,+2.97, +3.779,+12.076,+0.936
1703321520,+2.97, +3.758,+12.084,+0.936
1703321640,+2.97, +3.758,+12.088,+0.936
1703321760,+2.97, +3.758,+12.090,+0.937
1703321880,+2.97, +3.748,+12.071,+0.936
1703322000,+2.97, +3.748,+12.082,+0.936
1703322120,+2.97, +3.738,+12.078,+0.936
1703322240,+2.97, +3.738,+12.091,+0.936
1703322360,+2.97, +3.727,+12.083,+0.936
1703322480,+2.97, +3.748,+12.078,+0.936
1703322600,+2.97, +3.727,+12.079,+0.936
1703322720,+2.97, +3.717,+12.094,+0.936
1703322840,+2.97, +3.707,+12.093,+0.936
1703322960,+2.97, +3.707,+12.097,+0.936
1703323080,+2.97, +3.717,+12.090,+0.936
1703323200,+2.97, +3.697,+12.104,+0.936
1703323320,+2.97, +3.686,+12.111,+0.936
1703323440,+2.97, +3.697,+12.088,+0.936
1703323560,+2.97, +3.686,+12.094,+0.936
1703323680,+2.97, +3.676,+12.105,+0.936
1703323800,+2.97, +3.656,+12.113,+0.936
1703323920,+2.97, +3.645,+12.113,+0.936
1703324040,+2.97, +3.645,+12.115,+0.936
1703324160,+2.97, +3.656,+12.092,+0.935
1703324280,+2.97, +3.656,+12.100,+0.936
1703324400,+2.97, +3.625,+12.126,+0.936
1703324520,+2.97, +3.615,+12.129,+0.936
1703324640,+2.97, +3.635,+12.120,+0.936
1703324760,+2.97, +3.615,+12.124,+0.936
1703324880,+2.97, +3.615,+12.130,+0.936
1703325000,+2.97, +3.615,+12.126,+0.936
1703325120,+2.97, +3.594,+12.126,+0.936
1703325240,+2.97, +3.594,+12.132,+0.936
1703325360,+2.97, +3.604,+12.131,+0.936
1703325480,+2.97, +3.594,+12.120,+0.936
1703325600,+2.97, +3.584,+12.129,+0.936
1703325720,+2.97, +3.594,+12.122,+0.936
1703325840,+2.97, +3.573,+12.142,+0.936
1703325960,+2.97, +3.563,+12.143,+0.936
1703326080,+2.97, +3.543,+12.155,+0.936
1703326200,+2.97, +3.553,+12.148,+0.936
1703326320,+2.97, +3.553,+12.143,+0.936
1703326440,+2.97, +3.543,+12.144,+0.936
1703326560,+2.97, +3.522,+12.155,+0.936
1703326680,+2.97, +3.543,+12.144,+0.936
1703326800,+2.97, +3.532,+12.153,+0.936
1703326920,+2.97, +3.543,+12.138,+0.936
1703327040,+2.97, +3.522,+12.160,+0.936
1703327160,+2.97, +3.532,+12.150,+0.936
1703327280,+2.97, +3.522,+12.152,+0.936
1703327400,+2.97, +3.532,+12.153,+0.936
1703327520,+2.97, +3.522,+12.160,+0.936
1703327640,+2.97, +3.522,+12.153,+0.936
1703327760,+2.97, +3.522,+12.149,+0.936
1703327880,+2.97, +3.512,+12.160,+0.936
1703328000,+2.97, +3.543,+12.148,+0.936
1703328120,+2.97, +3.512,+12.149,+0.936
1703328240,+2.97, +3.491,+12.161,+0.936
1703328360,+2.97, +3.481,+12.165,+0.936
1703328480,+2.97, +3.501,+12.159,+0.936
1703328600,+2.97, +3.481,+12.174,+0.936
1703328720,+2.97, +3.501,+12.150,+0.936
1703328840,+2.97, +3.460,+12.182,+0.936
1703328960,+2.97, +3.481,+12.151,+0.935
1703329080,+2.97, +3.450,+12.186,+0.936
1703329200,+2.97, +3.450,+12.173,+0.936
1703329320,+2.97, +3.450,+12.189,+0.936
1703329440,+2.97, +3.440,+12.184,+0.936
1703329560,+2.97, +3.429,+12.189,+0.936
1703329680,+2.97, +3.440,+12.176,+0.936
1703329800,+2.97, +3.429,+12.181,+0.936
1703329920,+2.97, +3.429,+12.189,+0.936
1703330040,+2.97, +3.419,+12.188,+0.936
1703330160,+2.97, +3.419,+12.196,+0.936
1703330280,+2.97, +3.398,+12.197,+0.936
1703330400,+2.97, +3.398,+12.197,+0.936
1703330520,+2.97, +3.398,+12.197,+0.936
1703330640,+2.97, +3.378,+12.201,+0.935
1703330760,+2.97, +3.357,+12.215,+0.936
1703330880,+2.97, +3.378,+12.202,+0.936
1703331000,+2.97, +3.357,+12.216,+0.936
1703331120,+2.97, +3.357,+12.207,+0.936
1703331240,+2.97, +3.367,+12.205,+0.936
1703331360,+2.97, +3.347,+12.214,+0.936
1703331480,+2.97, +3.326,+12.220,+0.935
1703331600,+2.97, +3.347,+12.218,+0.936
1703331720,+2.97, +3.326,+12.219,+0.936
1703331840,+2.97, +3.316,+12.227,+0.936
1703331960,+2.97, +3.316,+12.232,+0.936
1703332080,+2.97, +3.305,+12.224,+0.936
1703332200,+2.97, +3.285,+12.251,+0.936
1703332320,+2.97, +3.285,+12.234,+0.936
1703332440,+2.97, +3.295,+12.243,+0.936
1703332560,+2.97, +3.274,+12.246,+0.936
1703332680,+2.97, +3.254,+12.248,+0.936
1703332800,+2.97, +3.264,+12.243,+0.936
1703332920,+2.97, +3.243,+12.239,+0.935
1703333040,+2.97, +3.233,+12.261,+0.936
1703333160,+2.97, +3.243,+12.257,+0.936
1703333280,+2.97, +3.233,+12.244,+0.936
1703333400,+2.97, +3.212,+12.253,+0.936
1703333520,+2.97, +3.212,+12.262,+0.936
1703333640,+2.97, +3.192,+12.275,+0.936
1703333760,+2.97, +3.192,+12.256,+0.935
1703333880,+2.97, +3.171,+12.276,+0.936
1703334000,+2.97, +3.171,+12.270,+0.936
1703334120,+2.97, +3.160,+12.289,+0.936
1703334240,+2.97, +3.160,+12.279,+0.936
1703334360,+2.97, +3.160,+12.281,+0.936
1703334480,+2.97, +3.140,+12.290,+0.936
1703334600,+2.97, +3.150,+12.281,+0.936
1703334720,+2.97, +3.160,+12.274,+0.936
1703334840,+2.97, +3.129,+12.294,+0.936
1703334960,+2.97, +3.129,+12.288,+0.936
1703335080,+2.97, +3.119,+12.286,+0.935
1703335200,+2.97, +3.129,+12.301,+0.936
1703335320,+2.97, +3.119,+12.286,+0.935
1703335440,+2.97, +3.119,+12.280,+0.935
1703335560,+2.97, +3.119,+12.287,+0.936
1703335680,+2.97, +3.119,+12.292,+0.936
1703335800,+2.97, +3.067,+12.322,+0.936
1703335920,+2.97, +3.088,+12.305,+0.936
1703336040,+2.97, +3.067,+12.304,+0.936
1703336160,+2.97, +3.067,+12.312,+0.936
1703336280,+2.97, +3.077,+12.295,+0.936
1703336400,+2.97, +3.046,+12.311,+0.936
1703336520,+2.97, +3.067,+12.304,+0.936
1703336640,+2.97, +3.046,+12.316,+0.936
1703336760,+2.97, +3.005,+12.335,+0.936
1703336880,+2.97, +3.015,+12.322,+0.936
1703337000,+2.97, +3.015,+12.320,+0.936
1703337120,+2.97, +3.015,+12.324,+0.936
1703337240,+2.97, +3.005,+12.324,+0.936
1703337360,+2.97, +3.015,+12.327,+0.936
1703337480,+2.97, +3.015,+12.331,+0.936
1703337600,+2.97, +3.005,+12.316,+0.935
1703337720,+2.97, +3.005,+12.329,+0.936
1703337840,+2.97, +2.973,+12.351,+0.936
1703337960,+2.97, +2.984,+12.338,+0.936
1703338080,+2.97, +2.994,+12.333,+0.936
1703338200,+2.97, +2.994,+12.321,+0.936
1703338320,+2.97, +2.984,+12.327,+0.935
1703338440,+2.97, +2.984,+12.338,+0.936
1703338560,+2.97, +2.984,+12.331,+0.935
1703338680,+2.97, +2.963,+12.342,+0.936
1703338800,+2.97, +2.973,+12.343,+0.936
1703338920,+2.97, +2.963,+12.332,+0.935
1703339040,+2.97, +2.963,+12.337,+0.936
1703339160,+2.97, +2.963,+12.337,+0.936
1703339280,+2.97, +2.963,+12.337,+0.936
1703339400,+2.97, +2.953,+12.348,+0.936
1703339520,+2.97, +2.953,+12.346,+0.936
1703339640,+2.97, +2.953,+12.341,+0.936
1703339760,+2.97, +2.942,+12.350,+0.936
1703339880,+2.97, +2.932,+12.346,+0.935
1703340000,+2.97, +2.963,+12.335,+0.936
1703340120,+2.97, +2.973,+12.339,+0.936
1703340240,+2.97, +2.953,+12.350,+0.936
1703340360,+2.97, +2.963,+12.335,+0.936
1703340480,+2.97, +2.942,+12.354,+0.936
1703340600,+2.97, +2.963,+12.345,+0.936
1703340720,+2.97, +2.953,+12.344,+0.936
1703340840,+2.97, +2.953,+12.331,+0.935
1703340960,+2.97, +2.953,+12.333,+0.935
1703341080,+2.97, +2.963,+12.335,+0.936
1703341200,+2.97, +2.953,+12.340,+0.936
1703341320,+2.97, +2.973,+12.339,+0.936
1703341440,+2.97, +2.953,+12.339,+0.936
1703341560,+2.97, +2.994,+12.328,+0.936
1703341680,+2.97, +2.963,+12.333,+0.936
1703341800,+2.97, +2.994,+12.329,+0.936
1703341920,+2.97, +2.984,+12.326,+0.936
1703342040,+2.97, +2.994,+12.336,+0.936
1703342160,+2.97, +2.984,+12.336,+0.936
1703342280,+2.97, +2.984,+12.335,+0.936
1703342400,+2.97, +3.005,+12.321,+0.936
1703342520,+2.97, +2.994,+12.325,+0.935
1703342640,+2.97, +3.005,+12.323,+0.936
1703342760,+2.97, +3.005,+12.321,+0.936
1703342880,+2.97, +3.015,+12.322,+0.936
1703343000,+2.97, +3.025,+12.307,+0.935
1703343120,+2.97, +3.046,+12.297,+0.936
1703343240,+2.97, +3.046,+12.318,+0.936
1703343360,+2.97, +3.046,+12.294,+0.935
1703343480,+2.97, +3.077,+12.292,+0.936
1703343600,+2.97, +3.036,+12.312,+0.936
1703343720,+2.97, +3.057,+12.307,+0.936
1703343840,+2.97, +3.067,+12.302,+0.936
1703343960,+2.97, +3.046,+12.317,+0.936
1703344080,+2.97, +3.077,+12.297,+0.936
1703344200,+2.97, +3.077,+12.291,+0.936
1703344320,+2.97, +3.077,+12.293,+0.936
1703344440,+2.97, +3.088,+12.284,+0.936
1703344560,+2.97, +3.098,+12.277,+0.935
1703344680,+2.97, +3.098,+12.293,+0.936
1703344800,+2.97, +3.109,+12.289,+0.936
1703344920,+2.97, +3.129,+12.269,+0.936
1703345040,+2.97, +3.119,+12.283,+0.936
1703345160,+2.97, +3.119,+12.277,+0.936
1703345280,+2.97, +3.140,+12.270,+0.936
1703345400,+2.97, +3.140,+12.282,+0.936
1703345520,+2.97, +3.140,+12.278,+0.936
1703345640,+2.97, +3.160,+12.260,+0.935
1703345760,+2.97, +3.160,+12.263,+0.936
1703345880,+2.97, +3.181,+12.251,+0.935
1703346000,+2.97, +3.202,+12.242,+0.936
1703346120,+2.97, +3.192,+12.255,+0.936
1703346240,+2.97, +3.181,+12.258,+0.936
1703346360,+2.97, +3.192,+12.262,+0.936
1703346480,+2.97, +3.192,+12.259,+0.936
1703346600,+2.97, +3.233,+12.237,+0.936
1703346720,+2.97, +3.223,+12.250,+0.936
1703346840,+2.97, +3.243,+12.239,+0.936
1703346960,+2.97, +3.233,+12.233,+0.936
1703347080,+2.97, +3.254,+12.224,+0.936
1703347200,+2.97, +3.254,+12.224,+0.936
1703347320,+2.97, +3.254,+12.226,+0.936
1703347440,+2.97, +3.264,+12.223,+0.936
1703347560,+2.97, +3.254,+12.230,+0.936
1703347680,+2.97, +3.274,+12.225,+0.936
1703347800,+2.97, +3.274,+12.217,+0.936
1703347920,+2.97, +3.285,+12.210,+0.936
1703348040,+2.97, +3.295,+12.211,+0.936
1703348160,+2.97, +3.274,+12.221,+0.936
1703348280,+2.97, +3.295,+12.201,+0.935
1703348400,+2.97, +3.295,+12.207,+0.936
1703348520,+2.97, +3.295,+12.210,+0.936
1703348640,+2.97, +3.316,+12.202,+0.936
1703348760,+2.97, +3.316,+12.192,+0.936
1703348880,+2.97, +3.316,+12.209,+0.936
1703349000,+2.97, +3.336,+12.187,+0.936
1703349120,+2.97, +3.336,+12.196,+0.936
1703349240,+2.97, +3.357,+12.180,+0.936
1703349360,+2.97, +3.367,+12.179,+0.936
1703349480,+2.97, +3.347,+12.174,+0.935
1703349600,+2.97, +3.388,+12.168,+0.936
1703349720,+2.97, +3.378,+12.165,+0.936
1703349840,+2.97, +3.388,+12.170,+0.936
1703349960,+2.97, +3.398,+12.170,+0.936
1703350080,+2.97, +3.409,+12.163,+0.936
1703350200,+2.97, +3.409,+12.165,+0.936
1703350320,+2.97, +3.419,+12.159,+0.936
1703350440,+2.97, +3.419,+12.165,+0.936
1703350560,+2.97, +3.429,+12.156,+0.936
1703350680,+2.97, +3.450,+12.151,+0.936
1703350800,+2.97, +3.429,+12.152,+0.936
1703350920,+2.97, +3.450,+12.150,+0.936
1703351040,+2.97, +3.471,+12.131,+0.936
1703351160,+2.97, +3.491,+12.126,+0.936
1703351280,+2.97, +3.481,+12.131,+0.936
1703351400,+2.97, +3.501,+12.121,+0.936
1703351520,+2.97, +3.522,+12.119,+0.936
1703351640,+2.97, +3.532,+12.107,+0.936
1703351760,+2.97, +3.532,+12.112,+0.936
1703351880,+2.97, +3.543,+12.097,+0.936
1703352000,+2.97, +3.543,+12.107,+0.936
1703352120,+2.97, +3.563,+12.089,+0.936
1703352240,+2.97, +3.584,+12.092,+0.936
1703352360,+2.97, +3.594,+12.082,+0.936
1703352480,+2.97, +3.594,+12.099,+0.937
1703352600,+2.97, +3.615,+12.091,+0.937
1703352720,+2.97, +3.635,+12.052,+0.935
1703352840,+2.97, +3.656,+12.070,+0.936
1703352960,+2.97, +3.686,+12.054,+0.936
1703353080,+2.97, +3.686,+12.058,+0.936
1703353200,+2.97, +3.717,+12.041,+0.936
1703353320,+2.97, +3.717,+12.039,+0.936
1703353440,+2.97, +3.748,+12.025,+0.936
1703353560,+2.97, +3.748,+12.044,+0.936
1703353680,+2.97, +3.799,+12.023,+0.937
1703353800,+2.97, +3.779,+12.035,+0.936
1703353920,+2.97, +3.840,+12.007,+0.936
1703354040,+2.97, +3.830,+12.013,+0.936
1703354160,+2.97, +3.860,+12.009,+0.936
1703354280,+2.97, +3.891,+11.990,+0.936
1703354400,+2.97, +3.901,+11.986,+0.936
1703354520,+2.97, +3.942,+11.979,+0.936
1703354640,+2.97, +3.952,+11.977,+0.936
1703354760,+2.97, +3.973,+11.979,+0.936
1703354880,+2.97, +3.993,+11.973,+0.936
1703355000,+2.97, +4.034,+11.960,+0.937
1703355120,+2.97, +4.064,+11.941,+0.936
1703355240,+2.97, +4.075,+11.949,+0.937
1703355360,+2.97, +4.095,+11.948,+0.937
1703355480,+2.97, +4.136,+11.932,+0.937
1703355600,+2.97, +4.156,+11.927,+0.937
1703355720,+2.97, +4.186,+11.922,+0.937
1703355840,+2.97, +4.197,+11.917,+0.937
1703355960,+2.97, +4.247,+11.903,+0.937
1703356080,+2.97, +4.278,+11.904,+0.937
1703356200,+2.97, +4.298,+11.881,+0.937
1703356320,+2.97, +4.308,+11.880,+0.937
1703356440,+2.97, +4.339,+11.858,+0.936
1703356560,+2.97, +4.369,+11.848,+0.936
1703356680,+2.97, +4.399,+11.856,+0.937
1703356800,+2.97, +4.419,+11.830,+0.936
1703356920,+2.97, +4.470,+11.825,+0.937
1703357040,+2.97, +4.490,+11.823,+0.937
1703357160,+2.97, +4.510,+11.822,+0.937
1703357280,+2.97, +4.541,+11.807,+0.937
1703357400,+2.97, +4.571,+11.796,+0.937
1703357520,+2.97, +4.581,+11.793,+0.936
1703357640,+2.97, +4.621,+11.783,+0.937
1703357760,+2.97, +4.651,+11.775,+0.937
1703357880,+2.97, +4.702,+11.755,+0.937
1703358000,+2.97, +4.692,+11.769,+0.937
1703358120,+2.97, +4.732,+11.757,+0.937
1703358240,+2.97, +4.772,+11.741,+0.937
1703358360,+2.97, +4.812,+11.727,+0.937
1703358480,+2.97, +4.822,+11.717,+0.936
1703358600,+2.97, +4.862,+11.716,+0.937
1703358720,+2.97, +4.872,+11.714,+0.937
1703358840,+2.96, +4.912,+11.709,+0.937
1703358960,+2.96, +4.932,+11.699,+0.937
1703359080,+2.96, +4.992,+11.672,+0.936
1703359200,+2.96, +5.012,+11.681,+0.937
1703359320,+2.96, +5.022,+11.666,+0.936
1703359440,+2.96, +5.062,+11.657,+0.937
1703359560,+2.96, +5.102,+11.636,+0.936
1703359680,+2.96, +5.122,+11.640,+0.936
1703359800,+2.96, +5.152,+11.631,+0.937
1703359920,+2.97, +5.182,+11.641,+0.937
1703360040,+2.97, +5.182,+11.627,+0.936
1703360160,+2.97, +5.222,+11.611,+0.937
1703360280,+2.97, +5.251,+11.608,+0.937
1703360400,+2.97, +5.271,+11.607,+0.937
1703360520,+2.97, +5.301,+11.596,+0.937
1703360640,+2.97, +5.331,+11.596,+0.937
1703360760,+2.97, +5.371,+11.578,+0.937
1703360880,+2.97, +5.371,+11.567,+0.937
1703361000,+2.97, +5.420,+11.543,+0.937
1703361120,+2.97, +5.450,+11.536,+0.937
1703361240,+2.97, +5.470,+11.521,+0.937
1703361360,+2.97, +5.490,+11.521,+0.937
1703361480,+2.97, +5.529,+11.501,+0.937
1703361600,+2.97, +5.539,+11.500,+0.937
1703361720,+2.97, +5.559,+11.493,+0.937
1703361840,+2.97, +5.579,+11.495,+0.937
1703361960,+2.97, +5.657,+11.453,+0.937
1703362080,+2.97, +5.657,+11.457,+0.937
1703362200,+2.97, +5.697,+11.435,+0.937
1703362320,+2.97, +5.687,+11.456,+0.937
1703362440,+2.97, +5.717,+11.438,+0.937
1703362560,+2.97, +5.736,+11.432,+0.937
1703362680,+2.97, +5.795,+11.410,+0.937
1703362800,+2.97, +5.805,+11.411,+0.937
1703362920,+2.97, +5.825,+11.405,+0.937
1703363040,+2.97, +5.825,+11.411,+0.937
1703363160,+2.97, +5.874,+11.390,+0.937
1703363280,+2.97, +5.884,+11.382,+0.937
1703363400,+2.97, +5.923,+11.374,+0.937
1703363520,+2.97, +5.943,+11.374,+0.937
1703363640,+2.96, +5.972,+11.365,+0.937
1703363760,+2.96, +6.002,+11.361,+0.938
1703363880,+2.96, +6.011,+11.351,+0.937
1703364000,+2.96, +6.051,+11.334,+0.937
1703364120,+2.96, +6.051,+11.331,+0.937
1703364240,+2.96, +6.070,+11.332,+0.937
1703364360,+2.96, +6.100,+11.314,+0.937
1703364480,+2.96, +6.158,+11.294,+0.937
1703364600,+2.96, +6.129,+11.306,+0.937
1703364720,+2.96, +6.158,+11.305,+0.937
1703364840,+2.96, +6.197,+11.289,+0.937
1703364960,+2.96, +6.207,+11.281,+0.937
1703365080,+2.96, +6.217,+11.277,+0.937
1703365200,+2.96, +6.246,+11.268,+0.937
1703365320,+2.96, +6.275,+11.276,+0.938
1703365440,+2.96, +6.266,+11.275,+0.937
1703365560,+2.96, +6.314,+11.255,+0.937
1703365680,+2.96, +6.324,+11.260,+0.937
1703365800,+2.96, +6.334,+11.264,+0.938
1703365920,+2.96, +6.353,+11.242,+0.937
1703366040,+2.96, +6.373,+11.250,+0.937
1703366160,+2.96, +6.402,+11.235,+0.937
1703366280,+2.96, +6.421,+11.224,+0.937
1703366400,+2.96, +6.431,+11.229,+0.937
1703366520,+2.96, +6.451,+11.220,+0.937
1703366640,+2.96, +6.460,+11.209,+0.937
1703366760,+2.97, +6.489,+11.202,+0.937
1703366880,+2.97, +6.509,+11.195,+0.937
1703367000,+2.97, +6.518,+11.197,+0.937
1703367120,+2.97, +6.538,+11.188,+0.937
1703367240,+2.97, +6.557,+11.193,+0.937
1703367360,+2.97, +6.567,+11.195,+0.937
1703367480,+2.97, +6.577,+11.196,+0.937
1703367600,+2.97, +6.586,+11.180,+0.937
1703367720,+2.97, +6.625,+11.161,+0.937
1703367840,+2.97, +6.635,+11.169,+0.937
1703367960,+2.97, +6.664,+11.162,+0.938
1703368080,+2.97, +6.635,+11.168,+0.937
1703368200,+2.97, +6.693,+11.159,+0.937
1703368320,+2.97, +6.683,+11.155,+0.937
1703368440,+2.97, +6.683,+11.182,+0.937
1703368560,+2.97, +6.703,+11.177,+0.937
1703368680,+2.97, +6.703,+11.192,+0.937
1703368800,+2.97, +6.712,+11.168,+0.936
1703368920,+2.97, +6.722,+11.174,+0.937
1703369040,+2.97, +6.741,+11.182,+0.937
1703369160,+2.97, +6.732,+11.188,+0.937
1703369280,+2.97, +6.761,+11.173,+0.937
1703369400,+2.97, +6.761,+11.184,+0.937
1703369520,+2.97, +6.761,+11.188,+0.937
1703369640,+2.97, +6.780,+11.158,+0.937
1703369760,+2.97, +6.761,+11.171,+0.937
1703369880,+2.97, +6.790,+11.172,+0.937
1703370000,+2.97, +6.770,+11.167,+0.937
1703370120,+2.97, +6.780,+11.168,+0.937
1703370240,+2.97, +6.780,+11.175,+0.937
1703370360,+2.97, +6.770,+11.178,+0.937
1703370480,+2.97, +6.770,+11.179,+0.937
1703370600,+2.97, +6.751,+11.193,+0.937
1703370720,+2.97, +6.761,+11.183,+0.937
1703370840,+2.97, +6.741,+11.208,+0.937
1703370960,+2.97, +6.751,+11.195,+0.937
1703371080,+2.97, +6.761,+11.183,+0.937
1703371200,+2.97, +6.741,+11.191,+0.937
1703371320,+2.97, +6.770,+11.173,+0.937
1703371440,+2.97, +6.770,+11.172,+0.937
1703371560,+2.97, +6.751,+11.195,+0.937
1703371680,+2.97, +6.790,+11.163,+0.937
1703371800,+2.97, +6.770,+11.165,+0.937
1703371920,+2.97, +6.770,+11.170,+0.937
1703372040,+2.97, +6.770,+11.178,+0.937
1703372160,+2.97, +6.761,+11.188,+0.937
1703372280,+2.97, +6.780,+11.178,+0.937
1703372400,+2.97, +6.770,+11.190,+0.938
1703372520,+2.97, +6.780,+11.180,+0.937
1703372640,+2.97, +6.790,+11.173,+0.937
1703372760,+2.97, +6.799,+11.161,+0.937
1703372880,+2.97, +6.790,+11.166,+0.937
1703373000,+2.97, +6.790,+11.167,+0.937
1703373120,+2.97, +6.780,+11.174,+0.937
1703373240,+2.97, +6.799,+11.170,+0.937
1703373360,+2.97, +6.790,+11.174,+0.937
1703373480,+2.97, +6.780,+11.183,+0.937
1703373600,+2.97, +6.809,+11.164,+0.937
1703373720,+2.97, +6.809,+11.167,+0.937
1703373840,+2.97, +6.809,+11.166,+0.937
1703373960,+2.97, +6.790,+11.183,+0.937
1703374080,+2.97, +6.799,+11.172,+0.937
1703374200,+2.97, +6.809,+11.178,+0.937
1703374320,+2.97, +6.809,+11.180,+0.937
1703374440,+2.97, +6.799,+11.181,+0.937
1703374560,+2.97, +6.809,+11.170,+0.937
1703374680,+2.97, +6.809,+11.169,+0.937
1703374800,+2.97, +6.819,+11.178,+0.937
1703374920,+2.97, +6.809,+11.167,+0.936
1703375040,+2.97, +6.828,+11.167,+0.937
1703375160,+2.97, +6.828,+11.175,+0.937
1703375280,+2.97, +6.790,+11.181,+0.937
1703375400,+2.97, +6.809,+11.174,+0.937
1703375520,+2.97, +6.809,+11.185,+0.937
1703375640,+2.97, +6.809,+11.191,+0.937
1703375760,+2.97, +6.819,+11.177,+0.937
1703375880,+2.97, +6.819,+11.177,+0.937
1703376000,+2.97, +6.819,+11.179,+0.937
1703376120,+2.97, +6.819,+11.181,+0.937
1703376240,+2.97, +6.799,+11.179,+0.937
1703376360,+2.97, +6.819,+11.174,+0.937
1703376480,+2.97, +6.809,+11.178,+0.937
1703376600,+2.97, +6.828,+11.174,+0.937
1703376720,+2.97, +6.790,+11.195,+0.937
1703376840,+2.97, +6.819,+11.181,+0.937
1703376960,+2.97, +6.809,+11.186,+0.937
1703377080,+2.97, +6.819,+11.168,+0.937
1703377200,+2.97, +6.809,+11.189,+0.937
1703377320,+2.97, +6.819,+11.187,+0.937
1703377440,+2.97, +6.799,+11.192,+0.937
1703377560,+2.97, +6.770,+11.207,+0.937
1703377680,+2.97, +6.790,+11.189,+0.937
1703377800,+2.97, +6.799,+11.187,+0.937
1703377920,+2.97, +6.799,+11.193,+0.937
1703378040,+2.97, +6.799,+11.190,+0.937
1703378160,+2.97, +6.780,+11.192,+0.937
1703378280,+2.97, +6.799,+11.182,+0.937
1703378400,+2.97, +6.799,+11.175,+0.937
1703378520,+2.97, +6.770,+11.195,+0.937
1703378640,+2.97, +6.799,+11.181,+0.937
1703378760,+2.97, +6.770,+11.205,+0.937
1703378880,+2.97, +6.799,+11.183,+0.937
1703379000,+2.97, +6.770,+11.189,+0.937
1703379120,+2.97, +6.780,+11.195,+0.937
1703379240,+2.97, +6.780,+11.204,+0.938
1703379360,+2.97, +6.780,+11.201,+0.937
1703379480,+2.97, +6.761,+11.201,+0.937
1703379600,+2.97, +6.770,+11.194,+0.937
1703379720,+2.97, +6.770,+11.196,+0.937
1703379840,+2.97, +6.770,+11.200,+0.937
1703379960,+2.97, +6.780,+11.192,+0.937
1703380080,+2.97, +6.732,+11.218,+0.937
1703380200,+2.97, +6.741,+11.193,+0.936
1703380320,+2.97, +6.761,+11.204,+0.937
1703380440,+2.97, +6.732,+11.219,+0.937
1703380560,+2.97, +6.722,+11.232,+0.938
1703380680,+2.97, +6.732,+11.214,+0.937
1703380800,+2.97, +6.732,+11.205,+0.937
1703380920,+2.97, +6.732,+11.214,+0.937
1703381040,+2.97, +6.722,+11.213,+0.937
1703381160,+2.97, +6.712,+11.235,+0.938
1703381280,+2.97, +6.732,+11.217,+0.937
1703381400,+2.97, +6.722,+11.222,+0.937
1703381520,+2.97, +6.722,+11.213,+0.937
1703381640,+2.97, +6.722,+11.218,+0.937
1703381760,+2.97, +6.722,+11.223,+0.937
1703381880,+2.97, +6.712,+11.221,+0.937
1703382000,+2.97, +6.703,+11.230,+0.937
1703382120,+2.97, +6.693,+11.229,+0.937
1703382240,+2.97, +6.693,+11.223,+0.937
1703382360,+2.97, +6.693,+11.228,+0.937
1703382480,+2.97, +6.664,+11.236,+0.937
1703382600,+2.97, +6.683,+11.232,+0.937
1703382720,+2.97, +6.703,+11.225,+0.937
1703382840,+2.97, +6.674,+11.227,+0.937
1703382960,+2.97, +6.645,+11.252,+0.937
1703383080,+2.97, +6.683,+11.223,+0.937
1703383200,+2.97, +6.664,+11.239,+0.937
1703383320,+2.97, +6.645,+11.238,+0.937
1703383440,+2.97, +6.654,+11.236,+0.937
1703383560,+2.97, +6.645,+11.230,+0.937
1703383680,+2.97, +6.645,+11.238,+0.937
1703383800,+2.97, +6.635,+11.243,+0.937
1703383920,+2.97, +6.645,+11.243,+0.937
1703384040,+2.97, +6.625,+11.244,+0.937
1703384160,+2.97, +6.625,+11.257,+0.937
1703384280,+2.97, +6.645,+11.226,+0.937
1703384400,+2.97, +6.615,+11.254,+0.937
1703384520,+2.97, +6.615,+11.243,+0.937
1703384640,+2.97, +6.625,+11.237,+0.937
