7450-401396
OS REV: 1.05 Sensor Cal: 1618512290
Time (sec),  BV (Volts),  T (deg C),  DO (mg/l),  Q ()
1688849400,+3.06,+24.532, +0.062,+0.940
1688849520,+3.06,+24.515, +0.062,+0.940
1688849640,+3.06,+24.515, +0.063,+0.940
1688849760,+3.06,+24.498, +0.062,+0.940
1688849880,+3.06,+24.515, +0.063,+0.941
1688850000,+3.06,+24.515, +0.062,+0.940
1688850120,+3.06,+24.498, +0.063,+0.941
1688850240,+3.06,+24.481, +0.063,+0.941
1688850360,+3.06,+24.473, +0.062,+0.941
1688850480,+3.06,+24.456, +0.063,+0.940
1688850600,+3.06,+24.456, +0.062,+0.940
1688850720,+3.06,+24.456, +0.063,+0.941
1688850840,+3.06,+24.448, +0.063,+0.940
1688850960,+3.06,+24.431, +0.063,+0.941
1688851080,+3.06,+24.439, +0.062,+0.941
1688851200,+3.06,+24.431, +0.062,+0.940
1688851320,+3.06,+24.422, +0.063,+0.941
1688851440,+3.06,+24.431, +0.062,+0.940
1688851560,+3.06,+24.389, +0.062,+0.940
1688851680,+3.06,+24.406, +0.062,+0.940
1688851800,+3.06,+24.422, +0.063,+0.941
1688851920,+3.06,+24.414, +0.062,+0.940
1688852040,+3.06,+24.389, +0.062,+0.940
1688852160,+3.06,+24.389, +0.062,+0.940
1688852280,+3.06,+24.372, +0.062,+0.940
1688852400,+3.06,+24.397, +0.063,+0.941
1688852520,+3.06,+24.380, +0.063,+0.940
1688852640,+3.06,+24.389, +0.062,+0.940
1688852760,+3.06,+24.372, +0.062,+0.940
1688852880,+3.06,+24.380, +0.062,+0.940
1688853000,+3.06,+24.380, +0.062,+0.940
1688853120,+3.06,+24.372, +0.062,+0.940
1688853240,+3.06,+24.397, +0.062,+0.940
1688853360,+3.06,+24.380, +0.062,+0.941
1688853480,+3.06,+24.364, +0.062,+0.940
1688853600,+3.06,+24.372, +0.062,+0.940
1688853720,+3.06,+24.397, +0.062,+0.941
1688853840,+3.06,+24.364, +0.062,+0.940
1688853960,+3.06,+24.389, +0.062,+0.940
1688854080,+3.06,+24.380, +0.062,+0.940
1688854200,+3.06,+24.389, +0.062,+0.940
1688854320,+3.06,+24.380, +0.062,+0.940
1688854440,+3.06,+24.380, +0.062,+0.940
1688854560,+3.06,+24.380, +0.062,+0.940
1688854680,+3.06,+24.372, +0.062,+0.940
1688854800,+3.06,+24.389, +0.062,+0.940
1688854920,+3.06,+24.380, +0.062,+0.940
1688855040,+3.06,+24.397, +0.062,+0.940
1688855160,+3.06,+24.380, +0.062,+0.940
1688855280,+3.06,+24.389, +0.062,+0.940
1688855400,+3.06,+24.389, +0.062,+0.940
1688855520,+3.06,+24.380, +0.062,+0.940
1688855640,+3.06,+24.389, +0.062,+0.940
1688855760,+3.06,+24.380, +0.062,+0.940
1688855880,+3.06,+24.389, +0.062,+0.940
1688856000,+3.06,+24.372, +0.062,+0.940
1688856120,+3.06,+24.380, +0.062,+0.940
1688856240,+3.06,+24.389, +0.062,+0.940
1688856360,+3.06,+24.389, +0.062,+0.940
1688856480,+3.06,+24.380, +0.062,+0.940
1688856600,+3.06,+24.397, +0.062,+0.940
1688856720,+3.06,+24.380, +0.063,+0.940
1688856840,+3.06,+24.389, +0.062,+0.940
1688856960,+3.06,+24.397, +0.063,+0.940
1688857080,+3.06,+24.406, +0.062,+0.940
1688857200,+3.06,+24.389, +0.062,+0.940
1688857320,+3.06,+24.397, +0.061,+0.940
1688857440,+3.06,+24.389, +0.063,+0.941
1688857560,+3.06,+24.389, +0.062,+0.940
1688857680,+3.06,+24.389, +0.062,+0.940
1688857800,+3.06,+24.389, +0.062,+0.940
1688857920,+3.06,+24.380, +0.062,+0.940
1688858040,+3.06,+24.397, +0.062,+0.940
1688858160,+3.06,+24.406, +0.062,+0.940
1688858280,+3.06,+24.380, +0.062,+0.940
1688858400,+3.06,+24.389, +0.063,+0.941
1688858520,+3.06,+24.397, +0.062,+0.940
1688858640,+3.06,+24.397, +0.063,+0.940
1688858760,+3.06,+24.406, +0.062,+0.940
1688858880,+3.06,+24.397, +0.062,+0.940
1688859000,+3.06,+24.406, +0.062,+0.940
1688859120,+3.06,+24.397, +0.062,+0.940
1688859240,+3.06,+24.397, +0.062,+0.940
1688859360,+3.06,+24.406, +0.062,+0.940
1688859480,+3.06,+24.397, +0.063,+0.940
1688859600,+3.06,+24.406, +0.062,+0.940
1688859720,+3.06,+24.406, +0.062,+0.940
1688859840,+3.06,+24.406, +0.062,+0.940
1688859960,+3.06,+24.406, +0.063,+0.940
1688860080,+3.06,+24.406, +0.062,+0.940
1688860200,+3.06,+24.406, +0.063,+0.940
1688860320,+3.06,+24.414, +0.062,+0.940
1688860440,+3.06,+24.406, +0.062,+0.940
1688860560,+3.06,+24.389, +0.062,+0.940
1688860680,+3.06,+24.414, +0.062,+0.940
1688860800,+3.06,+24.380, +0.062,+0.940
1688860920,+3.06,+24.406, +0.062,+0.940
1688861040,+3.06,+24.397, +0.063,+0.940
1688861160,+3.06,+24.389, +0.063,+0.941
1688861280,+3.06,+24.389, +0.062,+0.940
1688861400,+3.06,+24.397, +0.062,+0.940
1688861520,+3.06,+24.380, +0.062,+0.940
1688861640,+3.06,+24.397, +0.062,+0.940
1688861760,+3.06,+24.397, +0.062,+0.940
1688861880,+3.06,+24.406, +0.062,+0.940
1688862000,+3.06,+24.397, +0.062,+0.940
1688862120,+3.06,+24.397, +0.062,+0.940
1688862240,+3.06,+24.380, +0.063,+0.940
1688862360,+3.06,+24.389, +0.062,+0.940
1688862480,+3.06,+24.372, +0.062,+0.940
1688862600,+3.06,+24.380, +0.062,+0.940
1688862720,+3.06,+24.372, +0.062,+0.940
1688862840,+3.06,+24.380, +0.062,+0.940
1688862960,+3.06,+24.389, +0.062,+0.940
1688863080,+3.06,+24.389, +0.062,+0.940
1688863200,+3.06,+24.389, +0.062,+0.940
1688863320,+3.06,+24.389, +0.062,+0.940
1688863440,+3.06,+24.380, +0.062,+0.940
1688863560,+3.06,+24.372, +0.062,+0.940
1688863680,+3.06,+24.372, +0.062,+0.940
1688863800,+3.06,+24.355, +0.062,+0.940
1688863920,+3.06,+24.372, +0.062,+0.940
1688864040,+3.06,+24.355, +0.063,+0.940
1688864160,+3.06,+24.355, +0.062,+0.940
1688864280,+3.06,+24.355, +0.062,+0.940
1688864400,+3.06,+24.364, +0.062,+0.940
1688864520,+3.06,+24.347, +0.062,+0.940
1688864640,+3.06,+24.372, +0.062,+0.940
1688864760,+3.06,+24.355, +0.062,+0.940
1688864880,+3.06,+24.355, +0.062,+0.940
1688865000,+3.06,+24.355, +0.062,+0.940
1688865120,+3.06,+24.338, +0.062,+0.940
1688865240,+3.06,+24.338, +0.062,+0.940
1688865360,+3.06,+24.347, +0.063,+0.940
1688865480,+3.06,+24.338, +0.062,+0.940
1688865600,+3.06,+24.330, +0.062,+0.940
1688865720,+3.06,+24.330, +0.062,+0.940
1688865840,+3.06,+24.330, +0.062,+0.940
1688865960,+3.06,+24.305, +0.062,+0.940
1688866080,+3.06,+24.313, +0.063,+0.940
1688866200,+3.06,+24.305, +0.063,+0.940
1688866320,+3.06,+24.313, +0.062,+0.940
1688866440,+3.06,+24.288, +0.062,+0.940
1688866560,+3.06,+24.288, +0.062,+0.940
1688866680,+3.06,+24.288, +0.062,+0.940
1688866800,+3.06,+24.288, +0.063,+0.940
1688866920,+3.06,+24.280, +0.062,+0.940
1688867040,+3.06,+24.271, +0.062,+0.940
1688867160,+3.06,+24.280, +0.062,+0.940
1688867280,+3.06,+24.263, +0.062,+0.940
1688867400,+3.06,+24.263, +0.062,+0.940
1688867520,+3.06,+24.255, +0.062,+0.940
1688867640,+3.06,+24.263, +0.062,+0.940
1688867760,+3.06,+24.246, +0.062,+0.940
1688867880,+3.06,+24.229, +0.062,+0.940
1688868000,+3.06,+24.255, +0.062,+0.940
1688868120,+3.06,+24.213, +0.062,+0.940
1688868240,+3.06,+24.221, +0.063,+0.940
1688868360,+3.06,+24.238, +0.062,+0.940
1688868480,+3.06,+24.213, +0.062,+0.940
1688868600,+3.06,+24.204, +0.062,+0.940
1688868720,+3.06,+24.213, +0.062,+0.940
1688868840,+3.06,+24.196, +0.063,+0.940
1688868960,+3.06,+24.204, +0.062,+0.940
1688869080,+3.06,+24.196, +0.062,+0.940
1688869200,+3.06,+24.187, +0.062,+0.940
1688869320,+3.06,+24.171, +0.063,+0.940
1688869440,+3.06,+24.171, +0.062,+0.940
1688869560,+3.06,+24.171, +0.062,+0.940
1688869680,+3.06,+24.154, +0.062,+0.940
1688869800,+3.06,+24.171, +0.062,+0.940
1688869920,+3.06,+24.187, +0.062,+0.940
1688870040,+3.06,+24.145, +0.063,+0.940
1688870160,+3.06,+24.145, +0.062,+0.940
1688870280,+3.06,+24.145, +0.062,+0.940
1688870400,+3.06,+24.145, +0.062,+0.940
1688870520,+3.06,+24.145, +0.062,+0.940
1688870640,+3.06,+24.120, +0.062,+0.940
1688870760,+3.06,+24.137, +0.062,+0.940
1688870880,+3.06,+24.129, +0.062,+0.940
1688871000,+3.06,+24.120, +0.061,+0.940
1688871120,+3.06,+24.129, +0.062,+0.940
1688871240,+3.06,+24.120, +0.062,+0.940
1688871360,+3.06,+24.103, +0.062,+0.940
1688871480,+3.06,+24.112, +0.062,+0.940
1688871600,+3.06,+24.112, +0.062,+0.940
1688871720,+3.06,+24.095, +0.062,+0.940
1688871840,+3.06,+24.095, +0.062,+0.940
1688871960,+3.06,+24.112, +0.062,+0.940
1688872080,+3.06,+24.078, +0.062,+0.940
1688872200,+3.06,+24.078, +0.062,+0.940
1688872320,+3.06,+24.070, +0.062,+0.940
1688872440,+3.06,+24.062, +0.063,+0.940
1688872560,+3.06,+24.078, +0.062,+0.940
1688872680,+3.06,+24.070, +0.062,+0.940
1688872800,+3.06,+24.070, +0.062,+0.940
1688872920,+3.06,+24.062, +0.062,+0.940
1688873040,+3.06,+24.053, +0.062,+0.940
1688873160,+3.06,+24.053, +0.062,+0.940
1688873280,+3.06,+24.045, +0.063,+0.940
1688873400,+3.06,+24.028, +0.062,+0.940
1688873520,+3.06,+24.011, +0.063,+0.940
1688873640,+3.06,+24.036, +0.062,+0.940
1688873760,+3.06,+24.020, +0.063,+0.940
1688873880,+3.06,+24.020, +0.062,+0.940
1688874000,+3.06,+24.011, +0.062,+0.940
1688874120,+3.06,+24.003, +0.062,+0.940
1688874240,+3.06,+24.020, +0.062,+0.940
1688874360,+3.06,+24.003, +0.062,+0.940
1688874480,+3.06,+23.986, +0.062,+0.940
1688874600,+3.06,+23.986, +0.062,+0.940
1688874720,+3.06,+23.986, +0.062,+0.940
1688874840,+3.06,+23.994, +0.062,+0.940
1688874960,+3.06,+23.969, +0.063,+0.940
1688875080,+3.06,+23.978, +0.062,+0.940
1688875200,+3.06,+23.969, +0.062,+0.940
1688875320,+3.06,+23.978, +0.062,+0.940
1688875440,+3.06,+23.944, +0.062,+0.940
1688875560,+3.06,+23.944, +0.062,+0.940
1688875680,+3.06,+23.944, +0.062,+0.940
1688875800,+3.06,+23.936, +0.063,+0.940
1688875920,+3.06,+23.927, +0.062,+0.940
1688876040,+3.06,+23.936, +0.062,+0.940
1688876160,+3.06,+23.919, +0.063,+0.940
1688876280,+3.06,+23.927, +0.062,+0.940
1688876400,+3.06,+23.919, +0.062,+0.940
1688876520,+3.06,+23.927, +0.062,+0.940
1688876640,+3.06,+23.902, +0.062,+0.940
1688876760,+3.06,+23.911, +0.063,+0.940
1688876880,+3.06,+23.894, +0.062,+0.940
1688877000,+3.06,+23.894, +0.062,+0.940
1688877120,+3.06,+23.902, +0.062,+0.940
1688877240,+3.06,+23.885, +0.063,+0.940
1688877360,+3.06,+23.885, +0.062,+0.940
1688877480,+3.06,+23.885, +0.062,+0.940
1688877600,+3.06,+23.885, +0.063,+0.940
1688877720,+3.06,+23.860, +0.062,+0.940
1688877840,+3.06,+23.869, +0.062,+0.940
1688877960,+3.06,+23.869, +0.062,+0.940
1688878080,+3.06,+23.869, +0.062,+0.940
1688878200,+3.06,+23.835, +0.062,+0.940
1688878320,+3.06,+23.843, +0.063,+0.940
1688878440,+3.06,+23.835, +0.062,+0.940
1688878560,+3.06,+23.827, +0.062,+0.940
1688878680,+3.06,+23.835, +0.063,+0.940
1688878800,+3.06,+23.835, +0.062,+0.940
1688878920,+3.06,+23.818, +0.062,+0.940
1688879040,+3.06,+23.827, +0.062,+0.940
1688879160,+3.06,+23.827, +0.062,+0.940
1688879280,+3.06,+23.818, +0.063,+0.940
1688879400,+3.06,+23.810, +0.062,+0.940
1688879520,+3.06,+23.785, +0.063,+0.940
1688879640,+3.06,+23.785, +0.063,+0.940
1688879760,+3.06,+23.793, +0.063,+0.940
1688879880,+3.06,+23.802, +0.062,+0.940
1688880000,+3.06,+23.785, +0.063,+0.940
1688880120,+3.06,+23.776, +0.063,+0.940
1688880240,+3.06,+23.751, +0.062,+0.940
1688880360,+3.06,+23.760, +0.062,+0.940
1688880480,+3.06,+23.768, +0.062,+0.940
1688880600,+3.06,+23.760, +0.062,+0.940
1688880720,+3.06,+23.751, +0.062,+0.940
1688880840,+3.06,+23.751, +0.063,+0.940
1688880960,+3.06,+23.751, +0.062,+0.940
1688881080,+3.06,+23.734, +0.062,+0.940
1688881200,+3.06,+23.751, +0.062,+0.940
1688881320,+3.06,+23.734, +0.062,+0.940
1688881440,+3.06,+23.718, +0.063,+0.940
1688881560,+3.06,+23.718, +0.062,+0.940
1688881680,+3.06,+23.718, +0.062,+0.940
1688881800,+3.06,+23.718, +0.062,+0.940
1688881920,+3.06,+23.709, +0.062,+0.940
1688882040,+3.06,+23.709, +0.062,+0.940
1688882160,+3.06,+23.693, +0.063,+0.940
1688882280,+3.06,+23.709, +0.062,+0.940
1688882400,+3.06,+23.693, +0.062,+0.940
1688882520,+3.06,+23.684, +0.062,+0.940
1688882640,+3.06,+23.693, +0.062,+0.940
1688882760,+3.06,+23.667, +0.062,+0.940
1688882880,+3.06,+23.676, +0.063,+0.940
1688883000,+3.06,+23.659, +0.062,+0.940
1688883120,+3.06,+23.659, +0.062,+0.940
1688883240,+3.06,+23.651, +0.063,+0.940
1688883360,+3.06,+23.642, +0.062,+0.940
1688883480,+3.06,+23.634, +0.062,+0.940
1688883600,+3.06,+23.634, +0.063,+0.940
1688883720,+3.06,+23.634, +0.062,+0.940
1688883840,+3.06,+23.634, +0.062,+0.940
1688883960,+3.06,+23.625, +0.062,+0.940
1688884080,+3.06,+23.625, +0.062,+0.940
1688884200,+3.06,+23.609, +0.062,+0.940
1688884320,+3.06,+23.625, +0.062,+0.940
1688884440,+3.06,+23.609, +0.062,+0.940
1688884560,+3.06,+23.600, +0.063,+0.940
1688884680,+3.06,+23.609, +0.062,+0.940
1688884800,+3.06,+23.600, +0.062,+0.940
1688884920,+3.06,+23.592, +0.062,+0.940
1688885040,+3.06,+23.584, +0.062,+0.940
1688885160,+3.06,+23.592, +0.062,+0.940
1688885280,+3.06,+23.567, +0.062,+0.940
1688885400,+3.06,+23.575, +0.062,+0.940
1688885520,+3.06,+23.567, +0.062,+0.940
1688885640,+3.06,+23.575, +0.063,+0.940
1688885760,+3.06,+23.558, +0.062,+0.940
1688885880,+3.06,+23.542, +0.062,+0.940
1688886000,+3.06,+23.542, +0.062,+0.940
1688886120,+3.06,+23.550, +0.062,+0.940
1688886240,+3.06,+23.517, +0.062,+0.940
1688886360,+3.06,+23.558, +0.062,+0.940
1688886480,+3.06,+23.533, +0.062,+0.940
1688886600,+3.06,+23.517, +0.062,+0.940
1688886720,+3.06,+23.517, +0.062,+0.940
1688886840,+3.06,+23.500, +0.062,+0.940
1688886960,+3.06,+23.517, +0.062,+0.940
1688887080,+3.06,+23.508, +0.062,+0.940
1688887200,+3.06,+23.517, +0.062,+0.940
1688887320,+3.06,+23.475, +0.062,+0.940
1688887440,+3.06,+23.491, +0.062,+0.940
1688887560,+3.06,+23.500, +0.062,+0.940
1688887680,+3.06,+23.483, +0.062,+0.940
1688887800,+3.06,+23.475, +0.063,+0.940
1688887920,+3.06,+23.483, +0.062,+0.940
1688888040,+3.06,+23.475, +0.062,+0.940
1688888160,+3.06,+23.466, +0.062,+0.940
1688888280,+3.06,+23.458, +0.063,+0.940
1688888400,+3.06,+23.441, +0.062,+0.940
1688888520,+3.06,+23.449, +0.062,+0.940
1688888640,+3.06,+23.458, +0.062,+0.940
1688888760,+3.06,+23.458, +0.061,+0.940
1688888880,+3.06,+23.441, +0.062,+0.940
1688889000,+3.06,+23.424, +0.062,+0.940
1688889120,+3.06,+23.441, +0.062,+0.940
1688889240,+3.06,+23.433, +0.062,+0.940
1688889360,+3.06,+23.416, +0.062,+0.940
1688889480,+3.06,+23.424, +0.063,+0.940
1688889600,+3.06,+23.424, +0.062,+0.940
1688889720,+3.06,+23.433, +0.062,+0.940
1688889840,+3.06,+23.408, +0.063,+0.940
1688889960,+3.06,+23.424, +0.062,+0.940
1688890080,+3.06,+23.408, +0.062,+0.940
1688890200,+3.06,+23.416, +0.062,+0.940
1688890320,+3.06,+23.408, +0.062,+0.940
1688890440,+3.06,+23.416, +0.063,+0.940
1688890560,+3.06,+23.408, +0.062,+0.940
1688890680,+3.06,+23.399, +0.062,+0.940
1688890800,+3.06,+23.408, +0.062,+0.940
1688890920,+3.06,+23.391, +0.062,+0.940
1688891040,+3.06,+23.382, +0.063,+0.940
1688891160,+3.06,+23.374, +0.062,+0.940
1688891280,+3.06,+23.366, +0.062,+0.940
1688891400,+3.06,+23.391, +0.062,+0.940
1688891520,+3.06,+23.391, +0.062,+0.940
1688891640,+3.06,+23.374, +0.063,+0.940
1688891760,+3.06,+23.357, +0.062,+0.940
1688891880,+3.06,+23.374, +0.062,+0.940
1688892000,+3.06,+23.366, +0.063,+0.940
1688892120,+3.06,+23.374, +0.062,+0.940
1688892240,+3.06,+23.366, +0.063,+0.940
1688892360,+3.06,+23.366, +0.062,+0.940
1688892480,+3.06,+23.341, +0.062,+0.940
1688892600,+3.06,+23.357, +0.062,+0.940
1688892720,+3.06,+23.357, +0.062,+0.940
1688892840,+3.06,+23.341, +0.062,+0.940
1688892960,+3.06,+23.341, +0.063,+0.940
1688893080,+3.06,+23.349, +0.062,+0.940
1688893200,+3.06,+23.332, +0.062,+0.940
1688893320,+3.06,+23.341, +0.062,+0.940
1688893440,+3.06,+23.324, +0.063,+0.940
1688893560,+3.06,+23.332, +0.062,+0.940
1688893680,+3.06,+23.324, +0.063,+0.940
1688893800,+3.06,+23.332, +0.063,+0.940
1688893920,+3.06,+23.315, +0.062,+0.940
1688894040,+3.06,+23.315, +0.062,+0.940
1688894160,+3.06,+23.307, +0.062,+0.940
1688894280,+3.06,+23.315, +0.062,+0.940
1688894400,+3.06,+23.324, +0.063,+0.940
1688894520,+3.06,+23.307, +0.062,+0.940
1688894640,+3.06,+23.307, +0.063,+0.940
1688894760,+3.06,+23.290, +0.062,+0.940
1688894880,+3.06,+23.282, +0.063,+0.940
1688895000,+3.06,+23.307, +0.061,+0.940
1688895120,+3.06,+23.274, +0.062,+0.940
1688895240,+3.06,+23.282, +0.062,+0.940
1688895360,+3.06,+23.282, +0.063,+0.940
1688895480,+3.06,+23.265, +0.062,+0.940
1688895600,+3.06,+23.282, +0.063,+0.940
1688895720,+3.06,+23.274, +0.062,+0.940
1688895840,+3.06,+23.290, +0.062,+0.940
1688895960,+3.06,+23.282, +0.062,+0.940
1688896080,+3.06,+23.257, +0.063,+0.940
1688896200,+3.06,+23.265, +0.062,+0.940
1688896320,+3.06,+23.257, +0.062,+0.940
1688896440,+3.06,+23.265, +0.063,+0.940
1688896560,+3.06,+23.248, +0.063,+0.940
1688896680,+3.06,+23.240, +0.063,+0.940
1688896800,+3.06,+23.257, +0.062,+0.940
1688896920,+3.06,+23.240, +0.062,+0.940
1688897040,+3.06,+23.232, +0.062,+0.940
1688897160,+3.06,+23.232, +0.062,+0.940
1688897280,+3.06,+23.232, +0.062,+0.940
1688897400,+3.06,+23.232, +0.062,+0.940
1688897520,+3.06,+23.223, +0.062,+0.940
1688897640,+3.06,+23.215, +0.062,+0.940
1688897760,+3.06,+23.215, +0.062,+0.940
1688897880,+3.06,+23.215, +0.063,+0.940
1688898000,+3.06,+23.215, +0.062,+0.940
1688898120,+3.06,+23.232, +0.062,+0.939
1688898240,+3.06,+23.223, +0.062,+0.940
1688898360,+3.06,+23.207, +0.063,+0.940
1688898480,+3.06,+23.207, +0.063,+0.940
1688898600,+3.06,+23.215, +0.063,+0.940
1688898720,+3.06,+23.198, +0.062,+0.940
1688898840,+3.06,+23.207, +0.062,+0.940
1688898960,+3.06,+23.198, +0.062,+0.940
1688899080,+3.06,+23.207, +0.063,+0.940
1688899200,+3.06,+23.190, +0.062,+0.940
1688899320,+3.06,+23.190, +0.062,+0.940
1688899440,+3.06,+23.190, +0.062,+0.940
1688899560,+3.06,+23.173, +0.062,+0.940
1688899680,+3.06,+23.181, +0.062,+0.940
1688899800,+3.06,+23.173, +0.063,+0.940
1688899920,+3.06,+23.181, +0.062,+0.940
1688900040,+3.06,+23.173, +0.062,+0.940
1688900160,+3.06,+23.173, +0.062,+0.940
1688900280,+3.06,+23.173, +0.063,+0.940
1688900400,+3.06,+23.173, +0.062,+0.940
1688900520,+3.06,+23.165, +0.062,+0.940
1688900640,+3.06,+23.165, +0.063,+0.940
1688900760,+3.06,+23.165, +0.062,+0.940
1688900880,+3.06,+23.156, +0.062,+0.940
1688901000,+3.06,+23.165, +0.062,+0.940
1688901120,+3.06,+23.173, +0.063,+0.940
1688901240,+3.06,+23.148, +0.062,+0.940
1688901360,+3.06,+23.156, +0.062,+0.940
1688901480,+3.06,+23.156, +0.062,+0.940
1688901600,+3.06,+23.156, +0.062,+0.940
1688901720,+3.06,+23.148, +0.062,+0.940
1688901840,+3.06,+23.156, +0.062,+0.940
1688901960,+3.06,+23.148, +0.062,+0.939
1688902080,+3.06,+23.148, +0.062,+0.940
1688902200,+3.06,+23.140, +0.063,+0.940
1688902320,+3.06,+23.165, +0.062,+0.940
1688902440,+3.06,+23.131, +0.062,+0.939
1688902560,+3.06,+23.140, +0.062,+0.940
1688902680,+3.06,+23.140, +0.062,+0.940
1688902800,+3.06,+23.148, +0.062,+0.940
1688902920,+3.06,+23.140, +0.063,+0.939
1688903040,+3.06,+23.156, +0.062,+0.940
1688903160,+3.06,+23.140, +0.062,+0.939
1688903280,+3.06,+23.140, +0.062,+0.940
1688903400,+3.06,+23.140, +0.063,+0.940
1688903520,+3.06,+23.148, +0.063,+0.940
1688903640,+3.06,+23.131, +0.062,+0.940
1688903760,+3.06,+23.140, +0.062,+0.940
1688903880,+3.06,+23.140, +0.063,+0.940
1688904000,+3.06,+23.140, +0.062,+0.940
1688904120,+3.06,+23.131, +0.062,+0.939
1688904240,+3.06,+23.131, +0.062,+0.940
1688904360,+3.06,+23.140, +0.063,+0.940
1688904480,+3.06,+23.156, +0.062,+0.940
1688904600,+3.06,+23.156, +0.062,+0.940
1688904720,+3.06,+23.148, +0.063,+0.940
1688904840,+3.06,+23.140, +0.062,+0.940
1688904960,+3.06,+23.140, +0.062,+0.940
1688905080,+3.06,+23.156, +0.062,+0.939
1688905200,+3.06,+23.148, +0.062,+0.940
1688905320,+3.06,+23.140, +0.062,+0.940
1688905440,+3.06,+23.148, +0.062,+0.940
1688905560,+3.06,+23.148, +0.062,+0.939
1688905680,+3.06,+23.140, +0.063,+0.940
1688905800,+3.06,+23.156, +0.062,+0.939
1688905920,+3.06,+23.148, +0.062,+0.940
1688906040,+3.06,+23.140, +0.063,+0.940
1688906160,+3.06,+23.148, +0.062,+0.940
1688906280,+3.06,+23.156, +0.063,+0.940
1688906400,+3.06,+23.156, +0.063,+0.940
1688906520,+3.06,+23.140, +0.062,+0.940
1688906640,+3.06,+23.156, +0.062,+0.940
1688906760,+3.06,+23.156, +0.062,+0.940
1688906880,+3.06,+23.148, +0.062,+0.940
1688907000,+3.06,+23.148, +0.062,+0.939
1688907120,+3.06,+23.165, +0.062,+0.940
1688907240,+3.06,+23.165, +0.062,+0.940
1688907360,+3.06,+23.165, +0.063,+0.940
1688907480,+3.06,+23.156, +0.063,+0.940
1688907600,+3.06,+23.165, +0.062,+0.939
1688907720,+3.06,+23.173, +0.062,+0.940
1688907840,+3.06,+23.173, +0.062,+0.940
1688907960,+3.06,+23.173, +0.062,+0.939
1688908080,+3.06,+23.165, +0.063,+0.940
1688908200,+3.06,+23.165, +0.062,+0.940
1688908320,+3.06,+23.190, +0.062,+0.939
1688908440,+3.06,+23.165, +0.062,+0.940
1688908560,+3.06,+23.207, +0.062,+0.940
1688908680,+3.06,+23.190, +0.062,+0.939
1688908800,+3.06,+23.207, +0.062,+0.940
1688908920,+3.06,+23.215, +0.062,+0.940
1688909040,+3.06,+23.198, +0.063,+0.940
1688909160,+3.06,+23.190, +0.062,+0.940
1688909280,+3.06,+23.215, +0.063,+0.940
1688909400,+3.06,+23.198, +0.062,+0.939
1688909520,+3.06,+23.207, +0.063,+0.939
1688909640,+3.06,+23.215, +0.063,+0.940
1688909760,+3.06,+23.198, +0.063,+0.940
1688909880,+3.06,+23.232, +0.063,+0.940
1688910000,+3.06,+23.215, +0.062,+0.939
1688910120,+3.06,+23.223, +0.063,+0.940
1688910240,+3.06,+23.232, +0.063,+0.940
1688910360,+3.06,+23.232, +0.063,+0.940
1688910480,+3.06,+23.240, +0.062,+0.939
1688910600,+3.06,+23.248, +0.062,+0.940
1688910720,+3.06,+23.248, +0.063,+0.940
1688910840,+3.06,+23.257, +0.063,+0.940
1688910960,+3.06,+23.257, +0.063,+0.940
1688911080,+3.06,+23.265, +0.063,+0.940
1688911200,+3.06,+23.274, +0.063,+0.940
1688911320,+3.06,+23.290, +0.063,+0.940
1688911440,+3.06,+23.282, +0.063,+0.940
1688911560,+3.06,+23.274, +0.063,+0.939
1688911680,+3.06,+23.282, +0.063,+0.939
1688911800,+3.06,+23.315, +0.063,+0.940
1688911920,+3.06,+23.382, +0.128,+0.941
1688912040,+3.06,+23.399, +0.101,+0.940
1688912160,+3.06,+23.391, +0.079,+0.940
1688912280,+3.06,+23.433, +0.094,+0.940
1688912400,+3.06,+23.433, +0.168,+0.942
1688912520,+3.06,+23.475, +0.183,+0.943
1688912640,+3.06,+23.508, +0.187,+0.943
1688912760,+3.06,+23.600, +0.386,+0.947
1688912880,+3.06,+23.718, +0.599,+0.952
1688913000,+3.06,+23.743, +0.559,+0.951
1688913120,+3.06,+23.743, +0.417,+0.948
1688913240,+3.06,+23.793, +0.592,+0.952
1688913360,+3.06,+23.869, +0.833,+0.955
1688913480,+3.06,+23.869, +0.691,+0.953
1688913600,+3.06,+23.869, +0.537,+0.951
1688913720,+3.06,+23.852, +0.475,+0.950
1688913840,+3.06,+23.852, +0.444,+0.949
1688913960,+3.06,+23.860, +0.402,+0.948
1688914080,+3.06,+23.927, +0.486,+0.950
1688914200,+3.06,+23.969, +0.490,+0.950
1688914320,+3.06,+23.927, +0.355,+0.947
1688914440,+3.06,+23.952, +0.302,+0.946
1688914560,+3.06,+23.961, +0.283,+0.945
1688914680,+3.06,+23.961, +0.262,+0.945
1688914800,+3.06,+23.952, +0.247,+0.944
1688914920,+3.06,+23.944, +0.234,+0.944
1688915040,+3.06,+23.961, +0.219,+0.944
1688915160,+3.06,+23.944, +0.205,+0.943
1688915280,+3.06,+23.978, +0.385,+0.948
1688915400,+3.06,+24.020, +0.391,+0.948
1688915520,+3.06,+24.062, +0.518,+0.950
1688915640,+3.06,+24.078, +0.530,+0.951
1688915760,+3.06,+24.103, +0.369,+0.947
1688915880,+3.06,+24.120, +0.414,+0.948
1688916000,+3.06,+24.112, +0.322,+0.946
1688916120,+3.06,+24.179, +0.616,+0.952
1688916240,+3.06,+24.221, +0.602,+0.952
1688916360,+3.06,+24.271, +0.731,+0.954
1688916480,+3.06,+24.255, +0.625,+0.952
1688916600,+3.06,+24.263, +0.472,+0.950
1688916720,+3.06,+24.255, +0.384,+0.948
1688916840,+3.06,+24.288, +0.485,+0.950
1688916960,+3.06,+24.313, +0.555,+0.951
1688917080,+3.06,+24.330, +0.573,+0.952
1688917200,+3.06,+24.355, +0.571,+0.951
1688917320,+3.06,+24.338, +0.417,+0.948
1688917440,+3.06,+24.364, +0.463,+0.949
1688917560,+3.06,+24.364, +0.564,+0.951
1688917680,+3.06,+24.380, +0.464,+0.950
1688917800,+3.06,+24.338, +0.275,+0.945
1688917920,+3.06,+24.397, +0.428,+0.948
1688918040,+3.06,+24.406, +0.444,+0.949
1688918160,+3.06,+24.406, +0.373,+0.947
1688918280,+3.06,+24.439, +0.467,+0.949
1688918400,+3.06,+24.439, +0.450,+0.949
1688918520,+3.06,+24.439, +0.441,+0.949
1688918640,+3.06,+24.448, +0.430,+0.949
1688918760,+3.06,+24.464, +0.409,+0.948
1688918880,+3.06,+24.464, +0.387,+0.948
1688919000,+3.06,+24.473, +0.352,+0.947
1688919120,+3.06,+24.464, +0.309,+0.946
1688919240,+3.06,+24.464, +0.269,+0.945
1688919360,+3.06,+24.464, +0.229,+0.944
1688919480,+3.06,+24.473, +0.187,+0.943
1688919600,+3.06,+24.490, +0.150,+0.942
1688919720,+3.06,+24.490, +0.116,+0.941
1688919840,+3.06,+24.490, +0.094,+0.940
1688919960,+3.06,+24.490, +0.084,+0.940
1688920080,+3.06,+24.515, +0.077,+0.940
1688920200,+3.06,+24.506, +0.074,+0.940
1688920320,+3.06,+24.515, +0.070,+0.940
1688920440,+3.06,+24.515, +0.067,+0.939
1688920560,+3.06,+24.523, +0.066,+0.939
1688920680,+3.06,+24.523, +0.064,+0.939
1688920800,+3.06,+24.540, +0.064,+0.939
1688920920,+3.06,+24.548, +0.064,+0.939
1688921040,+3.06,+24.548, +0.064,+0.939
1688921160,+3.06,+24.557, +0.065,+0.939
1688921280,+3.06,+24.557, +0.065,+0.939
1688921400,+3.06,+24.557, +0.066,+0.939
1688921520,+3.06,+24.590, +0.066,+0.939
1688921640,+3.06,+24.582, +0.068,+0.940
1688921760,+3.06,+24.590, +0.073,+0.940
1688921880,+3.06,+24.599, +0.076,+0.940
1688922000,+3.06,+24.624, +0.080,+0.940
1688922120,+3.06,+24.641, +0.079,+0.940
1688922240,+3.06,+24.641, +0.081,+0.940
1688922360,+3.06,+24.658, +0.082,+0.940
1688922480,+3.06,+24.658, +0.083,+0.940
1688922600,+3.06,+24.658, +0.086,+0.940
1688922720,+3.06,+24.683, +0.094,+0.940
1688922840,+3.06,+24.691, +0.113,+0.941
1688922960,+3.06,+24.683, +0.128,+0.941
1688923080,+3.06,+24.708, +0.135,+0.942
1688923200,+3.06,+24.708, +0.137,+0.942
1688923320,+3.06,+24.717, +0.135,+0.942
1688923440,+3.06,+24.742, +0.125,+0.941
1688923560,+3.06,+24.750, +0.112,+0.941
1688923680,+3.06,+24.759, +0.104,+0.941
1688923800,+3.06,+24.759, +0.098,+0.941
1688923920,+3.06,+24.759, +0.094,+0.941
1688924040,+3.06,+24.775, +0.090,+0.940
1688924160,+3.06,+24.792, +0.091,+0.940
1688924280,+3.06,+24.809, +0.087,+0.940
1688924400,+3.06,+24.826, +0.085,+0.940
1688924520,+3.06,+24.834, +0.087,+0.940
1688924640,+3.06,+24.843, +0.094,+0.941
1688924760,+3.06,+24.859, +0.105,+0.941
1688924880,+3.06,+24.868, +0.118,+0.941
1688925000,+3.06,+24.893, +0.137,+0.942
1688925120,+3.06,+24.893, +0.157,+0.942
1688925240,+3.06,+24.910, +0.170,+0.943
1688925360,+3.06,+24.935, +0.177,+0.943
1688925480,+3.06,+24.944, +0.174,+0.943
1688925600,+3.06,+24.952, +0.167,+0.943
1688925720,+3.06,+24.952, +0.156,+0.943
1688925840,+3.06,+24.977, +0.132,+0.942
1688925960,+3.06,+24.986, +0.111,+0.941
1688926080,+3.06,+24.986, +0.096,+0.941
1688926200,+3.06,+25.019, +0.083,+0.940
1688926320,+3.06,+25.045, +0.076,+0.940
1688926440,+3.06,+25.061, +0.072,+0.940
1688926560,+3.06,+25.070, +0.074,+0.940
1688926680,+3.06,+25.078, +0.077,+0.940
1688926800,+3.06,+25.120, +0.079,+0.940
1688926920,+3.06,+25.120, +0.088,+0.940
1688927040,+3.05,+25.146, +0.104,+0.941
1688927160,+3.05,+25.162, +0.110,+0.941
1688927280,+3.05,+25.179, +0.113,+0.941
1688927400,+3.05,+25.205, +0.123,+0.941
1688927520,+3.05,+25.238, +0.135,+0.942
1688927640,+3.05,+25.280, +0.149,+0.942
1688927760,+3.05,+25.306, +0.155,+0.943
1688927880,+3.05,+25.314, +0.158,+0.943
1688928000,+3.05,+25.322, +0.146,+0.942
1688928120,+3.05,+25.339, +0.129,+0.942
1688928240,+3.06,+25.365, +0.113,+0.941
1688928360,+3.06,+25.381, +0.110,+0.941
1688928480,+3.06,+25.390, +0.109,+0.941
1688928600,+3.06,+25.415, +0.105,+0.941
1688928720,+3.06,+25.407, +0.105,+0.941
1688928840,+3.06,+25.415, +0.106,+0.941
1688928960,+3.06,+25.466, +0.112,+0.941
1688929080,+3.06,+25.449, +0.116,+0.941
1688929200,+3.06,+25.499, +0.126,+0.942
1688929320,+3.06,+25.499, +0.135,+0.942
1688929440,+3.06,+25.533, +0.141,+0.942
1688929560,+3.06,+25.542, +0.149,+0.942
1688929680,+3.06,+25.558, +0.181,+0.943
1688929800,+3.06,+25.567, +0.144,+0.942
1688929920,+3.06,+25.617, +0.142,+0.942
1688930040,+3.06,+25.634, +0.160,+0.943
1688930160,+3.06,+25.651, +0.158,+0.942
1688930280,+3.06,+25.676, +0.166,+0.942
1688930400,+3.06,+25.693, +0.154,+0.942
1688930520,+3.06,+25.693, +0.129,+0.942
1688930640,+3.06,+25.727, +0.109,+0.941
1688930760,+3.06,+25.719, +0.091,+0.941
1688930880,+3.06,+25.727, +0.076,+0.940
1688931000,+3.06,+25.744, +0.075,+0.940
1688931120,+3.06,+25.752, +0.073,+0.940
1688931240,+3.06,+25.761, +0.073,+0.940
1688931360,+3.06,+25.803, +0.075,+0.940
1688931480,+3.06,+25.786, +0.072,+0.940
1688931600,+3.06,+25.786, +0.070,+0.940
1688931720,+3.06,+25.828, +0.069,+0.940
1688931840,+3.06,+25.837, +0.069,+0.940
1688931960,+3.06,+25.837, +0.069,+0.940
1688932080,+3.06,+25.854, +0.069,+0.940
1688932200,+3.06,+25.854, +0.069,+0.940
1688932320,+3.06,+25.972, +0.095,+0.941
1688932440,+3.05,+26.378, +1.236,+0.961
1688932560,+3.06,+26.725, +2.566,+0.965
1688932680,+3.06,+26.979, +3.257,+0.965
1688932800,+3.05,+27.073, +3.532,+0.965
1688932920,+3.05,+27.073, +3.679,+0.964
1688933040,+3.05,+27.056, +3.874,+0.964
1688933160,+3.05,+27.030, +4.031,+0.964
1688933280,+3.06,+26.996, +3.994,+0.964
1688933400,+3.06,+26.988, +4.161,+0.964
1688933520,+3.06,+26.886, +4.628,+0.963
1688933640,+3.06,+26.750, +5.064,+0.963
1688933760,+3.06,+26.581, +5.172,+0.963
1688933880,+3.05,+26.445, +5.644,+0.963
1688934000,+3.05,+26.327, +5.557,+0.962
1688934120,+3.05,+26.225, +5.088,+0.961
1688934240,+3.05,+26.141, +4.783,+0.962
1688934360,+3.05,+26.082, +4.986,+0.962
1688934480,+3.06,+26.023, +5.073,+0.962
1688934600,+3.06,+25.947, +4.912,+0.962
1688934720,+3.06,+25.769, +5.015,+0.962
1688934840,+3.06,+25.499, +5.783,+0.961
1688934960,+3.05,+25.230, +6.306,+0.961
1688935080,+3.06,+25.053, +6.395,+0.960
1688935200,+3.06,+24.977, +6.310,+0.961
1688935320,+3.06,+24.969, +6.338,+0.961
1688935440,+3.06,+24.910, +6.163,+0.961
1688935560,+3.06,+24.843, +6.195,+0.961
1688935680,+3.06,+24.843, +6.007,+0.961
1688935800,+3.06,+24.868, +5.511,+0.961
