7450-401396
OS REV: 1.05 Sensor Cal: 1618512290
Time (sec),  BV (Volts),  T (deg C),  DO (mg/l),  Q ()
1706247240,+2.91,+17.294, +8.693,+0.939
1706247360,+2.91,+17.319, +8.681,+0.939
1706247480,+2.91,+17.277, +8.683,+0.939
1706247600,+2.91,+17.268, +8.700,+0.939
1706247720,+2.91,+17.294, +8.690,+0.939
1706247840,+2.91,+17.285, +8.682,+0.939
1706247960,+2.91,+17.294, +8.684,+0.939
1706248080,+2.91,+17.294, +8.688,+0.939
1706248200,+2.91,+17.294, +8.691,+0.939
1706248320,+2.91,+17.285, +8.677,+0.938
1706248440,+2.91,+17.285, +8.688,+0.939
1706248560,+2.91,+17.294, +8.681,+0.939
1706248680,+2.91,+17.285, +8.686,+0.939
1706248800,+2.91,+17.285, +8.685,+0.939
1706248920,+2.91,+17.268, +8.698,+0.939
1706249040,+2.91,+17.277, +8.693,+0.939
1706249160,+2.91,+17.294, +8.675,+0.939
1706249280,+2.91,+17.277, +8.693,+0.939
1706249400,+2.91,+17.285, +8.678,+0.939
1706249520,+2.91,+17.268, +8.683,+0.939
1706249640,+2.91,+17.277, +8.682,+0.939
1706249760,+2.91,+17.277, +8.688,+0.939
1706249880,+2.91,+17.268, +8.701,+0.940
1706250000,+2.91,+17.260, +8.698,+0.939
1706250120,+2.91,+17.277, +8.678,+0.939
1706250240,+2.91,+17.268, +8.687,+0.939
1706250360,+2.91,+17.285, +8.682,+0.939
1706250480,+2.91,+17.260, +8.694,+0.939
1706250600,+2.91,+17.268, +8.684,+0.939
1706250720,+2.91,+17.260, +8.699,+0.940
1706250840,+2.91,+17.260, +8.690,+0.939
1706250960,+2.91,+17.260, +8.697,+0.939
1706251080,+2.91,+17.268, +8.697,+0.940
1706251200,+2.91,+17.268, +8.687,+0.939
1706251320,+2.91,+17.260, +8.698,+0.940
1706251440,+2.91,+17.260, +8.694,+0.939
1706251560,+2.91,+17.251, +8.702,+0.940
1706251680,+2.91,+17.268, +8.683,+0.939
1706251800,+2.91,+17.260, +8.697,+0.940
1706251920,+2.91,+17.268, +8.687,+0.939
1706252040,+2.91,+17.243, +8.691,+0.939
1706252160,+2.91,+17.251, +8.690,+0.939
1706252280,+2.91,+17.251, +8.686,+0.939
1706252400,+2.91,+17.251, +8.691,+0.939
1706252520,+2.91,+17.260, +8.692,+0.940
1706252640,+2.91,+17.251, +8.682,+0.939
1706252760,+2.91,+17.251, +8.692,+0.939
1706252880,+2.91,+17.243, +8.696,+0.939
1706253000,+2.91,+17.251, +8.694,+0.939
1706253120,+2.91,+17.234, +8.704,+0.940
1706253240,+2.91,+17.234, +8.695,+0.939
1706253360,+2.91,+17.251, +8.692,+0.939
1706253480,+2.91,+17.234, +8.697,+0.939
1706253600,+2.91,+17.260, +8.691,+0.939
1706253720,+2.91,+17.234, +8.694,+0.939
1706253840,+2.91,+17.260, +8.687,+0.939
1706253960,+2.91,+17.217, +8.698,+0.939
1706254080,+2.91,+17.243, +8.696,+0.939
1706254200,+2.91,+17.234, +8.695,+0.939
1706254320,+2.91,+17.217, +8.695,+0.939
1706254440,+2.91,+17.234, +8.697,+0.939
1706254560,+2.91,+17.226, +8.697,+0.939
1706254680,+2.91,+17.226, +8.699,+0.939
1706254800,+2.91,+17.234, +8.694,+0.939
1706254920,+2.91,+17.234, +8.698,+0.940
1706255040,+2.91,+17.234, +8.694,+0.939
1706255160,+2.91,+17.234, +8.697,+0.939
1706255280,+2.91,+17.234, +8.692,+0.939
1706255400,+2.91,+17.234, +8.692,+0.939
1706255520,+2.92,+17.226, +8.699,+0.940
1706255640,+2.91,+17.234, +8.683,+0.939
1706255760,+2.91,+17.217, +8.701,+0.939
1706255880,+2.91,+17.226, +8.696,+0.939
1706256000,+2.91,+17.217, +8.693,+0.939
1706256120,+2.92,+17.226, +8.696,+0.939
1706256240,+2.91,+17.226, +8.696,+0.939
1706256360,+2.92,+17.217, +8.700,+0.939
1706256480,+2.91,+17.226, +8.693,+0.939
1706256600,+2.91,+17.234, +8.684,+0.939
1706256720,+2.92,+17.217, +8.702,+0.940
1706256840,+2.92,+17.217, +8.700,+0.939
1706256960,+2.91,+17.209, +8.701,+0.939
1706257080,+2.92,+17.209, +8.699,+0.939
1706257200,+2.92,+17.201, +8.702,+0.939
1706257320,+2.91,+17.209, +8.700,+0.939
1706257440,+2.92,+17.201, +8.697,+0.939
1706257560,+2.92,+17.209, +8.695,+0.939
1706257680,+2.92,+17.209, +8.704,+0.940
1706257800,+2.92,+17.201, +8.700,+0.939
1706257920,+2.92,+17.217, +8.694,+0.939
1706258040,+2.92,+17.201, +8.704,+0.940
1706258160,+2.92,+17.217, +8.687,+0.939
1706258280,+2.92,+17.201, +8.699,+0.939
1706258400,+2.92,+17.201, +8.693,+0.939
1706258520,+2.92,+17.209, +8.689,+0.939
1706258640,+2.91,+17.192, +8.694,+0.939
1706258760,+2.92,+17.201, +8.694,+0.939
1706258880,+2.92,+17.192, +8.699,+0.939
1706259000,+2.92,+17.201, +8.701,+0.940
1706259120,+2.92,+17.192, +8.703,+0.939
1706259240,+2.92,+17.192, +8.701,+0.939
1706259360,+2.91,+17.192, +8.696,+0.939
1706259480,+2.92,+17.209, +8.694,+0.939
1706259600,+2.92,+17.192, +8.698,+0.939
1706259720,+2.92,+17.175, +8.698,+0.939
1706259840,+2.92,+17.184, +8.702,+0.939
1706259960,+2.92,+17.184, +8.704,+0.939
1706260080,+2.92,+17.192, +8.704,+0.940
1706260200,+2.92,+17.201, +8.686,+0.939
1706260320,+2.92,+17.175, +8.713,+0.940
1706260440,+2.92,+17.192, +8.701,+0.939
1706260560,+2.92,+17.175, +8.708,+0.939
1706260680,+2.92,+17.184, +8.702,+0.939
1706260800,+2.92,+17.184, +8.702,+0.939
1706260920,+2.92,+17.192, +8.703,+0.939
1706261040,+2.91,+17.167, +8.710,+0.939
1706261160,+2.92,+17.175, +8.708,+0.939
1706261280,+2.92,+17.167, +8.705,+0.939
1706261400,+2.92,+17.167, +8.701,+0.939
1706261520,+2.92,+17.175, +8.703,+0.939
1706261640,+2.92,+17.150, +8.715,+0.940
1706261760,+2.92,+17.150, +8.710,+0.939
1706261880,+2.92,+17.158, +8.704,+0.939
1706262000,+2.92,+17.158, +8.709,+0.939
1706262120,+2.92,+17.167, +8.694,+0.938
1706262240,+2.92,+17.167, +8.716,+0.940
1706262360,+2.92,+17.167, +8.700,+0.939
1706262480,+2.92,+17.158, +8.711,+0.939
1706262600,+2.92,+17.150, +8.710,+0.939
1706262720,+2.92,+17.150, +8.710,+0.939
1706262840,+2.92,+17.150, +8.711,+0.939
1706262960,+2.92,+17.175, +8.698,+0.939
1706263080,+2.92,+17.150, +8.717,+0.940
1706263200,+2.92,+17.150, +8.711,+0.939
1706263320,+2.92,+17.141, +8.718,+0.940
1706263440,+2.92,+17.150, +8.709,+0.939
1706263560,+2.92,+17.150, +8.718,+0.940
1706263680,+2.92,+17.141, +8.710,+0.939
1706263800,+2.92,+17.133, +8.711,+0.939
1706263920,+2.92,+17.124, +8.716,+0.939
1706264040,+2.92,+17.133, +8.722,+0.940
1706264160,+2.92,+17.116, +8.718,+0.939
1706264280,+2.92,+17.133, +8.717,+0.939
1706264400,+2.92,+17.141, +8.718,+0.939
1706264520,+2.92,+17.107, +8.724,+0.939
1706264640,+2.92,+17.124, +8.721,+0.939
1706264760,+2.92,+17.141, +8.718,+0.939
1706264880,+2.92,+17.141, +8.718,+0.939
1706265000,+2.92,+17.116, +8.718,+0.939
1706265120,+2.92,+17.116, +8.724,+0.939
1706265240,+2.92,+17.116, +8.726,+0.939
1706265360,+2.92,+17.116, +8.717,+0.939
1706265480,+2.92,+17.116, +8.728,+0.939
1706265600,+2.92,+17.124, +8.726,+0.940
1706265720,+2.92,+17.116, +8.719,+0.939
1706265840,+2.92,+17.116, +8.723,+0.939
1706265960,+2.92,+17.107, +8.716,+0.939
1706266080,+2.92,+17.116, +8.722,+0.939
1706266200,+2.92,+17.107, +8.720,+0.939
1706266320,+2.92,+17.124, +8.716,+0.939
1706266440,+2.92,+17.124, +8.728,+0.940
1706266560,+2.92,+17.107, +8.730,+0.940
1706266680,+2.92,+17.099, +8.730,+0.939
1706266800,+2.92,+17.116, +8.726,+0.939
1706266920,+2.92,+17.116, +8.726,+0.940
1706267040,+2.92,+17.090, +8.731,+0.939
1706267160,+2.92,+17.099, +8.735,+0.940
1706267280,+2.92,+17.099, +8.740,+0.940
1706267400,+2.92,+17.124, +8.727,+0.939
1706267520,+2.92,+17.090, +8.730,+0.939
1706267640,+2.92,+17.082, +8.729,+0.939
1706267760,+2.92,+17.090, +8.735,+0.939
1706267880,+2.92,+17.073, +8.738,+0.939
1706268000,+2.92,+17.090, +8.727,+0.939
1706268120,+2.92,+17.090, +8.730,+0.939
1706268240,+2.92,+17.065, +8.739,+0.939
1706268360,+2.92,+17.090, +8.733,+0.940
1706268480,+2.92,+17.082, +8.735,+0.939
1706268600,+2.92,+17.073, +8.748,+0.940
1706268720,+2.92,+17.082, +8.728,+0.939
1706268840,+2.92,+17.073, +8.746,+0.940
1706268960,+2.92,+17.073, +8.742,+0.939
1706269080,+2.92,+17.073, +8.734,+0.939
1706269200,+2.92,+17.065, +8.744,+0.939
1706269320,+2.92,+17.065, +8.739,+0.939
1706269440,+2.92,+17.073, +8.733,+0.939
1706269560,+2.92,+17.065, +8.742,+0.939
1706269680,+2.92,+17.065, +8.747,+0.940
1706269800,+2.92,+17.065, +8.744,+0.939
1706269920,+2.92,+17.057, +8.746,+0.939
1706270040,+2.92,+17.057, +8.752,+0.940
1706270160,+2.92,+17.065, +8.751,+0.940
1706270280,+2.92,+17.065, +8.741,+0.939
1706270400,+2.92,+17.048, +8.751,+0.940
1706270520,+2.92,+17.040, +8.746,+0.939
1706270640,+2.92,+17.057, +8.751,+0.940
1706270760,+2.92,+17.048, +8.742,+0.939
1706270880,+2.92,+17.057, +8.741,+0.939
1706271000,+2.92,+17.040, +8.750,+0.939
1706271120,+2.92,+17.065, +8.731,+0.939
1706271240,+2.92,+17.031, +8.753,+0.939
1706271360,+2.92,+17.023, +8.756,+0.939
1706271480,+2.92,+17.048, +8.751,+0.939
1706271600,+2.92,+17.048, +8.741,+0.939
1706271720,+2.92,+17.048, +8.745,+0.939
1706271840,+2.92,+17.031, +8.742,+0.939
1706271960,+2.92,+17.040, +8.740,+0.939
1706272080,+2.92,+17.014, +8.756,+0.939
1706272200,+2.92,+17.023, +8.760,+0.940
1706272320,+2.92,+17.031, +8.746,+0.939
1706272440,+2.92,+17.031, +8.746,+0.939
1706272560,+2.92,+17.031, +8.753,+0.939
1706272680,+2.92,+17.031, +8.747,+0.939
1706272800,+2.92,+17.023, +8.757,+0.940
1706272920,+2.92,+17.023, +8.763,+0.940
1706273040,+2.92,+17.023, +8.750,+0.939
1706273160,+2.92,+17.006, +8.753,+0.939
1706273280,+2.92,+16.997, +8.761,+0.939
1706273400,+2.92,+17.006, +8.763,+0.940
1706273520,+2.92,+16.997, +8.757,+0.939
1706273640,+2.92,+17.006, +8.755,+0.939
1706273760,+2.92,+16.997, +8.765,+0.939
1706273880,+2.92,+16.997, +8.763,+0.939
1706274000,+2.92,+16.989, +8.766,+0.939
1706274120,+2.92,+17.006, +8.761,+0.939
1706274240,+2.92,+16.997, +8.759,+0.939
1706274360,+2.92,+17.006, +8.758,+0.939
1706274480,+2.92,+17.023, +8.754,+0.939
1706274600,+2.92,+17.006, +8.757,+0.939
1706274720,+2.92,+16.997, +8.758,+0.939
1706274840,+2.92,+16.989, +8.767,+0.940
1706274960,+2.92,+17.006, +8.753,+0.939
1706275080,+2.92,+16.989, +8.764,+0.940
1706275200,+2.92,+17.006, +8.758,+0.939
1706275320,+2.92,+16.972, +8.769,+0.939
1706275440,+2.92,+16.997, +8.767,+0.940
1706275560,+2.92,+16.989, +8.756,+0.939
1706275680,+2.92,+16.997, +8.757,+0.939
1706275800,+2.92,+16.989, +8.760,+0.939
1706275920,+2.92,+16.989, +8.756,+0.939
1706276040,+2.92,+16.980, +8.764,+0.940
1706276160,+2.92,+16.989, +8.753,+0.939
1706276280,+2.92,+16.972, +8.768,+0.940
1706276400,+2.92,+16.997, +8.747,+0.939
1706276520,+2.92,+16.997, +8.756,+0.939
1706276640,+2.92,+16.989, +8.770,+0.940
1706276760,+2.92,+16.980, +8.758,+0.939
1706276880,+2.92,+16.997, +8.759,+0.939
1706277000,+2.92,+17.006, +8.763,+0.940
1706277120,+2.92,+16.997, +8.762,+0.939
1706277240,+2.92,+16.989, +8.761,+0.939
1706277360,+2.92,+16.980, +8.769,+0.939
1706277480,+2.92,+16.989, +8.757,+0.939
1706277600,+2.92,+16.989, +8.767,+0.940
1706277720,+2.92,+17.006, +8.751,+0.939
1706277840,+2.92,+17.006, +8.753,+0.939
1706277960,+2.92,+16.997, +8.761,+0.939
1706278080,+2.92,+16.989, +8.765,+0.939
1706278200,+2.92,+17.006, +8.756,+0.939
1706278320,+2.92,+16.997, +8.752,+0.939
1706278440,+2.92,+17.023, +8.749,+0.939
1706278560,+2.92,+17.014, +8.753,+0.939
1706278680,+2.92,+17.014, +8.759,+0.939
1706278800,+2.92,+17.014, +8.764,+0.940
1706278920,+2.92,+17.014, +8.760,+0.939
1706279040,+2.92,+17.014, +8.752,+0.939
1706279160,+2.92,+17.006, +8.761,+0.939
1706279280,+2.92,+17.031, +8.752,+0.939
1706279400,+2.92,+17.048, +8.750,+0.939
1706279520,+2.92,+17.040, +8.760,+0.939
1706279640,+2.92,+17.031, +8.763,+0.939
1706279760,+2.92,+17.048, +8.753,+0.939
1706279880,+2.92,+17.057, +8.761,+0.940
1706280000,+2.92,+17.048, +8.757,+0.939
1706280120,+2.92,+17.057, +8.743,+0.939
1706280240,+2.92,+17.048, +8.765,+0.940
1706280360,+2.92,+17.057, +8.761,+0.940
1706280480,+2.92,+17.073, +8.756,+0.940
1706280600,+2.92,+17.065, +8.748,+0.939
1706280720,+2.92,+17.073, +8.756,+0.940
1706280840,+2.92,+17.082, +8.756,+0.940
1706280960,+2.92,+17.065, +8.755,+0.939
1706281080,+2.92,+17.090, +8.752,+0.940
1706281200,+2.92,+17.073, +8.750,+0.939
1706281320,+2.92,+17.090, +8.743,+0.939
1706281440,+2.92,+17.090, +8.753,+0.939
1706281560,+2.92,+17.099, +8.751,+0.939
1706281680,+2.92,+17.116, +8.738,+0.939
1706281800,+2.92,+17.116, +8.741,+0.939
1706281920,+2.92,+17.107, +8.753,+0.940
1706282040,+2.92,+17.116, +8.744,+0.939
1706282160,+2.92,+17.116, +8.747,+0.939
1706282280,+2.92,+17.133, +8.738,+0.939
1706282400,+2.92,+17.133, +8.741,+0.939
1706282520,+2.92,+17.141, +8.734,+0.939
1706282640,+2.92,+17.150, +8.733,+0.939
1706282760,+2.92,+17.150, +8.735,+0.939
1706282880,+2.92,+17.167, +8.736,+0.939
1706283000,+2.92,+17.175, +8.733,+0.939
1706283120,+2.92,+17.158, +8.735,+0.939
1706283240,+2.92,+17.175, +8.727,+0.939
1706283360,+2.92,+17.192, +8.723,+0.939
1706283480,+2.91,+17.192, +8.727,+0.939
1706283600,+2.92,+17.175, +8.732,+0.939
1706283720,+2.92,+17.192, +8.730,+0.939
1706283840,+2.92,+17.201, +8.726,+0.939
1706283960,+2.91,+17.217, +8.723,+0.939
1706284080,+2.91,+17.217, +8.730,+0.940
1706284200,+2.91,+17.251, +8.710,+0.939
1706284320,+2.91,+17.217, +8.719,+0.939
1706284440,+2.91,+17.243, +8.726,+0.940
1706284560,+2.92,+17.217, +8.723,+0.939
1706284680,+2.91,+17.243, +8.722,+0.940
1706284800,+2.91,+17.251, +8.717,+0.939
1706284920,+2.91,+17.251, +8.720,+0.940
1706285040,+2.91,+17.251, +8.720,+0.940
1706285160,+2.91,+17.260, +8.715,+0.940
1706285280,+2.91,+17.277, +8.709,+0.939
1706285400,+2.91,+17.285, +8.712,+0.939
1706285520,+2.91,+17.294, +8.711,+0.940
1706285640,+2.91,+17.302, +8.699,+0.939
1706285760,+2.91,+17.294, +8.707,+0.939
1706285880,+2.91,+17.319, +8.692,+0.939
1706286000,+2.91,+17.294, +8.696,+0.939
1706286120,+2.91,+17.311, +8.709,+0.939
1706286240,+2.91,+17.302, +8.704,+0.939
1706286360,+2.91,+17.319, +8.696,+0.939
1706286480,+2.91,+17.336, +8.702,+0.939
1706286600,+2.91,+17.328, +8.698,+0.939
1706286720,+2.91,+17.328, +8.697,+0.939
1706286840,+2.91,+17.344, +8.697,+0.939
1706286960,+2.91,+17.344, +8.705,+0.940
1706287080,+2.91,+17.344, +8.706,+0.940
1706287200,+2.91,+17.361, +8.704,+0.940
1706287320,+2.91,+17.353, +8.686,+0.939
1706287440,+2.91,+17.370, +8.686,+0.939
1706287560,+2.91,+17.353, +8.706,+0.940
1706287680,+2.91,+17.370, +8.694,+0.939
1706287800,+2.91,+17.370, +8.699,+0.939
1706287920,+2.91,+17.378, +8.696,+0.939
1706288040,+2.91,+17.387, +8.695,+0.939
1706288160,+2.91,+17.395, +8.687,+0.939
1706288280,+2.91,+17.387, +8.697,+0.940
1706288400,+2.91,+17.387, +8.690,+0.939
1706288520,+2.91,+17.404, +8.693,+0.940
1706288640,+2.91,+17.395, +8.696,+0.940
1706288760,+2.91,+17.387, +8.689,+0.939
1706288880,+2.91,+17.404, +8.689,+0.939
1706289000,+2.91,+17.404, +8.680,+0.939
1706289120,+2.91,+17.412, +8.692,+0.939
1706289240,+2.91,+17.421, +8.694,+0.940
1706289360,+2.91,+17.404, +8.704,+0.940
1706289480,+2.91,+17.421, +8.688,+0.939
1706289600,+2.91,+17.446, +8.677,+0.939
1706289720,+2.91,+17.454, +8.672,+0.939
1706289840,+2.91,+17.463, +8.675,+0.939
1706289960,+2.91,+17.446, +8.680,+0.939
1706290080,+2.91,+17.446, +8.681,+0.939
1706290200,+2.91,+17.471, +8.681,+0.940
1706290320,+2.91,+17.454, +8.682,+0.939
1706290440,+2.91,+17.471, +8.686,+0.940
1706290560,+2.91,+17.480, +8.679,+0.939
1706290680,+2.91,+17.463, +8.690,+0.940
1706290800,+2.91,+17.488, +8.667,+0.939
1706290920,+2.91,+17.463, +8.680,+0.939
1706291040,+2.91,+17.480, +8.668,+0.939
1706291160,+2.91,+17.488, +8.680,+0.939
1706291280,+2.91,+17.514, +8.668,+0.939
1706291400,+2.91,+17.505, +8.668,+0.939
1706291520,+2.91,+17.505, +8.672,+0.939
1706291640,+2.91,+17.497, +8.670,+0.939
1706291760,+2.91,+17.522, +8.675,+0.940
1706291880,+2.91,+17.522, +8.670,+0.939
1706292000,+2.91,+17.539, +8.668,+0.939
1706292120,+2.91,+17.522, +8.673,+0.940
1706292240,+2.91,+17.530, +8.674,+0.940
1706292360,+2.91,+17.539, +8.669,+0.939
1706292480,+2.91,+17.547, +8.666,+0.939
1706292600,+2.91,+17.564, +8.663,+0.939
1706292720,+2.91,+17.556, +8.671,+0.940
1706292840,+2.91,+17.547, +8.674,+0.940
1706292960,+2.91,+17.556, +8.669,+0.939
1706293080,+2.91,+17.547, +8.677,+0.939
1706293200,+2.91,+17.573, +8.665,+0.940
1706293320,+2.91,+17.573, +8.668,+0.940
1706293440,+2.91,+17.581, +8.657,+0.939
1706293560,+2.91,+17.573, +8.664,+0.939
1706293680,+2.91,+17.581, +8.668,+0.939
1706293800,+2.91,+17.573, +8.669,+0.939
1706293920,+2.91,+17.598, +8.662,+0.939
1706294040,+2.91,+17.606, +8.658,+0.939
1706294160,+2.91,+17.606, +8.665,+0.940
1706294280,+2.91,+17.623, +8.651,+0.939
1706294400,+2.91,+17.606, +8.666,+0.940
1706294520,+2.91,+17.615, +8.655,+0.939
1706294640,+2.91,+17.632, +8.654,+0.939
1706294760,+2.91,+17.640, +8.653,+0.939
1706294880,+2.91,+17.640, +8.640,+0.939
1706295000,+2.91,+17.632, +8.650,+0.939
1706295120,+2.91,+17.657, +8.654,+0.940
1706295240,+2.91,+17.640, +8.651,+0.939
1706295360,+2.91,+17.649, +8.654,+0.940
1706295480,+2.91,+17.657, +8.653,+0.939
1706295600,+2.91,+17.674, +8.641,+0.939
1706295720,+2.91,+17.640, +8.651,+0.939
1706295840,+2.91,+17.666, +8.652,+0.939
1706295960,+2.91,+17.649, +8.655,+0.939
1706296080,+2.91,+17.674, +8.652,+0.940
1706296200,+2.91,+17.691, +8.649,+0.940
1706296320,+2.91,+17.691, +8.644,+0.939
1706296440,+2.91,+17.691, +8.646,+0.939
1706296560,+2.91,+17.691, +8.648,+0.939
1706296680,+2.91,+17.708, +8.637,+0.939
1706296800,+2.91,+17.699, +8.653,+0.940
1706296920,+2.91,+17.716, +8.632,+0.939
1706297040,+2.91,+17.708, +8.654,+0.940
1706297160,+2.91,+17.708, +8.644,+0.940
1706297280,+2.91,+17.708, +8.636,+0.939
1706297400,+2.91,+17.725, +8.642,+0.939
1706297520,+2.91,+17.716, +8.642,+0.939
1706297640,+2.91,+17.733, +8.640,+0.939
1706297760,+2.91,+17.742, +8.646,+0.940
1706297880,+2.91,+17.733, +8.640,+0.939
1706298000,+2.91,+17.716, +8.642,+0.939
1706298120,+2.91,+17.759, +8.635,+0.939
1706298240,+2.91,+17.750, +8.630,+0.939
1706298360,+2.91,+17.767, +8.637,+0.939
1706298480,+2.91,+17.775, +8.632,+0.939
1706298600,+2.91,+17.775, +8.633,+0.939
1706298720,+2.91,+17.784, +8.633,+0.939
1706298840,+2.91,+17.775, +8.638,+0.939
1706298960,+2.91,+17.784, +8.632,+0.939
1706299080,+2.91,+17.792, +8.625,+0.939
1706299200,+2.91,+17.801, +8.630,+0.939
1706299320,+2.91,+17.775, +8.647,+0.940
1706299440,+2.91,+17.809, +8.634,+0.940
1706299560,+2.91,+17.809, +8.633,+0.940
1706299680,+2.91,+17.801, +8.629,+0.939
1706299800,+2.91,+17.818, +8.631,+0.939
1706299920,+2.91,+17.809, +8.621,+0.939
1706300040,+2.91,+17.801, +8.640,+0.939
1706300160,+2.91,+17.826, +8.628,+0.939
1706300280,+2.91,+17.851, +8.629,+0.940
1706300400,+2.91,+17.834, +8.628,+0.939
1706300520,+2.91,+17.843, +8.626,+0.939
1706300640,+2.91,+17.843, +8.621,+0.939
1706300760,+2.91,+17.851, +8.631,+0.940
1706300880,+2.91,+17.843, +8.626,+0.939
1706301000,+2.91,+17.860, +8.633,+0.940
1706301120,+2.91,+17.851, +8.624,+0.939
1706301240,+2.91,+17.877, +8.618,+0.939
1706301360,+2.91,+17.894, +8.617,+0.939
1706301480,+2.91,+17.860, +8.617,+0.939
1706301600,+2.91,+17.894, +8.622,+0.939
1706301720,+2.91,+17.877, +8.631,+0.940
1706301840,+2.91,+17.885, +8.619,+0.939
1706301960,+2.91,+17.885, +8.622,+0.939
1706302080,+2.91,+17.885, +8.631,+0.940
1706302200,+2.91,+17.885, +8.631,+0.939
1706302320,+2.91,+17.902, +8.619,+0.939
1706302440,+2.91,+17.902, +8.618,+0.939
1706302560,+2.91,+17.910, +8.637,+0.940
1706302680,+2.91,+17.910, +8.626,+0.939
1706302800,+2.91,+17.910, +8.622,+0.939
1706302920,+2.91,+17.902, +8.627,+0.939
1706303040,+2.91,+17.910, +8.629,+0.939
1706303160,+2.92,+17.910, +8.629,+0.939
1706303280,+2.92,+17.927, +8.623,+0.939
1706303400,+2.92,+17.919, +8.631,+0.939
1706303520,+2.92,+17.936, +8.618,+0.939
1706303640,+2.91,+17.910, +8.627,+0.939
1706303760,+2.92,+17.927, +8.626,+0.939
1706303880,+2.92,+17.944, +8.622,+0.939
1706304000,+2.92,+17.944, +8.622,+0.939
1706304120,+2.91,+17.936, +8.631,+0.940
1706304240,+2.92,+17.953, +8.620,+0.939
1706304360,+2.92,+17.969, +8.606,+0.938
1706304480,+2.92,+17.953, +8.625,+0.939
1706304600,+2.92,+17.961, +8.621,+0.939
1706304720,+2.91,+17.961, +8.621,+0.939
1706304840,+2.91,+17.953, +8.631,+0.939
1706304960,+2.92,+17.978, +8.627,+0.940
1706305080,+2.92,+17.978, +8.619,+0.939
1706305200,+2.92,+17.961, +8.618,+0.939
1706305320,+2.92,+17.978, +8.617,+0.939
1706305440,+2.92,+17.986, +8.616,+0.939
1706305560,+2.92,+17.978, +8.625,+0.939
1706305680,+2.92,+17.978, +8.614,+0.939
1706305800,+2.92,+17.969, +8.622,+0.939
1706305920,+2.92,+17.978, +8.618,+0.939
1706306040,+2.91,+17.978, +8.621,+0.939
1706306160,+2.91,+17.986, +8.616,+0.939
1706306280,+2.92,+17.978, +8.621,+0.939
1706306400,+2.92,+17.986, +8.622,+0.939
1706306520,+2.92,+17.978, +8.623,+0.939
1706306640,+2.92,+18.003, +8.626,+0.940
1706306760,+2.92,+18.003, +8.616,+0.939
1706306880,+2.92,+18.003, +8.606,+0.939
1706307000,+2.92,+18.020, +8.616,+0.939
1706307120,+2.92,+18.012, +8.614,+0.939
1706307240,+2.91,+17.995, +8.620,+0.939
1706307360,+2.91,+18.003, +8.624,+0.940
1706307480,+2.91,+17.978, +8.637,+0.940
1706307600,+2.92,+18.003, +8.615,+0.939
1706307720,+2.92,+18.003, +8.629,+0.940
1706307840,+2.92,+18.003, +8.635,+0.940
1706307960,+2.92,+18.003, +8.620,+0.939
1706308080,+2.92,+17.995, +8.629,+0.940
1706308200,+2.92,+18.028, +8.618,+0.939
1706308320,+2.92,+18.020, +8.620,+0.939
1706308440,+2.92,+18.020, +8.627,+0.940
1706308560,+2.92,+18.012, +8.634,+0.940
1706308680,+2.92,+18.012, +8.620,+0.939
1706308800,+2.92,+18.012, +8.619,+0.939
1706308920,+2.92,+18.028, +8.623,+0.940
1706309040,+2.92,+18.028, +8.615,+0.939
1706309160,+2.92,+18.028, +8.621,+0.939
1706309280,+2.92,+18.037, +8.619,+0.939
1706309400,+2.92,+18.028, +8.628,+0.940
1706309520,+2.92,+18.020, +8.618,+0.939
1706309640,+2.92,+18.020, +8.614,+0.939
1706309760,+2.92,+18.028, +8.627,+0.940
1706309880,+2.92,+18.037, +8.621,+0.939
1706310000,+2.92,+18.037, +8.618,+0.939
1706310120,+2.92,+18.062, +8.607,+0.939
1706310240,+2.92,+18.045, +8.611,+0.939
1706310360,+2.92,+18.045, +8.612,+0.939
1706310480,+2.92,+18.037, +8.620,+0.939
1706310600,+2.92,+18.037, +8.623,+0.939
1706310720,+2.92,+18.037, +8.622,+0.939
1706310840,+2.92,+18.028, +8.619,+0.939
1706310960,+2.91,+18.045, +8.625,+0.939
1706311080,+2.92,+18.037, +8.619,+0.939
1706311200,+2.92,+18.028, +8.630,+0.940
1706311320,+2.92,+18.045, +8.624,+0.939
1706311440,+2.92,+18.037, +8.625,+0.939
1706311560,+2.92,+18.028, +8.627,+0.939
1706311680,+2.92,+18.054, +8.618,+0.939
1706311800,+2.92,+18.045, +8.617,+0.939
1706311920,+2.92,+18.028, +8.626,+0.939
1706312040,+2.92,+18.028, +8.634,+0.940
1706312160,+2.92,+18.045, +8.628,+0.939
1706312280,+2.92,+18.037, +8.625,+0.939
1706312400,+2.91,+18.028, +8.627,+0.939
1706312520,+2.91,+18.037, +8.628,+0.939
1706312640,+2.92,+18.037, +8.627,+0.939
1706312760,+2.92,+18.054, +8.625,+0.939
1706312880,+2.92,+18.062, +8.622,+0.939
1706313000,+2.92,+18.028, +8.641,+0.940
1706313120,+2.92,+18.028, +8.628,+0.939
1706313240,+2.92,+18.071, +8.616,+0.939
1706313360,+2.92,+18.045, +8.630,+0.940
1706313480,+2.92,+18.037, +8.637,+0.940
1706313600,+2.92,+18.037, +8.635,+0.940
1706313720,+2.92,+18.054, +8.630,+0.940
1706313840,+2.92,+18.045, +8.616,+0.939
1706313960,+2.92,+18.054, +8.615,+0.939
1706314080,+2.92,+18.037, +8.633,+0.940
1706314200,+2.92,+18.045, +8.621,+0.939
1706314320,+2.92,+18.045, +8.633,+0.940
1706314440,+2.92,+18.045, +8.623,+0.939
1706314560,+2.92,+18.054, +8.626,+0.939
1706314680,+2.92,+18.054, +8.631,+0.940
1706314800,+2.92,+18.045, +8.631,+0.940
1706314920,+2.92,+18.037, +8.634,+0.939
1706315040,+2.92,+18.037, +8.634,+0.939
1706315160,+2.92,+18.045, +8.623,+0.939
1706315280,+2.91,+18.045, +8.635,+0.940
1706315400,+2.92,+18.054, +8.627,+0.939
1706315520,+2.92,+18.037, +8.634,+0.939
1706315640,+2.92,+18.045, +8.629,+0.939
1706315760,+2.92,+18.045, +8.628,+0.939
1706315880,+2.92,+18.028, +8.630,+0.939
1706316000,+2.92,+18.054, +8.633,+0.940
1706316120,+2.92,+18.028, +8.644,+0.940
1706316240,+2.92,+18.037, +8.626,+0.939
1706316360,+2.92,+18.037, +8.630,+0.939
1706316480,+2.92,+18.020, +8.636,+0.939
1706316600,+2.92,+18.028, +8.631,+0.939
1706316720,+2.92,+18.028, +8.625,+0.939
1706316840,+2.92,+18.012, +8.636,+0.939
1706316960,+2.92,+18.028, +8.636,+0.940
1706317080,+2.92,+18.020, +8.633,+0.939
1706317200,+2.92,+18.037, +8.626,+0.939
1706317320,+2.92,+18.020, +8.635,+0.939
1706317440,+2.92,+18.020, +8.633,+0.939
1706317560,+2.92,+18.012, +8.630,+0.939
1706317680,+2.92,+18.020, +8.637,+0.939
1706317800,+2.92,+18.012, +8.639,+0.939
1706317920,+2.92,+18.020, +8.631,+0.939
1706318040,+2.92,+18.037, +8.633,+0.940
1706318160,+2.92,+18.037, +8.632,+0.939
1706318280,+2.92,+18.028, +8.631,+0.939
1706318400,+2.92,+18.028, +8.633,+0.940
1706318520,+2.92,+18.028, +8.640,+0.940
1706318640,+2.92,+18.020, +8.633,+0.939
1706318760,+2.92,+18.020, +8.635,+0.939
1706318880,+2.92,+18.012, +8.640,+0.940
1706319000,+2.92,+18.012, +8.641,+0.940
1706319120,+2.92,+18.012, +8.632,+0.939
1706319240,+2.92,+18.003, +8.635,+0.939
1706319360,+2.92,+18.028, +8.628,+0.939
1706319480,+2.92,+18.020, +8.628,+0.939
1706319600,+2.92,+18.020, +8.635,+0.940
1706319720,+2.92,+18.012, +8.627,+0.939
1706319840,+2.92,+18.020, +8.632,+0.940
1706319960,+2.92,+18.012, +8.620,+0.939
1706320080,+2.92,+18.020, +8.629,+0.940
1706320200,+2.92,+17.995, +8.628,+0.939
1706320320,+2.92,+18.012, +8.623,+0.939
1706320440,+2.92,+17.995, +8.631,+0.939
1706320560,+2.92,+18.012, +8.629,+0.939
1706320680,+2.92,+18.020, +8.635,+0.940
1706320800,+2.92,+18.003, +8.630,+0.939
1706320920,+2.92,+18.012, +8.622,+0.939
1706321040,+2.92,+18.012, +8.647,+0.940
1706321160,+2.92,+17.986, +8.635,+0.939
1706321280,+2.92,+17.995, +8.635,+0.939
1706321400,+2.92,+17.986, +8.637,+0.939
1706321520,+2.92,+18.003, +8.628,+0.939
1706321640,+2.92,+17.995, +8.635,+0.939
1706321760,+2.92,+17.986, +8.635,+0.939
1706321880,+2.92,+18.003, +8.630,+0.939
1706322000,+2.92,+18.003, +8.632,+0.939
1706322120,+2.92,+18.003, +8.626,+0.939
1706322240,+2.92,+17.995, +8.636,+0.940
1706322360,+2.92,+18.003, +8.636,+0.940
1706322480,+2.92,+17.995, +8.629,+0.939
1706322600,+2.92,+17.986, +8.638,+0.940
1706322720,+2.92,+17.995, +8.632,+0.940
1706322840,+2.92,+17.961, +8.637,+0.939
1706322960,+2.92,+17.978, +8.635,+0.939
1706323080,+2.92,+17.969, +8.641,+0.939
1706323200,+2.92,+17.969, +8.630,+0.939
1706323320,+2.92,+17.986, +8.628,+0.939
1706323440,+2.92,+17.978, +8.636,+0.940
1706323560,+2.92,+17.961, +8.651,+0.940
1706323680,+2.92,+17.961, +8.645,+0.940
1706323800,+2.92,+17.961, +8.630,+0.939
1706323920,+2.92,+17.978, +8.635,+0.939
1706324040,+2.92,+17.961, +8.635,+0.939
1706324160,+2.92,+17.969, +8.632,+0.939
1706324280,+2.92,+17.953, +8.646,+0.939
1706324400,+2.92,+17.969, +8.645,+0.940
1706324520,+2.92,+17.936, +8.650,+0.940
1706324640,+2.92,+17.953, +8.651,+0.940
1706324760,+2.92,+17.953, +8.632,+0.939
1706324880,+2.92,+17.944, +8.646,+0.939
1706325000,+2.92,+17.953, +8.642,+0.939
1706325120,+2.92,+17.953, +8.639,+0.939
1706325240,+2.92,+17.953, +8.638,+0.939
1706325360,+2.92,+17.953, +8.644,+0.940
1706325480,+2.92,+17.953, +8.641,+0.939
1706325600,+2.92,+17.944, +8.641,+0.939
1706325720,+2.92,+17.927, +8.652,+0.939
1706325840,+2.92,+17.919, +8.650,+0.939
1706325960,+2.92,+17.919, +8.645,+0.939
1706326080,+2.92,+17.953, +8.634,+0.939
1706326200,+2.92,+17.936, +8.643,+0.940
1706326320,+2.92,+17.919, +8.650,+0.939
1706326440,+2.91,+17.910, +8.646,+0.939
1706326560,+2.92,+17.927, +8.645,+0.940
1706326680,+2.91,+17.902, +8.656,+0.940
1706326800,+2.91,+17.902, +8.656,+0.940
1706326920,+2.91,+17.919, +8.648,+0.939
1706327040,+2.91,+17.919, +8.649,+0.939
1706327160,+2.91,+17.910, +8.651,+0.939
1706327280,+2.91,+17.902, +8.643,+0.939
1706327400,+2.91,+17.902, +8.646,+0.939
1706327520,+2.91,+17.910, +8.646,+0.939
1706327640,+2.91,+17.919, +8.644,+0.939
1706327760,+2.91,+17.894, +8.656,+0.939
1706327880,+2.91,+17.894, +8.646,+0.939
1706328000,+2.91,+17.894, +8.659,+0.940
1706328120,+2.91,+17.902, +8.659,+0.940
1706328240,+2.91,+17.885, +8.662,+0.940
1706328360,+2.91,+17.902, +8.648,+0.939
1706328480,+2.91,+17.885, +8.658,+0.940
1706328600,+2.91,+17.877, +8.651,+0.939
1706328720,+2.91,+17.885, +8.652,+0.939
1706328840,+2.91,+17.877, +8.651,+0.939
1706328960,+2.91,+17.868, +8.658,+0.939
1706329080,+2.91,+17.868, +8.656,+0.939
1706329200,+2.91,+17.868, +8.669,+0.940
1706329320,+2.91,+17.860, +8.666,+0.940
1706329440,+2.91,+17.860, +8.653,+0.939
1706329560,+2.91,+17.843, +8.661,+0.939
1706329680,+2.91,+17.851, +8.662,+0.939
1706329800,+2.91,+17.868, +8.669,+0.940
1706329920,+2.91,+17.851, +8.663,+0.939
1706330040,+2.91,+17.834, +8.666,+0.939
1706330160,+2.91,+17.843, +8.664,+0.939
1706330280,+2.91,+17.834, +8.663,+0.939
1706330400,+2.91,+17.834, +8.658,+0.939
1706330520,+2.91,+17.843, +8.665,+0.940
1706330640,+2.91,+17.826, +8.660,+0.939
1706330760,+2.91,+17.826, +8.662,+0.939
1706330880,+2.91,+17.818, +8.675,+0.940
1706331000,+2.91,+17.809, +8.665,+0.939
1706331120,+2.91,+17.809, +8.667,+0.939
1706331240,+2.91,+17.809, +8.673,+0.940
1706331360,+2.91,+17.792, +8.674,+0.939
1706331480,+2.91,+17.818, +8.671,+0.939
1706331600,+2.91,+17.801, +8.674,+0.940
1706331720,+2.91,+17.818, +8.670,+0.940
1706331840,+2.91,+17.801, +8.667,+0.939
1706331960,+2.91,+17.775, +8.671,+0.939
1706332080,+2.91,+17.775, +8.673,+0.939
1706332200,+2.91,+17.775, +8.680,+0.939
1706332320,+2.91,+17.767, +8.684,+0.940
1706332440,+2.91,+17.784, +8.674,+0.939
1706332560,+2.91,+17.750, +8.687,+0.939
1706332680,+2.91,+17.750, +8.687,+0.939
1706332800,+2.91,+17.759, +8.685,+0.940
1706332920,+2.91,+17.742, +8.685,+0.939
1706333040,+2.91,+17.759, +8.677,+0.939
1706333160,+2.91,+17.742, +8.689,+0.939
1706333280,+2.91,+17.733, +8.691,+0.940
1706333400,+2.91,+17.742, +8.690,+0.940
1706333520,+2.91,+17.742, +8.685,+0.939
1706333640,+2.91,+17.742, +8.679,+0.939
