7450-401396
OS REV: 1.05 Sensor Cal: 1618512290
Time (sec),  BV (Volts),  T (deg C),  DO (mg/l),  Q ()
1704596040,+2.96, +3.025,+11.906,+0.935
1704596160,+2.96, +3.036,+11.896,+0.935
1704596280,+2.96, +3.046,+11.889,+0.935
1704596400,+2.96, +3.036,+11.901,+0.935
1704596520,+2.96, +3.025,+11.907,+0.935
1704596640,+2.96, +3.036,+11.901,+0.935
1704596760,+2.96, +3.005,+11.906,+0.935
1704596880,+2.96, +3.046,+11.901,+0.935
1704597000,+2.96, +3.036,+11.905,+0.935
1704597120,+2.96, +3.015,+11.906,+0.935
1704597240,+2.96, +3.036,+11.907,+0.935
1704597360,+2.96, +3.036,+11.907,+0.935
1704597480,+2.96, +3.025,+11.915,+0.936
1704597600,+2.96, +3.025,+11.897,+0.935
1704597720,+2.96, +3.015,+11.905,+0.935
1704597840,+2.96, +2.994,+11.926,+0.935
1704597960,+2.96, +2.994,+11.911,+0.935
1704598080,+2.96, +3.015,+11.916,+0.935
1704598200,+2.96, +3.015,+11.915,+0.935
1704598320,+2.96, +3.015,+11.914,+0.935
1704598440,+2.96, +3.005,+11.917,+0.935
1704598560,+2.96, +2.994,+11.928,+0.935
1704598680,+2.96, +3.005,+11.914,+0.935
1704598800,+2.96, +3.015,+11.912,+0.935
1704598920,+2.96, +2.994,+11.928,+0.935
1704599040,+2.96, +3.015,+11.919,+0.936
1704599160,+2.96, +2.994,+11.921,+0.935
1704599280,+2.96, +3.015,+11.921,+0.936
1704599400,+2.96, +2.994,+11.924,+0.935
1704599520,+2.96, +2.994,+11.919,+0.935
1704599640,+2.96, +2.994,+11.917,+0.935
1704599760,+2.96, +2.994,+11.921,+0.935
1704599880,+2.96, +2.994,+11.919,+0.935
1704600000,+2.96, +2.994,+11.921,+0.935
1704600120,+2.96, +2.984,+11.928,+0.935
1704600240,+2.96, +2.994,+11.912,+0.935
1704600360,+2.96, +2.984,+11.926,+0.935
1704600480,+2.96, +2.973,+11.929,+0.936
1704600600,+2.96, +2.984,+11.935,+0.936
1704600720,+2.96, +2.994,+11.921,+0.935
1704600840,+2.96, +2.984,+11.926,+0.935
1704600960,+2.96, +2.963,+11.924,+0.935
1704601080,+2.96, +2.994,+11.924,+0.935
1704601200,+2.96, +2.953,+11.936,+0.935
1704601320,+2.96, +2.973,+11.924,+0.935
1704601440,+2.96, +2.984,+11.917,+0.935
1704601560,+2.96, +2.973,+11.931,+0.935
1704601680,+2.96, +2.963,+11.935,+0.935
1704601800,+2.96, +2.963,+11.929,+0.935
1704601920,+2.96, +2.953,+11.940,+0.935
1704602040,+2.96, +2.963,+11.938,+0.935
1704602160,+2.96, +2.953,+11.925,+0.935
1704602280,+2.96, +2.942,+11.940,+0.935
1704602400,+2.96, +2.942,+11.942,+0.935
1704602520,+2.96, +2.953,+11.931,+0.935
1704602640,+2.96, +2.942,+11.943,+0.935
1704602760,+2.96, +2.963,+11.938,+0.936
1704602880,+2.96, +2.953,+11.941,+0.936
1704603000,+2.96, +2.942,+11.942,+0.935
1704603120,+2.96, +2.942,+11.925,+0.935
1704603240,+2.96, +2.932,+11.936,+0.935
1704603360,+2.96, +2.953,+11.925,+0.935
1704603480,+2.96, +2.942,+11.934,+0.935
1704603600,+2.96, +2.932,+11.939,+0.935
1704603720,+2.96, +2.942,+11.932,+0.935
1704603840,+2.96, +2.942,+11.936,+0.935
1704603960,+2.96, +2.942,+11.936,+0.935
1704604080,+2.96, +2.942,+11.930,+0.935
1704604200,+2.96, +2.942,+11.936,+0.935
1704604320,+2.96, +2.911,+11.945,+0.935
1704604440,+2.96, +2.921,+11.937,+0.935
1704604560,+2.96, +2.921,+11.939,+0.935
1704604680,+2.96, +2.921,+11.943,+0.935
1704604800,+2.96, +2.921,+11.946,+0.935
1704604920,+2.96, +2.942,+11.943,+0.936
1704605040,+2.96, +2.932,+11.938,+0.935
1704605160,+2.96, +2.921,+11.941,+0.935
1704605280,+2.96, +2.921,+11.939,+0.935
1704605400,+2.96, +2.911,+11.950,+0.935
1704605520,+2.96, +2.932,+11.943,+0.935
1704605640,+2.96, +2.921,+11.948,+0.935
1704605760,+2.96, +2.911,+11.946,+0.935
1704605880,+2.96, +2.901,+11.967,+0.935
1704606000,+2.96, +2.901,+11.961,+0.935
1704606120,+2.96, +2.901,+11.952,+0.935
1704606240,+2.96, +2.911,+11.945,+0.935
1704606360,+2.96, +2.901,+11.952,+0.935
1704606480,+2.96, +2.911,+11.950,+0.935
1704606600,+2.96, +2.932,+11.945,+0.935
1704606720,+2.96, +2.921,+11.947,+0.935
1704606840,+2.96, +2.901,+11.948,+0.935
1704606960,+2.96, +2.921,+11.945,+0.935
1704607080,+2.96, +2.911,+11.955,+0.935
1704607200,+2.96, +2.921,+11.952,+0.935
1704607320,+2.96, +2.890,+11.953,+0.935
1704607440,+2.96, +2.901,+11.948,+0.935
1704607560,+2.96, +2.911,+11.945,+0.935
1704607680,+2.96, +2.911,+11.954,+0.935
1704607800,+2.96, +2.911,+11.959,+0.936
1704607920,+2.96, +2.932,+11.938,+0.935
1704608040,+2.96, +2.932,+11.934,+0.935
1704608160,+2.96, +2.921,+11.939,+0.935
1704608280,+2.96, +2.901,+11.948,+0.935
1704608400,+2.96, +2.911,+11.945,+0.935
1704608520,+2.96, +2.911,+11.954,+0.935
1704608640,+2.96, +2.880,+11.964,+0.935
1704608760,+2.96, +2.932,+11.940,+0.935
1704608880,+2.96, +2.901,+11.952,+0.935
1704609000,+2.96, +2.921,+11.950,+0.935
1704609120,+2.96, +2.921,+11.945,+0.935
1704609240,+2.96, +2.901,+11.945,+0.935
1704609360,+2.96, +2.911,+11.948,+0.935
1704609480,+2.96, +2.921,+11.943,+0.935
1704609600,+2.96, +2.901,+11.963,+0.936
1704609720,+2.96, +2.911,+11.952,+0.935
1704609840,+2.96, +2.921,+11.945,+0.935
1704609960,+2.96, +2.911,+11.950,+0.935
1704610080,+2.96, +2.921,+11.943,+0.935
1704610200,+2.96, +2.911,+11.952,+0.935
1704610320,+2.96, +2.911,+11.948,+0.935
1704610440,+2.96, +2.921,+11.948,+0.935
1704610560,+2.96, +2.911,+11.948,+0.935
1704610680,+2.96, +2.911,+11.947,+0.935
1704610800,+2.96, +2.921,+11.947,+0.935
1704610920,+2.96, +2.921,+11.947,+0.935
1704611040,+2.96, +2.911,+11.941,+0.935
1704611160,+2.96, +2.901,+11.959,+0.935
1704611280,+2.96, +2.921,+11.947,+0.935
1704611400,+2.96, +2.911,+11.945,+0.935
1704611520,+2.96, +2.911,+11.954,+0.935
1704611640,+2.96, +2.921,+11.936,+0.935
1704611760,+2.96, +2.911,+11.954,+0.935
1704611880,+2.96, +2.890,+11.948,+0.935
1704612000,+2.96, +2.921,+11.947,+0.935
1704612120,+2.96, +2.911,+11.945,+0.935
1704612240,+2.96, +2.911,+11.946,+0.935
1704612360,+2.96, +2.911,+11.941,+0.935
1704612480,+2.96, +2.890,+11.961,+0.935
1704612600,+2.96, +2.901,+11.957,+0.935
1704612720,+2.96, +2.911,+11.956,+0.935
1704612840,+2.96, +2.932,+11.943,+0.935
1704612960,+2.96, +2.921,+11.952,+0.936
1704613080,+2.96, +2.911,+11.945,+0.935
1704613200,+2.96, +2.921,+11.936,+0.935
1704613320,+2.96, +2.901,+11.959,+0.935
1704613440,+2.96, +2.942,+11.932,+0.935
1704613560,+2.96, +2.911,+11.967,+0.936
1704613680,+2.96, +2.932,+11.941,+0.935
1704613800,+2.96, +2.921,+11.950,+0.935
1704613920,+2.96, +2.921,+11.943,+0.935
1704614040,+2.96, +2.942,+11.938,+0.935
1704614160,+2.96, +2.911,+11.948,+0.935
1704614280,+2.96, +2.921,+11.936,+0.935
1704614400,+2.96, +2.942,+11.932,+0.935
1704614520,+2.96, +2.901,+11.959,+0.935
1704614640,+2.96, +2.942,+11.940,+0.935
1704614760,+2.96, +2.932,+11.949,+0.935
1704614880,+2.96, +2.932,+11.945,+0.935
1704615000,+2.96, +2.942,+11.945,+0.935
1704615120,+2.96, +2.921,+11.945,+0.935
1704615240,+2.96, +2.921,+11.949,+0.935
1704615360,+2.96, +2.953,+11.936,+0.935
1704615480,+2.96, +2.942,+11.936,+0.935
1704615600,+2.96, +2.942,+11.945,+0.935
1704615720,+2.96, +2.932,+11.949,+0.935
1704615840,+2.96, +2.942,+11.942,+0.935
1704615960,+2.96, +2.932,+11.956,+0.935
1704616080,+2.96, +2.911,+11.963,+0.935
1704616200,+2.96, +2.932,+11.958,+0.936
1704616320,+2.96, +2.953,+11.935,+0.935
1704616440,+2.96, +2.932,+11.942,+0.935
1704616560,+2.96, +2.953,+11.938,+0.935
1704616680,+2.96, +2.953,+11.945,+0.936
1704616800,+2.96, +2.932,+11.938,+0.935
1704616920,+2.96, +2.953,+11.938,+0.935
1704617040,+2.96, +2.973,+11.931,+0.935
1704617160,+2.96, +2.932,+11.949,+0.935
1704617280,+2.96, +2.953,+11.938,+0.935
1704617400,+2.96, +2.942,+11.949,+0.935
1704617520,+2.96, +2.942,+11.942,+0.935
1704617640,+2.96, +2.973,+11.922,+0.935
1704617760,+2.96, +2.973,+11.917,+0.935
1704617880,+2.96, +2.953,+11.933,+0.935
1704618000,+2.96, +2.953,+11.945,+0.936
1704618120,+2.96, +2.953,+11.932,+0.935
1704618240,+2.96, +2.953,+11.940,+0.935
1704618360,+2.96, +2.953,+11.931,+0.935
1704618480,+2.96, +2.953,+11.940,+0.936
1704618600,+2.96, +2.963,+11.926,+0.935
1704618720,+2.96, +2.953,+11.940,+0.935
1704618840,+2.96, +2.963,+11.938,+0.936
1704618960,+2.96, +2.953,+11.931,+0.935
1704619080,+2.96, +2.984,+11.922,+0.935
1704619200,+2.96, +2.953,+11.940,+0.935
1704619320,+2.96, +2.953,+11.935,+0.935
1704619440,+2.96, +2.973,+11.940,+0.936
1704619560,+2.96, +2.973,+11.913,+0.935
1704619680,+2.96, +2.963,+11.931,+0.935
1704619800,+2.96, +2.973,+11.933,+0.935
1704619920,+2.96, +2.973,+11.941,+0.935
1704620040,+2.96, +2.953,+11.942,+0.935
1704620160,+2.96, +2.984,+11.928,+0.935
1704620280,+2.96, +2.973,+11.919,+0.935
1704620400,+2.96, +2.963,+11.933,+0.935
1704620520,+2.96, +2.963,+11.935,+0.935
1704620640,+2.96, +2.973,+11.930,+0.935
1704620760,+2.96, +2.973,+11.933,+0.935
1704620880,+2.96, +2.973,+11.937,+0.935
1704621000,+2.96, +2.973,+11.928,+0.935
1704621120,+2.96, +2.973,+11.941,+0.935
1704621240,+2.96, +2.973,+11.926,+0.935
1704621360,+2.96, +2.963,+11.943,+0.935
1704621480,+2.96, +2.984,+11.933,+0.935
1704621600,+2.96, +2.963,+11.937,+0.935
1704621720,+2.96, +2.973,+11.932,+0.935
1704621840,+2.96, +2.984,+11.930,+0.935
1704621960,+2.96, +2.984,+11.928,+0.935
1704622080,+2.96, +2.973,+11.938,+0.935
1704622200,+2.96, +2.973,+11.934,+0.935
1704622320,+2.96, +2.984,+11.932,+0.935
1704622440,+2.96, +2.994,+11.928,+0.935
1704622560,+2.96, +2.953,+11.946,+0.935
1704622680,+2.96, +2.984,+11.923,+0.935
1704622800,+2.96, +2.984,+11.939,+0.935
1704622920,+2.96, +2.973,+11.930,+0.935
1704623040,+2.96, +2.973,+11.945,+0.935
1704623160,+2.96, +2.963,+11.952,+0.935
1704623280,+2.96, +2.973,+11.947,+0.935
1704623400,+2.96, +2.994,+11.930,+0.935
1704623520,+2.96, +2.984,+11.941,+0.935
1704623640,+2.96, +2.973,+11.947,+0.935
1704623760,+2.96, +2.973,+11.945,+0.935
1704623880,+2.96, +2.963,+11.959,+0.935
1704624000,+2.96, +2.994,+11.927,+0.935
1704624120,+2.96, +3.005,+11.931,+0.935
1704624240,+2.96, +2.984,+11.947,+0.935
1704624360,+2.96, +3.005,+11.931,+0.935
1704624480,+2.96, +2.973,+11.953,+0.935
1704624600,+2.96, +2.953,+11.954,+0.935
1704624720,+2.96, +2.953,+11.960,+0.935
1704624840,+2.96, +2.984,+11.949,+0.935
1704624960,+2.96, +2.984,+11.938,+0.935
1704625080,+2.96, +2.973,+11.944,+0.935
1704625200,+2.96, +2.973,+11.962,+0.936
1704625320,+2.96, +2.963,+11.958,+0.935
1704625440,+2.96, +2.973,+11.951,+0.935
1704625560,+2.96, +2.973,+11.958,+0.935
1704625680,+2.96, +2.984,+11.949,+0.935
1704625800,+2.96, +2.973,+11.949,+0.935
1704625920,+2.96, +2.963,+11.953,+0.935
1704626040,+2.96, +2.973,+11.956,+0.935
1704626160,+2.96, +2.963,+11.964,+0.935
1704626280,+2.96, +2.963,+11.962,+0.935
1704626400,+2.96, +2.953,+11.966,+0.935
1704626520,+2.96, +2.963,+11.964,+0.935
1704626640,+2.96, +2.963,+11.964,+0.935
1704626760,+2.96, +2.973,+11.955,+0.935
1704626880,+2.96, +2.963,+11.958,+0.935
1704627000,+2.96, +2.942,+11.973,+0.935
1704627120,+2.96, +2.953,+11.969,+0.935
1704627240,+2.96, +2.953,+11.973,+0.935
1704627360,+2.96, +2.932,+11.980,+0.935
1704627480,+2.96, +2.953,+11.967,+0.935
1704627600,+2.96, +2.932,+11.982,+0.935
1704627720,+2.96, +2.932,+11.978,+0.935
1704627840,+2.96, +2.942,+11.960,+0.934
1704627960,+2.96, +2.942,+11.980,+0.935
1704628080,+2.96, +2.942,+11.962,+0.935
1704628200,+2.96, +2.942,+11.973,+0.935
1704628320,+2.96, +2.901,+11.993,+0.935
1704628440,+2.96, +2.942,+11.969,+0.935
1704628560,+2.96, +2.921,+12.000,+0.936
1704628680,+2.96, +2.932,+11.974,+0.935
1704628800,+2.96, +2.911,+11.994,+0.935
1704628920,+2.96, +2.942,+11.976,+0.935
1704629040,+2.96, +2.942,+11.985,+0.936
1704629160,+2.96, +2.911,+11.987,+0.935
1704629280,+2.96, +2.901,+11.991,+0.935
1704629400,+2.96, +2.911,+11.989,+0.935
1704629520,+2.96, +2.911,+11.998,+0.936
1704629640,+2.96, +2.942,+11.976,+0.935
1704629760,+2.96, +2.921,+11.991,+0.935
1704629880,+2.96, +2.911,+11.986,+0.935
1704630000,+2.96, +2.901,+11.996,+0.935
1704630120,+2.96, +2.911,+11.991,+0.935
1704630240,+2.96, +2.932,+11.975,+0.935
1704630360,+2.96, +2.911,+11.991,+0.935
1704630480,+2.96, +2.911,+11.996,+0.935
1704630600,+2.96, +2.921,+11.985,+0.935
1704630720,+2.96, +2.901,+11.991,+0.935
1704630840,+2.96, +2.890,+11.996,+0.935
1704630960,+2.96, +2.932,+11.982,+0.935
1704631080,+2.96, +2.901,+12.000,+0.935
1704631200,+2.96, +2.869,+12.016,+0.935
1704631320,+2.96, +2.890,+12.009,+0.935
1704631440,+2.96, +2.911,+12.000,+0.935
1704631560,+2.96, +2.911,+11.993,+0.935
1704631680,+2.96, +2.890,+12.007,+0.935
1704631800,+2.96, +2.880,+12.012,+0.935
1704631920,+2.96, +2.890,+11.996,+0.935
1704632040,+2.96, +2.890,+12.009,+0.935
1704632160,+2.96, +2.890,+12.000,+0.935
1704632280,+2.96, +2.890,+12.005,+0.935
1704632400,+2.96, +2.890,+12.005,+0.935
1704632520,+2.96, +2.880,+12.000,+0.935
1704632640,+2.96, +2.911,+11.989,+0.935
1704632760,+2.96, +2.901,+11.991,+0.935
1704632880,+2.96, +2.890,+12.001,+0.935
1704633000,+2.96, +2.869,+12.023,+0.935
1704633120,+2.96, +2.869,+12.000,+0.935
1704633240,+2.96, +2.869,+12.002,+0.935
1704633360,+2.96, +2.911,+11.993,+0.935
1704633480,+2.96, +2.880,+12.002,+0.935
1704633600,+2.96, +2.859,+12.020,+0.935
1704633720,+2.96, +2.838,+12.034,+0.935
1704633840,+2.96, +2.859,+12.016,+0.935
1704633960,+2.96, +2.880,+12.014,+0.935
1704634080,+2.96, +2.848,+12.036,+0.936
1704634200,+2.96, +2.859,+12.015,+0.935
1704634320,+2.96, +2.859,+12.016,+0.935
1704634440,+2.96, +2.848,+12.021,+0.935
1704634560,+2.96, +2.859,+12.020,+0.935
1704634680,+2.96, +2.869,+12.012,+0.935
1704634800,+2.96, +2.869,+12.018,+0.935
1704634920,+2.96, +2.848,+12.025,+0.935
1704635040,+2.96, +2.859,+12.018,+0.935
1704635160,+2.96, +2.859,+12.022,+0.935
1704635280,+2.96, +2.859,+12.019,+0.935
1704635400,+2.96, +2.859,+12.023,+0.935
1704635520,+2.96, +2.848,+12.029,+0.935
1704635640,+2.96, +2.848,+12.032,+0.935
1704635760,+2.96, +2.827,+12.054,+0.936
1704635880,+2.96, +2.869,+12.018,+0.935
1704636000,+2.96, +2.859,+12.016,+0.935
1704636120,+2.96, +2.859,+12.018,+0.935
1704636240,+2.96, +2.838,+12.025,+0.935
1704636360,+2.96, +2.869,+12.018,+0.935
1704636480,+2.96, +2.880,+12.011,+0.935
1704636600,+2.96, +2.848,+12.035,+0.935
1704636720,+2.96, +2.859,+12.029,+0.935
1704636840,+2.96, +2.859,+12.033,+0.935
1704636960,+2.96, +2.869,+12.038,+0.936
1704637080,+2.96, +2.869,+12.017,+0.935
1704637200,+2.96, +2.880,+12.010,+0.935
1704637320,+2.96, +2.880,+12.020,+0.935
1704637440,+2.96, +2.911,+11.997,+0.935
1704637560,+2.96, +2.880,+12.013,+0.935
1704637680,+2.96, +2.869,+12.033,+0.935
1704637800,+2.96, +2.880,+12.009,+0.935
1704637920,+2.96, +2.911,+11.997,+0.935
1704638040,+2.96, +2.890,+12.002,+0.935
1704638160,+2.96, +2.901,+12.008,+0.935
1704638280,+2.96, +2.890,+12.022,+0.936
1704638400,+2.96, +2.890,+12.022,+0.936
1704638520,+2.96, +2.921,+12.001,+0.935
1704638640,+2.96, +2.921,+12.001,+0.935
1704638760,+2.96, +2.921,+11.993,+0.935
1704638880,+2.96, +2.901,+12.006,+0.935
1704639000,+2.96, +2.932,+11.999,+0.935
1704639120,+2.96, +2.921,+12.004,+0.935
1704639240,+2.96, +2.921,+12.001,+0.935
1704639360,+2.96, +2.921,+12.005,+0.935
1704639480,+2.96, +2.953,+11.994,+0.935
1704639600,+2.96, +2.942,+11.999,+0.935
1704639720,+2.96, +2.932,+12.007,+0.935
1704639840,+2.96, +2.942,+12.000,+0.935
1704639960,+2.96, +2.953,+11.992,+0.935
1704640080,+2.96, +2.953,+11.996,+0.935
1704640200,+2.96, +2.953,+12.009,+0.936
1704640320,+2.96, +2.942,+11.993,+0.935
1704640440,+2.96, +2.942,+12.007,+0.935
1704640560,+2.96, +2.953,+12.005,+0.935
1704640680,+2.96, +2.963,+11.993,+0.935
1704640800,+2.96, +2.963,+11.993,+0.935
1704640920,+2.96, +2.973,+11.995,+0.935
1704641040,+2.96, +3.005,+11.962,+0.935
1704641160,+2.96, +2.994,+11.979,+0.935
1704641280,+2.96, +2.973,+11.984,+0.935
1704641400,+2.96, +2.973,+11.993,+0.935
1704641520,+2.96, +2.984,+11.989,+0.935
1704641640,+2.96, +3.005,+11.973,+0.935
1704641760,+2.96, +3.005,+11.972,+0.935
1704641880,+2.96, +3.015,+11.960,+0.935
1704642000,+2.96, +3.005,+11.982,+0.936
1704642120,+2.96, +3.005,+11.966,+0.935
1704642240,+2.96, +3.005,+11.984,+0.936
1704642360,+2.96, +3.036,+11.955,+0.935
1704642480,+2.96, +3.025,+11.962,+0.935
1704642600,+2.96, +3.036,+11.959,+0.935
1704642720,+2.96, +3.025,+11.973,+0.936
1704642840,+2.96, +3.046,+11.963,+0.936
1704642960,+2.96, +3.025,+11.970,+0.935
1704643080,+2.96, +3.046,+11.959,+0.935
1704643200,+2.96, +3.036,+11.961,+0.935
1704643320,+2.96, +3.057,+11.954,+0.935
1704643440,+2.96, +3.057,+11.959,+0.936
1704643560,+2.96, +3.057,+11.958,+0.935
1704643680,+2.96, +3.067,+11.949,+0.935
1704643800,+2.96, +3.077,+11.951,+0.936
1704643920,+2.96, +3.067,+11.951,+0.935
1704644040,+2.96, +3.077,+11.951,+0.936
1704644160,+2.96, +3.088,+11.933,+0.935
1704644280,+2.96, +3.098,+11.944,+0.936
1704644400,+2.96, +3.109,+11.931,+0.935
1704644520,+2.96, +3.098,+11.937,+0.935
1704644640,+2.96, +3.109,+11.933,+0.935
1704644760,+2.96, +3.119,+11.928,+0.935
1704644880,+2.96, +3.119,+11.935,+0.935
1704645000,+2.96, +3.109,+11.941,+0.935
1704645120,+2.96, +3.129,+11.943,+0.936
1704645240,+2.96, +3.129,+11.935,+0.936
1704645360,+2.96, +3.119,+11.932,+0.935
1704645480,+2.96, +3.119,+11.923,+0.935
1704645600,+2.96, +3.129,+11.934,+0.935
1704645720,+2.96, +3.140,+11.923,+0.935
1704645840,+2.96, +3.160,+11.918,+0.935
1704645960,+2.96, +3.160,+11.925,+0.935
1704646080,+2.96, +3.171,+11.909,+0.935
1704646200,+2.96, +3.171,+11.920,+0.935
1704646320,+2.96, +3.171,+11.924,+0.936
1704646440,+2.96, +3.192,+11.911,+0.936
1704646560,+2.96, +3.212,+11.904,+0.936
1704646680,+2.96, +3.212,+11.900,+0.936
1704646800,+2.96, +3.202,+11.899,+0.935
1704646920,+2.96, +3.223,+11.897,+0.935
1704647040,+2.96, +3.223,+11.907,+0.936
1704647160,+2.96, +3.212,+11.908,+0.936
1704647280,+2.96, +3.243,+11.882,+0.935
1704647400,+2.96, +3.233,+11.894,+0.935
1704647520,+2.96, +3.243,+11.885,+0.935
1704647640,+2.96, +3.233,+11.891,+0.935
1704647760,+2.96, +3.254,+11.880,+0.935
1704647880,+2.96, +3.285,+11.877,+0.936
1704648000,+2.96, +3.264,+11.887,+0.936
1704648120,+2.96, +3.295,+11.868,+0.935
1704648240,+2.96, +3.285,+11.882,+0.936
1704648360,+2.96, +3.285,+11.874,+0.935
1704648480,+2.96, +3.316,+11.854,+0.935
1704648600,+2.96, +3.305,+11.871,+0.935
1704648720,+2.96, +3.316,+11.882,+0.936
1704648840,+2.96, +3.326,+11.862,+0.935
1704648960,+2.96, +3.326,+11.864,+0.935
1704649080,+2.96, +3.336,+11.870,+0.936
1704649200,+2.96, +3.336,+11.860,+0.936
1704649320,+2.96, +3.347,+11.867,+0.935
1704649440,+2.96, +3.347,+11.859,+0.935
1704649560,+2.96, +3.378,+11.860,+0.936
1704649680,+2.96, +3.409,+11.837,+0.935
1704649800,+2.96, +3.378,+11.855,+0.935
1704649920,+2.96, +3.398,+11.857,+0.936
1704650040,+2.96, +3.378,+11.855,+0.935
1704650160,+2.96, +3.398,+11.852,+0.936
1704650280,+2.96, +3.419,+11.839,+0.936
1704650400,+2.96, +3.409,+11.843,+0.935
1704650520,+2.96, +3.419,+11.843,+0.936
1704650640,+2.96, +3.429,+11.836,+0.935
1704650760,+2.96, +3.429,+11.840,+0.936
1704650880,+2.96, +3.450,+11.831,+0.936
1704651000,+2.96, +3.450,+11.826,+0.935
1704651120,+2.95, +3.471,+11.823,+0.935
1704651240,+2.96, +3.460,+11.824,+0.935
1704651360,+2.95, +3.481,+11.807,+0.935
1704651480,+2.95, +3.481,+11.827,+0.936
1704651600,+2.95, +3.491,+11.809,+0.935
1704651720,+2.95, +3.491,+11.822,+0.936
1704651840,+2.95, +3.491,+11.823,+0.936
1704651960,+2.95, +3.501,+11.813,+0.935
1704652080,+2.95, +3.522,+11.804,+0.935
1704652200,+2.95, +3.522,+11.814,+0.936
1704652320,+2.95, +3.512,+11.819,+0.936
1704652440,+2.95, +3.543,+11.809,+0.936
1704652560,+2.95, +3.553,+11.813,+0.936
1704652680,+2.95, +3.543,+11.813,+0.936
1704652800,+2.95, +3.553,+11.798,+0.936
1704652920,+2.95, +3.543,+11.820,+0.936
1704653040,+2.95, +3.563,+11.795,+0.936
1704653160,+2.95, +3.584,+11.787,+0.935
1704653280,+2.95, +3.604,+11.782,+0.935
1704653400,+2.95, +3.584,+11.801,+0.936
1704653520,+2.95, +3.604,+11.787,+0.936
1704653640,+2.95, +3.604,+11.793,+0.936
1704653760,+2.95, +3.604,+11.782,+0.935
1704653880,+2.95, +3.625,+11.786,+0.936
1704654000,+2.95, +3.625,+11.790,+0.936
1704654120,+2.95, +3.645,+11.774,+0.936
1704654240,+2.95, +3.656,+11.766,+0.936
1704654360,+2.95, +3.645,+11.776,+0.936
1704654480,+2.95, +3.666,+11.768,+0.936
1704654600,+2.95, +3.666,+11.771,+0.936
1704654720,+2.95, +3.666,+11.764,+0.935
1704654840,+2.95, +3.686,+11.760,+0.935
1704654960,+2.95, +3.707,+11.759,+0.936
1704655080,+2.95, +3.697,+11.777,+0.936
1704655200,+2.95, +3.707,+11.770,+0.936
1704655320,+2.95, +3.697,+11.770,+0.936
1704655440,+2.95, +3.676,+11.789,+0.936
1704655560,+2.95, +3.717,+11.771,+0.936
1704655680,+2.95, +3.727,+11.769,+0.936
1704655800,+2.95, +3.738,+11.760,+0.936
1704655920,+2.95, +3.768,+11.749,+0.936
1704656040,+2.95, +3.748,+11.759,+0.936
1704656160,+2.95, +3.768,+11.756,+0.936
1704656280,+2.95, +3.748,+11.750,+0.935
1704656400,+2.95, +3.758,+11.761,+0.936
1704656520,+2.95, +3.738,+11.763,+0.936
1704656640,+2.95, +3.768,+11.756,+0.936
1704656760,+2.95, +3.768,+11.751,+0.936
1704656880,+2.95, +3.779,+11.744,+0.935
1704657000,+2.95, +3.789,+11.739,+0.936
1704657120,+2.95, +3.809,+11.738,+0.936
1704657240,+2.95, +3.809,+11.745,+0.936
1704657360,+2.95, +3.799,+11.736,+0.935
1704657480,+2.95, +3.830,+11.721,+0.935
1704657600,+2.95, +3.809,+11.743,+0.936
1704657720,+2.95, +3.820,+11.742,+0.936
1704657840,+2.95, +3.809,+11.749,+0.936
1704657960,+2.95, +3.820,+11.737,+0.935
1704658080,+2.95, +3.830,+11.741,+0.936
1704658200,+2.95, +3.809,+11.764,+0.936
1704658320,+2.95, +3.820,+11.757,+0.936
1704658440,+2.95, +3.860,+11.730,+0.936
1704658560,+2.95, +3.850,+11.731,+0.935
1704658680,+2.95, +3.850,+11.739,+0.936
1704658800,+2.95, +3.860,+11.742,+0.936
1704658920,+2.95, +3.850,+11.744,+0.936
1704659040,+2.95, +3.850,+11.733,+0.935
1704659160,+2.95, +3.850,+11.748,+0.936
1704659280,+2.96, +3.871,+11.734,+0.936
1704659400,+2.95, +3.860,+11.739,+0.936
1704659520,+2.96, +3.881,+11.737,+0.936
1704659640,+2.95, +3.881,+11.735,+0.936
1704659760,+2.96, +3.881,+11.738,+0.936
1704659880,+2.96, +3.891,+11.733,+0.936
1704660000,+2.96, +3.881,+11.744,+0.936
1704660120,+2.96, +3.881,+11.747,+0.936
1704660240,+2.96, +3.881,+11.746,+0.936
1704660360,+2.96, +3.860,+11.754,+0.936
1704660480,+2.96, +3.881,+11.746,+0.936
1704660600,+2.96, +3.881,+11.745,+0.936
1704660720,+2.96, +3.912,+11.733,+0.936
1704660840,+2.96, +3.881,+11.750,+0.936
1704660960,+2.96, +3.891,+11.745,+0.936
1704661080,+2.96, +3.891,+11.756,+0.936
1704661200,+2.95, +3.922,+11.730,+0.936
1704661320,+2.96, +3.901,+11.744,+0.936
1704661440,+2.96, +3.881,+11.761,+0.936
1704661560,+2.96, +3.901,+11.749,+0.936
1704661680,+2.95, +3.891,+11.756,+0.936
1704661800,+2.95, +3.881,+11.763,+0.936
1704661920,+2.96, +3.891,+11.759,+0.936
1704662040,+2.96, +3.901,+11.753,+0.936
1704662160,+2.96, +3.891,+11.764,+0.936
1704662280,+2.96, +3.881,+11.766,+0.936
1704662400,+2.96, +3.881,+11.757,+0.935
1704662520,+2.96, +3.912,+11.757,+0.936
1704662640,+2.96, +3.901,+11.765,+0.936
1704662760,+2.96, +3.901,+11.765,+0.936
1704662880,+2.96, +3.891,+11.770,+0.936
1704663000,+2.96, +3.891,+11.772,+0.936
1704663120,+2.96, +3.891,+11.774,+0.936
1704663240,+2.96, +3.901,+11.767,+0.936
1704663360,+2.96, +3.891,+11.772,+0.936
1704663480,+2.96, +3.881,+11.775,+0.936
1704663600,+2.96, +3.901,+11.780,+0.936
1704663720,+2.96, +3.891,+11.752,+0.935
1704663840,+2.96, +3.891,+11.767,+0.935
1704663960,+2.96, +3.901,+11.771,+0.936
1704664080,+2.96, +3.901,+11.771,+0.936
1704664200,+2.96, +3.891,+11.782,+0.936
1704664320,+2.96, +3.881,+11.780,+0.935
1704664440,+2.96, +3.881,+11.780,+0.935
1704664560,+2.96, +3.891,+11.785,+0.936
1704664680,+2.96, +3.871,+11.785,+0.935
1704664800,+2.96, +3.901,+11.777,+0.936
1704664920,+2.96, +3.881,+11.792,+0.936
1704665040,+2.96, +3.860,+11.806,+0.936
1704665160,+2.96, +3.871,+11.800,+0.936
1704665280,+2.95, +3.891,+11.784,+0.936
1704665400,+2.96, +3.871,+11.791,+0.935
1704665520,+2.96, +3.871,+11.796,+0.936
1704665640,+2.95, +3.860,+11.790,+0.935
1704665760,+2.95, +3.840,+11.808,+0.935
1704665880,+2.96, +3.891,+11.789,+0.936
1704666000,+2.95, +3.871,+11.784,+0.935
1704666120,+2.95, +3.850,+11.814,+0.936
1704666240,+2.95, +3.871,+11.800,+0.936
1704666360,+2.95, +3.860,+11.802,+0.935
1704666480,+2.95, +3.860,+11.806,+0.936
1704666600,+2.95, +3.850,+11.803,+0.935
1704666720,+2.95, +3.860,+11.807,+0.936
1704666840,+2.95, +3.830,+11.823,+0.936
1704666960,+2.95, +3.840,+11.814,+0.936
1704667080,+2.95, +3.830,+11.825,+0.936
1704667200,+2.95, +3.830,+11.819,+0.936
1704667320,+2.95, +3.860,+11.803,+0.936
1704667440,+2.95, +3.840,+11.814,+0.936
1704667560,+2.95, +3.809,+11.826,+0.935
1704667680,+2.95, +3.809,+11.827,+0.936
1704667800,+2.95, +3.799,+11.840,+0.936
1704667920,+2.95, +3.830,+11.819,+0.936
1704668040,+2.95, +3.799,+11.833,+0.935
1704668160,+2.95, +3.799,+11.837,+0.936
1704668280,+2.95, +3.779,+11.832,+0.935
1704668400,+2.95, +3.789,+11.842,+0.935
1704668520,+2.95, +3.809,+11.831,+0.936
1704668640,+2.95, +3.779,+11.845,+0.936
1704668760,+2.95, +3.789,+11.842,+0.936
1704668880,+2.95, +3.768,+11.860,+0.936
1704669000,+2.95, +3.758,+11.852,+0.935
1704669120,+2.95, +3.779,+11.841,+0.935
1704669240,+2.95, +3.758,+11.845,+0.935
1704669360,+2.95, +3.738,+11.872,+0.936
1704669480,+2.95, +3.738,+11.863,+0.935
1704669600,+2.95, +3.748,+11.873,+0.936
1704669720,+2.95, +3.738,+11.861,+0.935
1704669840,+2.95, +3.738,+11.857,+0.935
1704669960,+2.95, +3.758,+11.859,+0.936
1704670080,+2.95, +3.738,+11.862,+0.935
1704670200,+2.95, +3.717,+11.873,+0.935
1704670320,+2.95, +3.707,+11.883,+0.936
1704670440,+2.95, +3.707,+11.880,+0.935
1704670560,+2.95, +3.727,+11.873,+0.936
1704670680,+2.95, +3.707,+11.871,+0.935
1704670800,+2.95, +3.697,+11.887,+0.935
1704670920,+2.95, +3.686,+11.888,+0.935
1704671040,+2.95, +3.686,+11.886,+0.936
1704671160,+2.95, +3.686,+11.890,+0.936
1704671280,+2.95, +3.686,+11.877,+0.935
1704671400,+2.95, +3.656,+11.905,+0.936
1704671520,+2.95, +3.645,+11.901,+0.935
1704671640,+2.95, +3.656,+11.902,+0.936
1704671760,+2.95, +3.656,+11.893,+0.935
1704671880,+2.95, +3.656,+11.907,+0.936
1704672000,+2.95, +3.635,+11.906,+0.936
1704672120,+2.95, +3.615,+11.917,+0.936
1704672240,+2.95, +3.625,+11.905,+0.935
1704672360,+2.95, +3.625,+11.910,+0.935
1704672480,+2.95, +3.615,+11.916,+0.935
1704672600,+2.95, +3.615,+11.914,+0.935
1704672720,+2.95, +3.625,+11.921,+0.936
1704672840,+2.95, +3.604,+11.926,+0.935
1704672960,+2.95, +3.615,+11.923,+0.936
1704673080,+2.95, +3.584,+11.935,+0.936
1704673200,+2.95, +3.573,+11.935,+0.935
1704673320,+2.95, +3.584,+11.942,+0.936
1704673440,+2.95, +3.573,+11.934,+0.935
1704673560,+2.95, +3.573,+11.940,+0.936
1704673680,+2.95, +3.573,+11.938,+0.935
1704673800,+2.95, +3.563,+11.943,+0.935
1704673920,+2.95, +3.532,+11.953,+0.935
1704674040,+2.95, +3.543,+11.950,+0.936
1704674160,+2.95, +3.532,+11.944,+0.935
1704674280,+2.95, +3.522,+11.963,+0.935
1704674400,+2.95, +3.532,+11.955,+0.936
1704674520,+2.95, +3.512,+11.970,+0.936
1704674640,+2.95, +3.512,+11.975,+0.936
1704674760,+2.95, +3.491,+11.980,+0.935
1704674880,+2.95, +3.471,+11.993,+0.936
1704675000,+2.95, +3.460,+11.981,+0.935
1704675120,+2.95, +3.471,+11.988,+0.936
1704675240,+2.95, +3.471,+11.989,+0.936
1704675360,+2.95, +3.460,+11.989,+0.935
1704675480,+2.95, +3.460,+11.996,+0.936
1704675600,+2.96, +3.450,+11.992,+0.935
1704675720,+2.96, +3.450,+11.994,+0.935
1704675840,+2.96, +3.398,+12.017,+0.935
1704675960,+2.96, +3.429,+12.002,+0.935
1704676080,+2.96, +3.429,+11.997,+0.935
1704676200,+2.96, +3.388,+12.030,+0.936
1704676320,+2.96, +3.398,+12.016,+0.936
1704676440,+2.96, +3.398,+12.018,+0.936
1704676560,+2.96, +3.378,+12.019,+0.935
1704676680,+2.96, +3.378,+12.021,+0.935
1704676800,+2.96, +3.367,+12.032,+0.936
1704676920,+2.96, +3.347,+12.041,+0.936
1704677040,+2.96, +3.336,+12.041,+0.935
1704677160,+2.96, +3.347,+12.030,+0.935
1704677280,+2.96, +3.347,+12.028,+0.935
1704677400,+2.96, +3.347,+12.030,+0.935
1704677520,+2.96, +3.316,+12.047,+0.936
1704677640,+2.96, +3.336,+12.027,+0.935
1704677760,+2.96, +3.285,+12.062,+0.935
1704677880,+2.96, +3.305,+12.040,+0.935
1704678000,+2.96, +3.305,+12.053,+0.935
1704678120,+2.96, +3.305,+12.049,+0.935
1704678240,+2.96, +3.274,+12.063,+0.935
1704678360,+2.96, +3.285,+12.060,+0.935
1704678480,+2.96, +3.274,+12.063,+0.935
1704678600,+2.96, +3.274,+12.065,+0.935
1704678720,+2.96, +3.274,+12.056,+0.935
1704678840,+2.96, +3.254,+12.077,+0.936
1704678960,+2.96, +3.254,+12.080,+0.935
1704679080,+2.96, +3.254,+12.062,+0.935
1704679200,+2.96, +3.233,+12.073,+0.935
1704679320,+2.96, +3.243,+12.075,+0.935
1704679440,+2.96, +3.212,+12.078,+0.935
1704679560,+2.96, +3.212,+12.099,+0.936
1704679680,+2.96, +3.223,+12.084,+0.935
1704679800,+2.96, +3.212,+12.084,+0.935
1704679920,+2.96, +3.212,+12.084,+0.935
1704680040,+2.96, +3.202,+12.091,+0.935
1704680160,+2.96, +3.181,+12.096,+0.935
1704680280,+2.96, +3.192,+12.091,+0.935
1704680400,+2.96, +3.181,+12.104,+0.935
1704680520,+2.96, +3.171,+12.113,+0.935
1704680640,+2.96, +3.160,+12.101,+0.935
1704680760,+2.96, +3.150,+12.123,+0.936
1704680880,+2.96, +3.150,+12.119,+0.936
1704681000,+2.96, +3.140,+12.114,+0.935
1704681120,+2.96, +3.140,+12.121,+0.935
1704681240,+2.96, +3.129,+12.115,+0.935
1704681360,+2.96, +3.129,+12.114,+0.935
1704681480,+2.96, +3.129,+12.119,+0.935
1704681600,+2.96, +3.129,+12.129,+0.935
1704681720,+2.96, +3.109,+12.128,+0.935
1704681840,+2.96, +3.109,+12.126,+0.935
1704681960,+2.96, +3.098,+12.135,+0.935
1704682080,+2.96, +3.109,+12.124,+0.935
1704682200,+2.96, +3.098,+12.130,+0.935
1704682320,+2.96, +3.098,+12.137,+0.935
1704682440,+2.96, +3.098,+12.133,+0.935
