7450-401396
OS REV: 1.05 Sensor Cal: 1618512290
Time (sec),  BV (Volts),  T (deg C),  DO (mg/l),  Q ()
1704509520,+2.96, +1.084,+12.802,+0.934
1704509640,+2.96, +1.073,+12.804,+0.934
1704509760,+2.96, +1.073,+12.806,+0.934
1704509880,+2.96, +1.062,+12.799,+0.934
1704510000,+2.96, +1.062,+12.801,+0.934
1704510120,+2.96, +1.029,+12.820,+0.934
1704510240,+2.96, +1.029,+12.814,+0.934
1704510360,+2.96, +1.019,+12.818,+0.934
1704510480,+2.96, +1.008,+12.820,+0.934
1704510600,+2.96, +0.986,+12.807,+0.933
1704510720,+2.96, +0.964,+12.831,+0.934
1704510840,+2.96, +0.975,+12.817,+0.934
1704510960,+2.96, +0.953,+12.825,+0.933
1704511080,+2.96, +0.943,+12.827,+0.934
1704511200,+2.96, +0.943,+12.828,+0.934
1704511320,+2.96, +0.899,+12.851,+0.934
1704511440,+2.96, +0.910,+12.840,+0.934
1704511560,+2.96, +0.877,+12.843,+0.934
1704511680,+2.96, +0.877,+12.847,+0.934
1704511800,+2.96, +0.856,+12.851,+0.934
1704511920,+2.96, +0.856,+12.845,+0.934
1704512040,+2.96, +0.812,+12.871,+0.934
1704512160,+2.96, +0.812,+12.875,+0.934
1704512280,+2.96, +0.812,+12.863,+0.934
1704512400,+2.96, +0.801,+12.875,+0.934
1704512520,+2.96, +0.823,+12.855,+0.934
1704512640,+2.96, +0.779,+12.893,+0.934
1704512760,+2.96, +0.736,+12.906,+0.934
1704512880,+2.96, +0.758,+12.887,+0.934
1704513000,+2.96, +0.747,+12.901,+0.934
1704513120,+2.96, +0.758,+12.887,+0.934
1704513240,+2.96, +0.758,+12.883,+0.934
1704513360,+2.96, +0.714,+12.910,+0.934
1704513480,+2.96, +0.714,+12.898,+0.934
1704513600,+2.96, +0.703,+12.914,+0.934
1704513720,+2.96, +0.681,+12.920,+0.934
1704513840,+2.96, +0.670,+12.926,+0.934
1704513960,+2.96, +0.681,+12.904,+0.934
1704514080,+2.96, +0.681,+12.898,+0.933
1704514200,+2.96, +0.659,+12.922,+0.934
1704514320,+2.96, +0.659,+12.924,+0.934
1704514440,+2.96, +0.659,+12.924,+0.934
1704514560,+2.96, +0.659,+12.920,+0.934
1704514680,+2.96, +0.637,+12.926,+0.934
1704514800,+2.96, +0.648,+12.910,+0.933
1704514920,+2.96, +0.659,+12.909,+0.933
1704515040,+2.96, +0.637,+12.936,+0.934
1704515160,+2.96, +0.670,+12.920,+0.934
1704515280,+2.96, +0.648,+12.940,+0.934
1704515400,+2.96, +0.670,+12.930,+0.934
1704515520,+2.96, +0.637,+12.940,+0.934
1704515640,+2.96, +0.659,+12.930,+0.934
1704515760,+2.96, +0.670,+12.928,+0.934
1704515880,+2.96, +0.681,+12.920,+0.934
1704516000,+2.96, +0.670,+12.912,+0.934
1704516120,+2.96, +0.703,+12.894,+0.934
1704516240,+2.96, +0.670,+12.902,+0.933
1704516360,+2.96, +0.692,+12.892,+0.934
1704516480,+2.96, +0.692,+12.886,+0.933
1704516600,+2.96, +0.659,+12.920,+0.934
1704516720,+2.96, +0.681,+12.908,+0.934
1704516840,+2.96, +0.681,+12.896,+0.934
1704516960,+2.96, +0.670,+12.896,+0.933
1704517080,+2.96, +0.659,+12.912,+0.934
1704517200,+2.96, +0.670,+12.896,+0.934
1704517320,+2.96, +0.637,+12.918,+0.934
1704517440,+2.96, +0.659,+12.910,+0.934
1704517560,+2.96, +0.637,+12.910,+0.933
1704517680,+2.96, +0.626,+12.922,+0.934
1704517800,+2.96, +0.594,+12.933,+0.933
1704517920,+2.96, +0.583,+12.956,+0.934
1704518040,+2.96, +0.605,+12.925,+0.934
1704518160,+2.96, +0.605,+12.930,+0.934
1704518280,+2.96, +0.626,+12.906,+0.934
1704518400,+2.96, +0.626,+12.904,+0.933
1704518520,+2.96, +0.605,+12.927,+0.934
1704518640,+2.96, +0.594,+12.937,+0.934
1704518760,+2.96, +0.605,+12.919,+0.933
1704518880,+2.96, +0.605,+12.913,+0.933
1704519000,+2.96, +0.626,+12.908,+0.934
1704519120,+2.96, +0.626,+12.900,+0.933
1704519240,+2.96, +0.605,+12.913,+0.933
1704519360,+2.96, +0.637,+12.918,+0.934
1704519480,+2.96, +0.637,+12.908,+0.934
1704519600,+2.96, +0.637,+12.912,+0.934
1704519720,+2.96, +0.637,+12.912,+0.934
1704519840,+2.96, +0.648,+12.900,+0.933
1704519960,+2.96, +0.626,+12.922,+0.934
1704520080,+2.96, +0.681,+12.878,+0.934
1704520200,+2.96, +0.659,+12.898,+0.934
1704520320,+2.96, +0.681,+12.889,+0.934
1704520440,+2.96, +0.670,+12.880,+0.933
1704520560,+2.96, +0.681,+12.889,+0.934
1704520680,+2.96, +0.681,+12.885,+0.934
1704520800,+2.96, +0.670,+12.903,+0.934
1704520920,+2.96, +0.703,+12.864,+0.933
1704521040,+2.96, +0.681,+12.868,+0.933
1704521160,+2.96, +0.670,+12.896,+0.934
1704521280,+2.96, +0.703,+12.880,+0.933
1704521400,+2.96, +0.714,+12.878,+0.933
1704521520,+2.96, +0.725,+12.861,+0.934
1704521640,+2.96, +0.714,+12.875,+0.934
1704521760,+2.96, +0.703,+12.873,+0.934
1704521880,+2.96, +0.725,+12.863,+0.934
1704522000,+2.96, +0.725,+12.867,+0.934
1704522120,+2.96, +0.703,+12.875,+0.934
1704522240,+2.96, +0.714,+12.875,+0.934
1704522360,+2.96, +0.714,+12.877,+0.934
1704522480,+2.96, +0.725,+12.859,+0.934
1704522600,+2.96, +0.725,+12.867,+0.934
1704522720,+2.96, +0.714,+12.869,+0.934
1704522840,+2.96, +0.736,+12.843,+0.933
1704522960,+2.96, +0.703,+12.867,+0.934
1704523080,+2.96, +0.714,+12.859,+0.934
1704523200,+2.96, +0.703,+12.879,+0.934
1704523320,+2.96, +0.692,+12.874,+0.933
1704523440,+2.96, +0.725,+12.849,+0.934
1704523560,+2.96, +0.714,+12.869,+0.934
1704523680,+2.96, +0.736,+12.857,+0.934
1704523800,+2.96, +0.747,+12.845,+0.934
1704523920,+2.96, +0.747,+12.845,+0.934
1704524040,+2.96, +0.747,+12.851,+0.934
1704524160,+2.96, +0.736,+12.861,+0.934
1704524280,+2.96, +0.725,+12.859,+0.934
1704524400,+2.96, +0.747,+12.841,+0.934
1704524520,+2.96, +0.747,+12.849,+0.934
1704524640,+2.96, +0.779,+12.813,+0.933
1704524760,+2.96, +0.758,+12.850,+0.934
1704524880,+2.96, +0.768,+12.829,+0.934
1704525000,+2.96, +0.779,+12.832,+0.934
1704525120,+2.96, +0.768,+12.840,+0.934
1704525240,+2.96, +0.768,+12.829,+0.934
1704525360,+2.96, +0.790,+12.832,+0.934
1704525480,+2.96, +0.801,+12.822,+0.934
1704525600,+2.96, +0.779,+12.836,+0.934
1704525720,+2.96, +0.790,+12.830,+0.934
1704525840,+2.96, +0.790,+12.822,+0.934
1704525960,+2.96, +0.801,+12.817,+0.934
1704526080,+2.96, +0.790,+12.826,+0.934
1704526200,+2.96, +0.812,+12.816,+0.934
1704526320,+2.96, +0.801,+12.810,+0.934
1704526440,+2.96, +0.823,+12.808,+0.934
1704526560,+2.96, +0.812,+12.807,+0.934
1704526680,+2.96, +0.812,+12.820,+0.934
1704526800,+2.96, +0.834,+12.810,+0.934
1704526920,+2.96, +0.856,+12.796,+0.934
1704527040,+2.96, +0.823,+12.812,+0.934
1704527160,+2.96, +0.856,+12.796,+0.934
1704527280,+2.96, +0.856,+12.803,+0.934
1704527400,+2.96, +0.856,+12.786,+0.934
1704527520,+2.96, +0.856,+12.796,+0.934
1704527640,+2.96, +0.856,+12.796,+0.934
1704527760,+2.96, +0.845,+12.808,+0.934
1704527880,+2.96, +0.877,+12.786,+0.934
1704528000,+2.96, +0.866,+12.790,+0.934
1704528120,+2.96, +0.888,+12.786,+0.934
1704528240,+2.96, +0.888,+12.793,+0.934
1704528360,+2.96, +0.866,+12.794,+0.934
1704528480,+2.96, +0.888,+12.792,+0.934
1704528600,+2.96, +0.888,+12.794,+0.934
1704528720,+2.96, +0.888,+12.790,+0.934
1704528840,+2.96, +0.877,+12.800,+0.934
1704528960,+2.96, +0.888,+12.792,+0.934
1704529080,+2.96, +0.899,+12.782,+0.934
1704529200,+2.96, +0.899,+12.794,+0.934
1704529320,+2.96, +0.899,+12.790,+0.934
1704529440,+2.96, +0.910,+12.797,+0.934
1704529560,+2.96, +0.910,+12.784,+0.934
1704529680,+2.96, +0.910,+12.780,+0.934
1704529800,+2.96, +0.921,+12.778,+0.934
1704529920,+2.96, +0.932,+12.776,+0.934
1704530040,+2.96, +0.921,+12.778,+0.934
1704530160,+2.96, +0.932,+12.774,+0.934
1704530280,+2.96, +0.921,+12.784,+0.934
1704530400,+2.96, +0.943,+12.777,+0.934
1704530520,+2.96, +0.943,+12.780,+0.934
1704530640,+2.96, +0.953,+12.769,+0.934
1704530760,+2.96, +0.943,+12.772,+0.934
1704530880,+2.96, +0.953,+12.762,+0.934
1704531000,+2.96, +0.953,+12.758,+0.934
1704531120,+2.96, +0.964,+12.746,+0.934
1704531240,+2.96, +0.943,+12.760,+0.934
1704531360,+2.96, +0.986,+12.736,+0.934
1704531480,+2.96, +0.975,+12.742,+0.934
1704531600,+2.96, +0.997,+12.724,+0.934
1704531720,+2.96, +0.997,+12.737,+0.934
1704531840,+2.96, +0.975,+12.745,+0.934
1704531960,+2.96, +0.997,+12.716,+0.934
1704532080,+2.96, +0.975,+12.739,+0.934
1704532200,+2.96, +1.008,+12.719,+0.934
1704532320,+2.96, +1.019,+12.721,+0.934
1704532440,+2.96, +1.029,+12.711,+0.934
1704532560,+2.96, +1.029,+12.698,+0.934
1704532680,+2.96, +1.029,+12.705,+0.934
1704532800,+2.96, +1.029,+12.701,+0.934
1704532920,+2.96, +1.040,+12.690,+0.934
1704533040,+2.96, +1.051,+12.686,+0.934
1704533160,+2.96, +1.040,+12.697,+0.934
1704533280,+2.96, +1.040,+12.691,+0.934
1704533400,+2.96, +1.029,+12.690,+0.934
1704533520,+2.96, +1.040,+12.701,+0.934
1704533640,+2.96, +1.051,+12.687,+0.934
1704533760,+2.96, +1.062,+12.685,+0.934
1704533880,+2.96, +1.051,+12.675,+0.934
1704534000,+2.96, +1.062,+12.672,+0.934
1704534120,+2.96, +1.084,+12.677,+0.934
1704534240,+2.96, +1.094,+12.660,+0.934
1704534360,+2.96, +1.084,+12.667,+0.934
1704534480,+2.96, +1.062,+12.687,+0.935
1704534600,+2.96, +1.094,+12.657,+0.934
1704534720,+2.96, +1.105,+12.655,+0.934
1704534840,+2.96, +1.094,+12.667,+0.934
1704534960,+2.96, +1.084,+12.665,+0.934
1704535080,+2.96, +1.094,+12.657,+0.934
1704535200,+2.96, +1.116,+12.640,+0.934
1704535320,+2.96, +1.116,+12.630,+0.934
1704535440,+2.96, +1.149,+12.628,+0.934
1704535560,+2.96, +1.116,+12.645,+0.934
1704535680,+2.96, +1.138,+12.643,+0.935
1704535800,+2.96, +1.127,+12.641,+0.934
1704535920,+2.96, +1.127,+12.634,+0.934
1704536040,+2.96, +1.138,+12.633,+0.934
1704536160,+2.96, +1.138,+12.634,+0.934
1704536280,+2.96, +1.170,+12.608,+0.934
1704536400,+2.96, +1.138,+12.629,+0.934
1704536520,+2.96, +1.170,+12.610,+0.934
1704536640,+2.96, +1.159,+12.623,+0.935
1704536760,+2.96, +1.170,+12.606,+0.934
1704536880,+2.96, +1.149,+12.620,+0.934
1704537000,+2.96, +1.170,+12.606,+0.934
1704537120,+2.96, +1.170,+12.610,+0.934
1704537240,+2.96, +1.149,+12.606,+0.934
1704537360,+2.96, +1.170,+12.609,+0.935
1704537480,+2.96, +1.181,+12.602,+0.934
1704537600,+2.96, +1.170,+12.604,+0.934
1704537720,+2.96, +1.159,+12.604,+0.934
1704537840,+2.96, +1.181,+12.596,+0.934
1704537960,+2.96, +1.192,+12.603,+0.935
1704538080,+2.96, +1.192,+12.603,+0.935
1704538200,+2.96, +1.192,+12.601,+0.935
1704538320,+2.96, +1.203,+12.584,+0.934
1704538440,+2.96, +1.192,+12.586,+0.934
1704538560,+2.96, +1.192,+12.588,+0.934
1704538680,+2.96, +1.192,+12.582,+0.934
1704538800,+2.96, +1.203,+12.593,+0.935
1704538920,+2.96, +1.224,+12.550,+0.933
1704539040,+2.96, +1.192,+12.582,+0.934
1704539160,+2.96, +1.235,+12.576,+0.935
1704539280,+2.96, +1.213,+12.576,+0.934
1704539400,+2.96, +1.192,+12.584,+0.934
1704539520,+2.96, +1.192,+12.588,+0.934
1704539640,+2.96, +1.213,+12.585,+0.935
1704539760,+2.96, +1.246,+12.549,+0.934
1704539880,+2.96, +1.224,+12.578,+0.935
1704540000,+2.96, +1.235,+12.559,+0.934
1704540120,+2.96, +1.246,+12.562,+0.934
1704540240,+2.96, +1.224,+12.572,+0.934
1704540360,+2.96, +1.213,+12.576,+0.934
1704540480,+2.96, +1.246,+12.557,+0.934
1704540600,+2.96, +1.224,+12.570,+0.934
1704540720,+2.96, +1.224,+12.557,+0.934
1704540840,+2.96, +1.235,+12.551,+0.934
1704540960,+2.96, +1.224,+12.568,+0.935
1704541080,+2.96, +1.235,+12.547,+0.934
1704541200,+2.96, +1.257,+12.533,+0.934
1704541320,+2.96, +1.246,+12.535,+0.934
1704541440,+2.96, +1.246,+12.554,+0.935
1704541560,+2.96, +1.246,+12.546,+0.934
1704541680,+2.96, +1.246,+12.548,+0.934
1704541800,+2.96, +1.267,+12.543,+0.934
1704541920,+2.96, +1.267,+12.539,+0.934
1704542040,+2.96, +1.257,+12.542,+0.935
1704542160,+2.96, +1.257,+12.550,+0.934
1704542280,+2.96, +1.267,+12.531,+0.934
1704542400,+2.96, +1.257,+12.549,+0.934
1704542520,+2.96, +1.257,+12.550,+0.934
1704542640,+2.96, +1.278,+12.535,+0.934
1704542760,+2.96, +1.267,+12.542,+0.934
1704542880,+2.96, +1.267,+12.552,+0.935
1704543000,+2.96, +1.278,+12.531,+0.934
1704543120,+2.96, +1.289,+12.533,+0.934
1704543240,+2.96, +1.278,+12.525,+0.934
1704543360,+2.96, +1.289,+12.535,+0.935
1704543480,+2.96, +1.257,+12.547,+0.934
1704543600,+2.96, +1.278,+12.533,+0.934
1704543720,+2.96, +1.257,+12.545,+0.934
1704543840,+2.96, +1.289,+12.518,+0.934
1704543960,+2.96, +1.289,+12.518,+0.934
1704544080,+2.96, +1.289,+12.518,+0.934
1704544200,+2.96, +1.300,+12.525,+0.934
1704544320,+2.96, +1.278,+12.531,+0.934
1704544440,+2.96, +1.278,+12.525,+0.934
1704544560,+2.96, +1.300,+12.521,+0.934
1704544680,+2.96, +1.278,+12.527,+0.934
1704544800,+2.96, +1.289,+12.540,+0.935
1704544920,+2.96, +1.300,+12.542,+0.935
1704545040,+2.96, +1.289,+12.527,+0.934
1704545160,+2.96, +1.300,+12.523,+0.934
1704545280,+2.96, +1.300,+12.536,+0.935
1704545400,+2.96, +1.300,+12.527,+0.934
1704545520,+2.96, +1.321,+12.515,+0.934
1704545640,+2.96, +1.278,+12.531,+0.934
1704545760,+2.96, +1.311,+12.521,+0.935
1704545880,+2.96, +1.332,+12.513,+0.935
1704546000,+2.96, +1.332,+12.515,+0.935
1704546120,+2.96, +1.321,+12.515,+0.935
1704546240,+2.96, +1.332,+12.505,+0.934
1704546360,+2.96, +1.321,+12.519,+0.935
1704546480,+2.96, +1.321,+12.507,+0.934
1704546600,+2.96, +1.343,+12.501,+0.935
1704546720,+2.96, +1.311,+12.521,+0.934
1704546840,+2.96, +1.343,+12.492,+0.934
1704546960,+2.96, +1.321,+12.517,+0.935
1704547080,+2.96, +1.311,+12.511,+0.934
1704547200,+2.96, +1.332,+12.492,+0.934
1704547320,+2.96, +1.364,+12.476,+0.934
1704547440,+2.96, +1.343,+12.486,+0.934
1704547560,+2.96, +1.343,+12.502,+0.934
1704547680,+2.96, +1.364,+12.480,+0.934
1704547800,+2.96, +1.364,+12.484,+0.935
1704547920,+2.96, +1.354,+12.488,+0.934
1704548040,+2.96, +1.364,+12.486,+0.935
1704548160,+2.96, +1.375,+12.477,+0.934
1704548280,+2.96, +1.375,+12.477,+0.934
1704548400,+2.96, +1.364,+12.488,+0.934
1704548520,+2.96, +1.354,+12.501,+0.935
1704548640,+2.96, +1.397,+12.474,+0.935
1704548760,+2.96, +1.364,+12.490,+0.934
1704548880,+2.96, +1.386,+12.476,+0.934
1704549000,+2.96, +1.386,+12.480,+0.935
1704549120,+2.96, +1.408,+12.468,+0.934
1704549240,+2.96, +1.397,+12.474,+0.934
1704549360,+2.96, +1.397,+12.465,+0.934
1704549480,+2.96, +1.429,+12.463,+0.935
1704549600,+2.96, +1.408,+12.471,+0.934
1704549720,+2.96, +1.397,+12.471,+0.934
1704549840,+2.96, +1.429,+12.459,+0.934
1704549960,+2.96, +1.408,+12.470,+0.934
1704550080,+2.96, +1.418,+12.466,+0.935
1704550200,+2.96, +1.418,+12.461,+0.934
1704550320,+2.96, +1.429,+12.464,+0.935
1704550440,+2.96, +1.429,+12.457,+0.934
1704550560,+2.96, +1.418,+12.457,+0.934
1704550680,+2.96, +1.408,+12.472,+0.935
1704550800,+2.96, +1.440,+12.455,+0.935
1704550920,+2.96, +1.429,+12.466,+0.935
1704551040,+2.96, +1.418,+12.451,+0.934
1704551160,+2.96, +1.429,+12.453,+0.934
1704551280,+2.96, +1.429,+12.451,+0.934
1704551400,+2.96, +1.472,+12.428,+0.934
1704551520,+2.96, +1.461,+12.432,+0.934
1704551640,+2.96, +1.440,+12.443,+0.934
1704551760,+2.96, +1.451,+12.447,+0.935
1704551880,+2.96, +1.451,+12.438,+0.934
1704552000,+2.96, +1.461,+12.443,+0.935
1704552120,+2.96, +1.461,+12.437,+0.935
1704552240,+2.96, +1.461,+12.447,+0.935
1704552360,+2.96, +1.451,+12.447,+0.934
1704552480,+2.96, +1.461,+12.438,+0.934
1704552600,+2.96, +1.472,+12.426,+0.934
1704552720,+2.96, +1.472,+12.432,+0.934
1704552840,+2.96, +1.472,+12.445,+0.935
1704552960,+2.96, +1.472,+12.437,+0.935
1704553080,+2.96, +1.472,+12.428,+0.934
1704553200,+2.96, +1.461,+12.426,+0.934
1704553320,+2.96, +1.493,+12.414,+0.934
1704553440,+2.96, +1.483,+12.424,+0.934
1704553560,+2.96, +1.461,+12.432,+0.934
1704553680,+2.96, +1.472,+12.426,+0.934
1704553800,+2.96, +1.493,+12.428,+0.935
1704553920,+2.96, +1.472,+12.435,+0.935
1704554040,+2.96, +1.483,+12.429,+0.935
1704554160,+2.96, +1.483,+12.428,+0.934
1704554280,+2.96, +1.493,+12.420,+0.934
1704554400,+2.96, +1.483,+12.439,+0.935
1704554520,+2.96, +1.483,+12.420,+0.934
1704554640,+2.96, +1.493,+12.414,+0.934
1704554760,+2.96, +1.504,+12.420,+0.935
1704554880,+2.96, +1.515,+12.414,+0.935
1704555000,+2.96, +1.504,+12.418,+0.935
1704555120,+2.96, +1.504,+12.409,+0.934
1704555240,+2.96, +1.504,+12.422,+0.935
1704555360,+2.96, +1.504,+12.410,+0.934
1704555480,+2.96, +1.515,+12.408,+0.935
1704555600,+2.96, +1.515,+12.410,+0.935
1704555720,+2.96, +1.504,+12.403,+0.934
1704555840,+2.96, +1.504,+12.410,+0.935
1704555960,+2.96, +1.504,+12.406,+0.935
1704556080,+2.96, +1.515,+12.399,+0.934
1704556200,+2.96, +1.526,+12.387,+0.934
1704556320,+2.96, +1.493,+12.408,+0.935
1704556440,+2.96, +1.504,+12.402,+0.935
1704556560,+2.96, +1.515,+12.396,+0.935
1704556680,+2.96, +1.547,+12.368,+0.934
1704556800,+2.96, +1.536,+12.385,+0.935
1704556920,+2.96, +1.504,+12.401,+0.934
1704557040,+2.96, +1.504,+12.397,+0.935
1704557160,+2.96, +1.515,+12.404,+0.935
1704557280,+2.96, +1.515,+12.395,+0.934
1704557400,+2.96, +1.536,+12.394,+0.935
1704557520,+2.96, +1.526,+12.393,+0.935
1704557640,+2.96, +1.504,+12.403,+0.934
1704557760,+2.96, +1.515,+12.410,+0.935
1704557880,+2.96, +1.526,+12.395,+0.935
1704558000,+2.96, +1.526,+12.391,+0.935
1704558120,+2.96, +1.536,+12.379,+0.935
1704558240,+2.96, +1.515,+12.393,+0.935
1704558360,+2.96, +1.515,+12.370,+0.934
1704558480,+2.96, +1.536,+12.366,+0.935
1704558600,+2.96, +1.515,+12.379,+0.935
1704558720,+2.96, +1.526,+12.368,+0.934
1704558840,+2.96, +1.504,+12.377,+0.935
1704558960,+2.96, +1.526,+12.371,+0.935
1704559080,+2.96, +1.526,+12.357,+0.934
1704559200,+2.96, +1.536,+12.353,+0.934
1704559320,+2.96, +1.526,+12.362,+0.934
1704559440,+2.96, +1.515,+12.371,+0.935
1704559560,+2.96, +1.515,+12.371,+0.935
1704559680,+2.96, +1.515,+12.366,+0.934
1704559800,+2.96, +1.515,+12.373,+0.935
1704559920,+2.96, +1.526,+12.369,+0.935
1704560040,+2.96, +1.547,+12.347,+0.934
1704560160,+2.96, +1.547,+12.339,+0.934
1704560280,+2.96, +1.515,+12.370,+0.934
1704560400,+2.96, +1.536,+12.362,+0.934
1704560520,+2.96, +1.558,+12.358,+0.935
1704560640,+2.96, +1.547,+12.360,+0.934
1704560760,+2.96, +1.547,+12.356,+0.934
1704560880,+2.96, +1.547,+12.362,+0.935
1704561000,+2.96, +1.569,+12.347,+0.934
1704561120,+2.96, +1.547,+12.355,+0.934
1704561240,+2.96, +1.547,+12.364,+0.934
1704561360,+2.96, +1.536,+12.377,+0.935
1704561480,+2.96, +1.547,+12.371,+0.935
1704561600,+2.96, +1.526,+12.385,+0.935
1704561720,+2.96, +1.536,+12.391,+0.935
1704561840,+2.96, +1.569,+12.381,+0.935
1704561960,+2.96, +1.558,+12.370,+0.934
1704562080,+2.96, +1.558,+12.380,+0.934
1704562200,+2.96, +1.547,+12.382,+0.934
1704562320,+2.96, +1.547,+12.378,+0.934
1704562440,+2.96, +1.569,+12.379,+0.935
1704562560,+2.96, +1.558,+12.385,+0.934
1704562680,+2.96, +1.547,+12.387,+0.935
1704562800,+2.96, +1.558,+12.377,+0.935
1704562920,+2.96, +1.547,+12.374,+0.934
1704563040,+2.96, +1.569,+12.368,+0.934
1704563160,+2.96, +1.569,+12.358,+0.934
1704563280,+2.96, +1.569,+12.364,+0.934
1704563400,+2.96, +1.569,+12.362,+0.934
1704563520,+2.96, +1.579,+12.355,+0.934
1704563640,+2.96, +1.579,+12.362,+0.935
1704563760,+2.96, +1.569,+12.374,+0.935
1704563880,+2.96, +1.579,+12.360,+0.935
1704564000,+2.96, +1.601,+12.341,+0.934
1704564120,+2.96, +1.569,+12.366,+0.935
1704564240,+2.96, +1.579,+12.364,+0.935
1704564360,+2.96, +1.590,+12.349,+0.934
1704564480,+2.96, +1.590,+12.347,+0.934
1704564600,+2.96, +1.601,+12.334,+0.934
1704564720,+2.96, +1.601,+12.336,+0.934
1704564840,+2.96, +1.601,+12.335,+0.934
1704564960,+2.96, +1.590,+12.339,+0.934
1704565080,+2.96, +1.601,+12.318,+0.934
1704565200,+2.96, +1.601,+12.328,+0.934
1704565320,+2.96, +1.601,+12.337,+0.935
1704565440,+2.96, +1.622,+12.313,+0.934
1704565560,+2.96, +1.633,+12.314,+0.935
1704565680,+2.96, +1.633,+12.299,+0.934
1704565800,+2.96, +1.633,+12.305,+0.934
1704565920,+2.96, +1.644,+12.308,+0.935
1704566040,+2.96, +1.654,+12.301,+0.935
1704566160,+2.96, +1.644,+12.314,+0.935
1704566280,+2.96, +1.654,+12.312,+0.935
1704566400,+2.96, +1.654,+12.290,+0.934
1704566520,+2.96, +1.676,+12.293,+0.935
1704566640,+2.96, +1.676,+12.293,+0.935
1704566760,+2.96, +1.697,+12.276,+0.934
1704566880,+2.96, +1.686,+12.284,+0.935
1704567000,+2.96, +1.708,+12.267,+0.934
1704567120,+2.96, +1.697,+12.280,+0.935
1704567240,+2.96, +1.708,+12.258,+0.934
1704567360,+2.96, +1.697,+12.280,+0.935
1704567480,+2.96, +1.697,+12.276,+0.935
1704567600,+2.96, +1.718,+12.268,+0.935
1704567720,+2.96, +1.718,+12.272,+0.935
1704567840,+2.96, +1.740,+12.266,+0.935
1704567960,+2.96, +1.729,+12.257,+0.934
1704568080,+2.96, +1.772,+12.246,+0.935
1704568200,+2.96, +1.761,+12.242,+0.934
1704568320,+2.96, +1.761,+12.257,+0.935
1704568440,+2.96, +1.793,+12.231,+0.935
1704568560,+2.96, +1.772,+12.249,+0.935
1704568680,+2.96, +1.804,+12.229,+0.935
1704568800,+2.96, +1.825,+12.227,+0.935
1704568920,+2.96, +1.815,+12.231,+0.935
1704569040,+2.96, +1.804,+12.246,+0.935
1704569160,+2.96, +1.847,+12.212,+0.935
1704569280,+2.96, +1.825,+12.229,+0.935
1704569400,+2.96, +1.836,+12.214,+0.934
1704569520,+2.96, +1.836,+12.229,+0.935
1704569640,+2.96, +1.847,+12.227,+0.935
1704569760,+2.96, +1.878,+12.212,+0.935
1704569880,+2.96, +1.878,+12.207,+0.935
1704570000,+2.96, +1.868,+12.212,+0.935
1704570120,+2.96, +1.900,+12.204,+0.935
1704570240,+2.96, +1.921,+12.186,+0.935
1704570360,+2.96, +1.900,+12.204,+0.935
1704570480,+2.96, +1.942,+12.189,+0.935
1704570600,+2.96, +1.953,+12.184,+0.935
1704570720,+2.96, +1.953,+12.181,+0.935
1704570840,+2.96, +1.953,+12.182,+0.935
1704570960,+2.96, +1.974,+12.173,+0.935
1704571080,+2.96, +1.974,+12.167,+0.935
1704571200,+2.96, +1.974,+12.175,+0.935
1704571320,+2.96, +2.027,+12.149,+0.935
1704571440,+2.96, +2.006,+12.173,+0.935
1704571560,+2.96, +2.027,+12.160,+0.935
1704571680,+2.96, +2.038,+12.149,+0.935
1704571800,+2.96, +2.059,+12.147,+0.935
1704571920,+2.96, +2.070,+12.136,+0.935
1704572040,+2.96, +2.070,+12.138,+0.935
1704572160,+2.96, +2.102,+12.132,+0.935
1704572280,+2.96, +2.091,+12.127,+0.935
1704572400,+2.96, +2.123,+12.114,+0.935
1704572520,+2.96, +2.102,+12.125,+0.935
1704572640,+2.96, +2.133,+12.119,+0.935
1704572760,+2.96, +2.123,+12.116,+0.935
1704572880,+2.96, +2.165,+12.107,+0.935
1704573000,+2.96, +2.176,+12.117,+0.936
1704573120,+2.96, +2.186,+12.107,+0.935
1704573240,+2.96, +2.207,+12.096,+0.935
1704573360,+2.96, +2.218,+12.098,+0.935
1704573480,+2.96, +2.239,+12.103,+0.936
1704573600,+2.96, +2.250,+12.092,+0.935
1704573720,+2.96, +2.260,+12.085,+0.935
1704573840,+2.96, +2.281,+12.073,+0.935
1704573960,+2.96, +2.281,+12.073,+0.935
1704574080,+2.96, +2.281,+12.085,+0.935
1704574200,+2.96, +2.313,+12.069,+0.935
1704574320,+2.96, +2.313,+12.073,+0.935
1704574440,+2.96, +2.355,+12.051,+0.935
1704574560,+2.96, +2.355,+12.051,+0.935
1704574680,+2.96, +2.366,+12.064,+0.935
1704574800,+2.96, +2.366,+12.060,+0.935
1704574920,+2.96, +2.376,+12.057,+0.935
1704575040,+2.96, +2.376,+12.062,+0.936
1704575160,+2.96, +2.387,+12.050,+0.935
1704575280,+2.96, +2.387,+12.050,+0.935
1704575400,+2.96, +2.398,+12.052,+0.935
1704575520,+2.96, +2.429,+12.048,+0.936
1704575640,+2.96, +2.408,+12.052,+0.935
1704575760,+2.96, +2.429,+12.045,+0.935
1704575880,+2.96, +2.450,+12.034,+0.935
1704576000,+2.96, +2.440,+12.038,+0.935
1704576120,+2.96, +2.461,+12.032,+0.935
1704576240,+2.96, +2.471,+12.018,+0.935
1704576360,+2.96, +2.482,+12.027,+0.935
1704576480,+2.96, +2.471,+12.031,+0.935
1704576600,+2.96, +2.482,+12.027,+0.935
1704576720,+2.96, +2.492,+12.033,+0.935
1704576840,+2.96, +2.513,+12.020,+0.935
1704576960,+2.96, +2.524,+12.011,+0.935
1704577080,+2.96, +2.524,+12.020,+0.935
1704577200,+2.96, +2.513,+12.018,+0.935
1704577320,+2.96, +2.534,+12.019,+0.935
1704577440,+2.96, +2.524,+12.013,+0.935
1704577560,+2.96, +2.545,+12.009,+0.935
1704577680,+2.96, +2.534,+12.013,+0.935
1704577800,+2.96, +2.566,+11.995,+0.935
1704577920,+2.96, +2.566,+11.995,+0.935
1704578040,+2.96, +2.576,+11.993,+0.935
1704578160,+2.96, +2.576,+12.004,+0.935
1704578280,+2.96, +2.597,+11.986,+0.935
1704578400,+2.96, +2.576,+11.995,+0.935
1704578520,+2.96, +2.587,+11.995,+0.935
1704578640,+2.96, +2.597,+11.997,+0.935
1704578760,+2.96, +2.597,+11.994,+0.935
1704578880,+2.96, +2.629,+11.981,+0.935
1704579000,+2.96, +2.608,+11.999,+0.935
1704579120,+2.96, +2.629,+11.985,+0.935
1704579240,+2.96, +2.629,+11.981,+0.935
1704579360,+2.96, +2.629,+11.985,+0.935
1704579480,+2.96, +2.650,+11.983,+0.936
1704579600,+2.96, +2.629,+11.987,+0.935
1704579720,+2.96, +2.650,+11.983,+0.935
1704579840,+2.96, +2.671,+11.975,+0.935
1704579960,+2.96, +2.681,+11.962,+0.935
1704580080,+2.96, +2.681,+11.973,+0.935
1704580200,+2.96, +2.692,+11.967,+0.935
1704580320,+2.96, +2.692,+11.969,+0.935
1704580440,+2.96, +2.723,+11.941,+0.935
1704580560,+2.96, +2.723,+11.950,+0.935
1704580680,+2.96, +2.723,+11.953,+0.935
1704580800,+2.96, +2.702,+11.957,+0.935
1704580920,+2.96, +2.744,+11.926,+0.935
1704581040,+2.96, +2.723,+11.963,+0.935
1704581160,+2.96, +2.733,+11.957,+0.935
1704581280,+2.96, +2.754,+11.949,+0.935
1704581400,+2.96, +2.754,+11.943,+0.935
1704581520,+2.96, +2.754,+11.950,+0.935
1704581640,+2.96, +2.775,+11.941,+0.935
1704581760,+2.96, +2.775,+11.940,+0.935
1704581880,+2.96, +2.796,+11.942,+0.936
1704582000,+2.96, +2.786,+11.940,+0.935
1704582120,+2.96, +2.775,+11.949,+0.935
1704582240,+2.96, +2.817,+11.931,+0.935
1704582360,+2.96, +2.807,+11.944,+0.936
1704582480,+2.96, +2.817,+11.931,+0.935
1704582600,+2.96, +2.817,+11.933,+0.935
1704582720,+2.96, +2.838,+11.923,+0.935
1704582840,+2.96, +2.827,+11.930,+0.935
1704582960,+2.96, +2.848,+11.932,+0.936
1704583080,+2.96, +2.859,+11.918,+0.935
1704583200,+2.96, +2.848,+11.930,+0.936
1704583320,+2.96, +2.880,+11.913,+0.935
1704583440,+2.96, +2.848,+11.927,+0.935
1704583560,+2.96, +2.859,+11.929,+0.935
1704583680,+2.96, +2.859,+11.938,+0.936
1704583800,+2.96, +2.880,+11.923,+0.936
1704583920,+2.96, +2.880,+11.920,+0.935
1704584040,+2.96, +2.890,+11.916,+0.936
1704584160,+2.96, +2.890,+11.922,+0.936
1704584280,+2.96, +2.890,+11.908,+0.935
1704584400,+2.96, +2.921,+11.910,+0.936
1704584520,+2.96, +2.911,+11.904,+0.935
1704584640,+2.96, +2.890,+11.915,+0.935
1704584760,+2.96, +2.880,+11.931,+0.935
1704584880,+2.96, +2.921,+11.895,+0.935
1704585000,+2.96, +2.932,+11.903,+0.935
1704585120,+2.96, +2.921,+11.905,+0.935
1704585240,+2.96, +2.932,+11.908,+0.936
1704585360,+2.96, +2.932,+11.909,+0.935
1704585480,+2.96, +2.932,+11.903,+0.935
1704585600,+2.96, +2.963,+11.894,+0.935
1704585720,+2.96, +2.942,+11.913,+0.936
1704585840,+2.96, +2.963,+11.889,+0.935
1704585960,+2.96, +2.942,+11.911,+0.935
1704586080,+2.96, +2.942,+11.909,+0.935
1704586200,+2.96, +2.963,+11.900,+0.935
1704586320,+2.96, +2.953,+11.906,+0.935
1704586440,+2.96, +2.984,+11.888,+0.935
1704586560,+2.96, +2.973,+11.891,+0.935
1704586680,+2.96, +2.963,+11.895,+0.935
1704586800,+2.96, +2.973,+11.898,+0.935
1704586920,+2.96, +2.973,+11.893,+0.935
1704587040,+2.96, +3.005,+11.874,+0.935
1704587160,+2.96, +3.005,+11.874,+0.935
1704587280,+2.96, +2.994,+11.892,+0.935
1704587400,+2.96, +2.994,+11.892,+0.935
1704587520,+2.96, +2.994,+11.883,+0.935
1704587640,+2.96, +3.015,+11.881,+0.935
1704587760,+2.96, +2.984,+11.899,+0.936
1704587880,+2.96, +3.025,+11.880,+0.935
1704588000,+2.96, +3.005,+11.899,+0.936
1704588120,+2.96, +3.036,+11.869,+0.935
1704588240,+2.96, +3.005,+11.885,+0.935
1704588360,+2.96, +2.994,+11.900,+0.935
1704588480,+2.96, +3.036,+11.874,+0.935
1704588600,+2.96, +3.015,+11.896,+0.936
1704588720,+2.96, +3.015,+11.883,+0.935
1704588840,+2.96, +3.025,+11.886,+0.935
1704588960,+2.96, +3.046,+11.880,+0.935
1704589080,+2.96, +3.015,+11.898,+0.936
1704589200,+2.96, +3.015,+11.893,+0.935
1704589320,+2.96, +3.036,+11.882,+0.935
1704589440,+2.96, +3.015,+11.900,+0.936
1704589560,+2.96, +3.046,+11.877,+0.935
1704589680,+2.96, +3.025,+11.893,+0.935
1704589800,+2.96, +3.036,+11.890,+0.935
1704589920,+2.96, +3.036,+11.879,+0.935
1704590040,+2.96, +3.046,+11.884,+0.935
1704590160,+2.96, +3.015,+11.895,+0.935
1704590280,+2.96, +3.057,+11.877,+0.935
1704590400,+2.96, +3.036,+11.886,+0.935
1704590520,+2.96, +3.036,+11.884,+0.935
1704590640,+2.96, +3.057,+11.881,+0.935
1704590760,+2.96, +3.036,+11.888,+0.935
1704590880,+2.96, +3.046,+11.883,+0.935
1704591000,+2.96, +3.077,+11.870,+0.935
1704591120,+2.96, +3.046,+11.891,+0.936
1704591240,+2.96, +3.067,+11.881,+0.936
1704591360,+2.96, +3.057,+11.890,+0.936
1704591480,+2.96, +3.057,+11.886,+0.935
1704591600,+2.96, +3.057,+11.885,+0.935
1704591720,+2.96, +3.057,+11.883,+0.935
1704591840,+2.96, +3.067,+11.881,+0.935
1704591960,+2.96, +3.057,+11.894,+0.936
1704592080,+2.96, +3.046,+11.892,+0.935
1704592200,+2.96, +3.057,+11.883,+0.935
1704592320,+2.96, +3.057,+11.889,+0.935
1704592440,+2.96, +3.046,+11.896,+0.935
1704592560,+2.96, +3.057,+11.887,+0.935
1704592680,+2.96, +3.036,+11.905,+0.935
1704592800,+2.96, +3.057,+11.896,+0.935
1704592920,+2.96, +3.057,+11.901,+0.936
1704593040,+2.96, +3.036,+11.899,+0.935
1704593160,+2.96, +3.057,+11.891,+0.935
1704593280,+2.96, +3.067,+11.902,+0.936
1704593400,+2.96, +3.046,+11.889,+0.935
1704593520,+2.96, +3.046,+11.902,+0.935
1704593640,+2.96, +3.057,+11.907,+0.936
1704593760,+2.96, +3.036,+11.910,+0.936
1704593880,+2.96, +3.067,+11.896,+0.936
1704594000,+2.96, +3.046,+11.896,+0.935
1704594120,+2.96, +3.057,+11.895,+0.935
1704594240,+2.96, +3.057,+11.900,+0.936
1704594360,+2.96, +3.036,+11.923,+0.936
1704594480,+2.96, +3.025,+11.919,+0.936
1704594600,+2.96, +3.046,+11.896,+0.935
1704594720,+2.96, +3.057,+11.905,+0.936
1704594840,+2.96, +3.036,+11.903,+0.935
1704594960,+2.96, +3.046,+11.905,+0.935
1704595080,+2.96, +3.025,+11.912,+0.935
1704595200,+2.96, +3.046,+11.896,+0.935
1704595320,+2.96, +3.036,+11.901,+0.935
1704595440,+2.96, +3.046,+11.903,+0.935
1704595560,+2.96, +3.015,+11.907,+0.935
1704595680,+2.96, +3.025,+11.917,+0.936
1704595800,+2.96, +3.025,+11.914,+0.936
1704595920,+2.96, +3.036,+11.914,+0.936
