7450-401396
OS REV: 1.05 Sensor Cal: 1618512290
Time (sec),  BV (Volts),  T (deg C),  DO (mg/l),  Q ()
1704249960,+2.97, +1.847,+12.535,+0.935
1704250080,+2.97, +1.868,+12.527,+0.935
1704250200,+2.97, +1.836,+12.537,+0.935
1704250320,+2.97, +1.847,+12.528,+0.935
1704250440,+2.97, +1.836,+12.525,+0.935
1704250560,+2.97, +1.836,+12.535,+0.935
1704250680,+2.97, +1.815,+12.533,+0.935
1704250800,+2.97, +1.815,+12.543,+0.935
1704250920,+2.97, +1.804,+12.541,+0.935
1704251040,+2.97, +1.804,+12.535,+0.935
1704251160,+2.97, +1.793,+12.542,+0.935
1704251280,+2.97, +1.772,+12.569,+0.935
1704251400,+2.97, +1.772,+12.552,+0.935
1704251520,+2.97, +1.761,+12.554,+0.935
1704251640,+2.97, +1.740,+12.575,+0.935
1704251760,+2.97, +1.740,+12.571,+0.935
1704251880,+2.97, +1.729,+12.571,+0.935
1704252000,+2.97, +1.729,+12.565,+0.935
1704252120,+2.97, +1.729,+12.573,+0.935
1704252240,+2.97, +1.708,+12.571,+0.935
1704252360,+2.97, +1.718,+12.564,+0.934
1704252480,+2.97, +1.697,+12.588,+0.935
1704252600,+2.97, +1.697,+12.573,+0.935
1704252720,+2.97, +1.686,+12.579,+0.935
1704252840,+2.97, +1.697,+12.576,+0.935
1704252960,+2.97, +1.708,+12.565,+0.935
1704253080,+2.97, +1.697,+12.571,+0.935
1704253200,+2.97, +1.686,+12.586,+0.935
1704253320,+2.97, +1.686,+12.572,+0.935
1704253440,+2.97, +1.676,+12.576,+0.935
1704253560,+2.97, +1.665,+12.580,+0.935
1704253680,+2.97, +1.697,+12.570,+0.935
1704253800,+2.97, +1.676,+12.578,+0.935
1704253920,+2.97, +1.676,+12.584,+0.935
1704254040,+2.97, +1.644,+12.590,+0.935
1704254160,+2.97, +1.644,+12.588,+0.935
1704254280,+2.97, +1.633,+12.593,+0.935
1704254400,+2.97, +1.633,+12.576,+0.935
1704254520,+2.97, +1.611,+12.603,+0.935
1704254640,+2.97, +1.622,+12.599,+0.935
1704254760,+2.97, +1.601,+12.586,+0.934
1704254880,+2.97, +1.590,+12.616,+0.935
1704255000,+2.97, +1.590,+12.599,+0.935
1704255120,+2.97, +1.569,+12.599,+0.935
1704255240,+2.97, +1.579,+12.604,+0.935
1704255360,+2.97, +1.558,+12.609,+0.935
1704255480,+2.97, +1.547,+12.617,+0.935
1704255600,+2.97, +1.547,+12.610,+0.935
1704255720,+2.97, +1.558,+12.604,+0.935
1704255840,+2.97, +1.526,+12.618,+0.935
1704255960,+2.97, +1.483,+12.634,+0.935
1704256080,+2.97, +1.493,+12.624,+0.935
1704256200,+2.97, +1.483,+12.633,+0.935
1704256320,+2.97, +1.472,+12.633,+0.935
1704256440,+2.97, +1.429,+12.667,+0.935
1704256560,+2.97, +1.451,+12.639,+0.934
1704256680,+2.97, +1.440,+12.649,+0.935
1704256800,+2.97, +1.429,+12.649,+0.935
1704256920,+2.97, +1.397,+12.669,+0.935
1704257040,+2.97, +1.429,+12.651,+0.935
1704257160,+2.97, +1.429,+12.655,+0.935
1704257280,+2.97, +1.397,+12.667,+0.935
1704257400,+2.97, +1.397,+12.657,+0.934
1704257520,+2.97, +1.408,+12.649,+0.934
1704257640,+2.97, +1.397,+12.667,+0.935
1704257760,+2.97, +1.386,+12.661,+0.934
1704257880,+2.97, +1.397,+12.668,+0.935
1704258000,+2.97, +1.375,+12.665,+0.934
1704258120,+2.97, +1.364,+12.675,+0.934
1704258240,+2.97, +1.364,+12.667,+0.935
1704258360,+2.97, +1.375,+12.678,+0.935
1704258480,+2.97, +1.364,+12.668,+0.935
1704258600,+2.97, +1.343,+12.676,+0.934
1704258720,+2.97, +1.364,+12.670,+0.935
1704258840,+2.97, +1.354,+12.666,+0.935
1704258960,+2.97, +1.332,+12.675,+0.934
1704259080,+2.97, +1.332,+12.674,+0.935
1704259200,+2.97, +1.332,+12.669,+0.934
1704259320,+2.97, +1.332,+12.670,+0.935
1704259440,+2.97, +1.300,+12.683,+0.934
1704259560,+2.97, +1.289,+12.702,+0.935
1704259680,+2.97, +1.300,+12.688,+0.934
1704259800,+2.97, +1.321,+12.672,+0.934
1704259920,+2.97, +1.289,+12.692,+0.935
1704260040,+2.97, +1.300,+12.676,+0.934
1704260160,+2.97, +1.311,+12.680,+0.935
1704260280,+2.97, +1.278,+12.698,+0.935
1704260400,+2.97, +1.278,+12.690,+0.935
1704260520,+2.97, +1.267,+12.694,+0.935
1704260640,+2.97, +1.267,+12.700,+0.935
1704260760,+2.97, +1.257,+12.696,+0.934
1704260880,+2.97, +1.257,+12.694,+0.934
1704261000,+2.97, +1.257,+12.686,+0.934
1704261120,+2.97, +1.224,+12.712,+0.934
1704261240,+2.97, +1.235,+12.707,+0.935
1704261360,+2.97, +1.213,+12.714,+0.934
1704261480,+2.97, +1.224,+12.699,+0.934
1704261600,+2.97, +1.213,+12.721,+0.935
1704261720,+2.97, +1.203,+12.723,+0.935
1704261840,+2.97, +1.213,+12.706,+0.934
1704261960,+2.97, +1.224,+12.696,+0.934
1704262080,+2.97, +1.203,+12.710,+0.934
1704262200,+2.97, +1.192,+12.725,+0.935
1704262320,+2.97, +1.192,+12.712,+0.934
1704262440,+2.96, +1.181,+12.729,+0.935
1704262560,+2.97, +1.192,+12.710,+0.934
1704262680,+2.96, +1.170,+12.725,+0.934
1704262800,+2.96, +1.170,+12.729,+0.934
1704262920,+2.96, +1.170,+12.732,+0.934
1704263040,+2.96, +1.170,+12.720,+0.934
1704263160,+2.96, +1.181,+12.718,+0.934
1704263280,+2.96, +1.170,+12.735,+0.935
1704263400,+2.96, +1.181,+12.717,+0.935
1704263520,+2.96, +1.170,+12.733,+0.935
1704263640,+2.96, +1.170,+12.729,+0.934
1704263760,+2.96, +1.149,+12.735,+0.934
1704263880,+2.96, +1.170,+12.727,+0.934
1704264000,+2.96, +1.170,+12.733,+0.935
1704264120,+2.96, +1.159,+12.722,+0.934
1704264240,+2.96, +1.170,+12.719,+0.934
1704264360,+2.96, +1.170,+12.729,+0.935
1704264480,+2.97, +1.170,+12.731,+0.935
1704264600,+2.96, +1.159,+12.733,+0.935
1704264720,+2.96, +1.159,+12.733,+0.935
1704264840,+2.97, +1.159,+12.731,+0.934
1704264960,+2.96, +1.159,+12.733,+0.935
1704265080,+2.96, +1.170,+12.729,+0.934
1704265200,+2.96, +1.170,+12.733,+0.935
1704265320,+2.96, +1.149,+12.727,+0.934
1704265440,+2.96, +1.181,+12.721,+0.935
1704265560,+2.97, +1.170,+12.723,+0.935
1704265680,+2.96, +1.159,+12.731,+0.934
1704265800,+2.96, +1.170,+12.715,+0.934
1704265920,+2.96, +1.181,+12.707,+0.934
1704266040,+2.96, +1.181,+12.715,+0.935
1704266160,+2.96, +1.159,+12.727,+0.935
1704266280,+2.96, +1.138,+12.733,+0.935
1704266400,+2.96, +1.181,+12.709,+0.935
1704266520,+2.96, +1.170,+12.723,+0.935
1704266640,+2.97, +1.203,+12.704,+0.934
1704266760,+2.96, +1.181,+12.719,+0.934
1704266880,+2.96, +1.181,+12.727,+0.935
1704267000,+2.97, +1.181,+12.715,+0.934
1704267120,+2.97, +1.192,+12.723,+0.935
1704267240,+2.97, +1.192,+12.727,+0.935
1704267360,+2.97, +1.203,+12.708,+0.934
1704267480,+2.97, +1.192,+12.706,+0.934
1704267600,+2.97, +1.213,+12.702,+0.934
1704267720,+2.97, +1.213,+12.715,+0.935
1704267840,+2.97, +1.224,+12.694,+0.934
1704267960,+2.97, +1.213,+12.711,+0.935
1704268080,+2.97, +1.203,+12.711,+0.935
1704268200,+2.97, +1.224,+12.698,+0.934
1704268320,+2.97, +1.224,+12.699,+0.934
1704268440,+2.97, +1.213,+12.721,+0.935
1704268560,+2.97, +1.224,+12.701,+0.935
1704268680,+2.97, +1.213,+12.715,+0.935
1704268800,+2.97, +1.235,+12.699,+0.935
1704268920,+2.97, +1.213,+12.713,+0.935
1704269040,+2.97, +1.246,+12.686,+0.934
1704269160,+2.97, +1.224,+12.700,+0.934
1704269280,+2.97, +1.257,+12.684,+0.934
1704269400,+2.97, +1.235,+12.705,+0.935
1704269520,+2.97, +1.224,+12.707,+0.935
1704269640,+2.97, +1.235,+12.695,+0.935
1704269760,+2.97, +1.224,+12.699,+0.935
1704269880,+2.97, +1.257,+12.666,+0.934
1704270000,+2.97, +1.224,+12.719,+0.935
1704270120,+2.97, +1.257,+12.691,+0.935
1704270240,+2.97, +1.246,+12.697,+0.935
1704270360,+2.97, +1.235,+12.703,+0.935
1704270480,+2.97, +1.235,+12.690,+0.934
1704270600,+2.97, +1.246,+12.684,+0.934
1704270720,+2.97, +1.267,+12.680,+0.934
1704270840,+2.97, +1.246,+12.692,+0.934
1704270960,+2.97, +1.235,+12.703,+0.935
1704271080,+2.97, +1.267,+12.672,+0.934
1704271200,+2.97, +1.257,+12.684,+0.935
1704271320,+2.97, +1.267,+12.689,+0.935
1704271440,+2.97, +1.278,+12.680,+0.935
1704271560,+2.97, +1.300,+12.668,+0.934
1704271680,+2.97, +1.278,+12.684,+0.934
1704271800,+2.97, +1.300,+12.662,+0.934
1704271920,+2.97, +1.289,+12.674,+0.935
1704272040,+2.97, +1.278,+12.682,+0.935
1704272160,+2.97, +1.278,+12.685,+0.935
1704272280,+2.97, +1.289,+12.677,+0.935
1704272400,+2.97, +1.278,+12.670,+0.934
1704272520,+2.97, +1.257,+12.695,+0.935
1704272640,+2.97, +1.278,+12.680,+0.935
1704272760,+2.97, +1.267,+12.690,+0.935
1704272880,+2.97, +1.267,+12.690,+0.935
1704273000,+2.97, +1.257,+12.686,+0.934
1704273120,+2.97, +1.246,+12.682,+0.934
1704273240,+2.97, +1.257,+12.688,+0.934
1704273360,+2.97, +1.246,+12.686,+0.934
1704273480,+2.97, +1.224,+12.697,+0.935
1704273600,+2.97, +1.203,+12.709,+0.935
1704273720,+2.97, +1.192,+12.704,+0.934
1704273840,+2.97, +1.192,+12.698,+0.934
1704273960,+2.97, +1.192,+12.707,+0.934
1704274080,+2.96, +1.159,+12.715,+0.934
1704274200,+2.96, +1.170,+12.707,+0.934
1704274320,+2.96, +1.181,+12.711,+0.935
1704274440,+2.96, +1.170,+12.704,+0.934
1704274560,+2.96, +1.181,+12.698,+0.934
1704274680,+2.96, +1.159,+12.711,+0.934
1704274800,+2.96, +1.170,+12.705,+0.934
1704274920,+2.96, +1.159,+12.721,+0.935
1704275040,+2.96, +1.149,+12.715,+0.934
1704275160,+2.96, +1.149,+12.717,+0.934
1704275280,+2.96, +1.159,+12.713,+0.934
1704275400,+2.96, +1.138,+12.718,+0.934
1704275520,+2.96, +1.116,+12.735,+0.934
1704275640,+2.96, +1.138,+12.727,+0.935
1704275760,+2.96, +1.116,+12.735,+0.934
1704275880,+2.96, +1.127,+12.735,+0.934
1704276000,+2.96, +1.127,+12.733,+0.934
1704276120,+2.96, +1.149,+12.725,+0.935
1704276240,+2.96, +1.116,+12.727,+0.934
1704276360,+2.96, +1.138,+12.721,+0.934
1704276480,+2.96, +1.138,+12.719,+0.934
1704276600,+2.96, +1.138,+12.727,+0.935
1704276720,+2.96, +1.149,+12.715,+0.934
1704276840,+2.96, +1.149,+12.715,+0.934
1704276960,+2.96, +1.138,+12.718,+0.934
1704277080,+2.96, +1.149,+12.719,+0.934
1704277200,+2.96, +1.149,+12.710,+0.934
1704277320,+2.96, +1.127,+12.731,+0.934
1704277440,+2.96, +1.105,+12.732,+0.934
1704277560,+2.96, +1.149,+12.714,+0.934
1704277680,+2.96, +1.127,+12.723,+0.934
1704277800,+2.96, +1.127,+12.729,+0.934
1704277920,+2.96, +1.127,+12.719,+0.934
1704278040,+2.96, +1.116,+12.733,+0.934
1704278160,+2.96, +1.116,+12.731,+0.934
1704278280,+2.96, +1.105,+12.743,+0.935
1704278400,+2.96, +1.094,+12.747,+0.935
1704278520,+2.96, +1.094,+12.739,+0.934
1704278640,+2.96, +1.116,+12.739,+0.935
1704278760,+2.96, +1.084,+12.753,+0.934
1704278880,+2.96, +1.094,+12.735,+0.934
1704279000,+2.96, +1.073,+12.757,+0.935
1704279120,+2.96, +1.084,+12.739,+0.934
1704279240,+2.96, +1.084,+12.739,+0.934
1704279360,+2.96, +1.051,+12.753,+0.934
1704279480,+2.96, +1.062,+12.745,+0.934
1704279600,+2.96, +1.062,+12.751,+0.934
1704279720,+2.96, +1.019,+12.756,+0.934
1704279840,+2.96, +1.040,+12.763,+0.934
1704279960,+2.96, +1.029,+12.763,+0.935
1704280080,+2.96, +1.019,+12.759,+0.934
1704280200,+2.96, +0.997,+12.763,+0.934
1704280320,+2.96, +0.997,+12.771,+0.934
1704280440,+2.96, +0.975,+12.779,+0.934
1704280560,+2.96, +0.953,+12.789,+0.934
1704280680,+2.96, +0.943,+12.772,+0.934
1704280800,+2.96, +0.932,+12.789,+0.934
1704280920,+2.96, +0.921,+12.803,+0.934
1704281040,+2.96, +0.910,+12.805,+0.934
1704281160,+2.96, +0.910,+12.800,+0.934
1704281280,+2.96, +0.899,+12.807,+0.934
1704281400,+2.96, +0.888,+12.798,+0.934
1704281520,+2.96, +0.888,+12.796,+0.934
1704281640,+2.96, +0.888,+12.786,+0.933
1704281760,+2.96, +0.888,+12.809,+0.934
1704281880,+2.96, +0.877,+12.810,+0.934
1704282000,+2.96, +0.877,+12.794,+0.934
1704282120,+2.96, +0.877,+12.800,+0.934
1704282240,+2.96, +0.856,+12.813,+0.934
1704282360,+2.96, +0.866,+12.811,+0.934
1704282480,+2.96, +0.856,+12.814,+0.934
1704282600,+2.96, +0.856,+12.812,+0.934
1704282720,+2.96, +0.845,+12.812,+0.934
1704282840,+2.96, +0.866,+12.807,+0.934
1704282960,+2.96, +0.856,+12.808,+0.934
1704283080,+2.96, +0.834,+12.822,+0.934
1704283200,+2.96, +0.845,+12.812,+0.934
1704283320,+2.96, +0.823,+12.816,+0.934
1704283440,+2.96, +0.834,+12.825,+0.934
1704283560,+2.96, +0.812,+12.822,+0.934
1704283680,+2.96, +0.834,+12.806,+0.934
1704283800,+2.96, +0.812,+12.822,+0.934
1704283920,+2.96, +0.834,+12.800,+0.934
1704284040,+2.96, +0.801,+12.820,+0.934
1704284160,+2.96, +0.801,+12.838,+0.934
1704284280,+2.97, +0.779,+12.835,+0.934
1704284400,+2.96, +0.779,+12.825,+0.934
1704284520,+2.96, +0.779,+12.824,+0.934
1704284640,+2.96, +0.768,+12.832,+0.934
1704284760,+2.96, +0.747,+12.834,+0.934
1704284880,+2.96, +0.768,+12.827,+0.934
1704285000,+2.96, +0.768,+12.824,+0.934
1704285120,+2.97, +0.736,+12.844,+0.934
1704285240,+2.97, +0.714,+12.858,+0.934
1704285360,+2.97, +0.703,+12.851,+0.934
1704285480,+2.97, +0.714,+12.849,+0.934
1704285600,+2.97, +0.692,+12.859,+0.934
1704285720,+2.97, +0.714,+12.835,+0.933
1704285840,+2.97, +0.681,+12.867,+0.934
1704285960,+2.97, +0.659,+12.873,+0.934
1704286080,+2.97, +0.659,+12.872,+0.934
1704286200,+2.97, +0.659,+12.869,+0.934
1704286320,+2.97, +0.659,+12.859,+0.934
1704286440,+2.97, +0.659,+12.871,+0.934
1704286560,+2.97, +0.659,+12.869,+0.934
1704286680,+2.97, +0.605,+12.892,+0.934
1704286800,+2.97, +0.616,+12.880,+0.934
1704286920,+2.97, +0.616,+12.882,+0.934
1704287040,+2.97, +0.616,+12.896,+0.934
1704287160,+2.97, +0.605,+12.894,+0.934
1704287280,+2.97, +0.616,+12.876,+0.934
1704287400,+2.97, +0.616,+12.880,+0.934
1704287520,+2.97, +0.605,+12.890,+0.934
1704287640,+2.97, +0.605,+12.886,+0.934
1704287760,+2.97, +0.605,+12.884,+0.934
1704287880,+2.97, +0.572,+12.906,+0.934
1704288000,+2.97, +0.572,+12.897,+0.934
1704288120,+2.97, +0.572,+12.900,+0.934
1704288240,+2.97, +0.572,+12.902,+0.934
1704288360,+2.97, +0.594,+12.886,+0.934
1704288480,+2.97, +0.583,+12.898,+0.934
1704288600,+2.97, +0.572,+12.904,+0.934
1704288720,+2.97, +0.583,+12.906,+0.934
1704288840,+2.97, +0.583,+12.896,+0.934
1704288960,+2.97, +0.583,+12.886,+0.934
1704289080,+2.97, +0.572,+12.904,+0.934
1704289200,+2.97, +0.594,+12.890,+0.934
1704289320,+2.97, +0.594,+12.896,+0.934
1704289440,+2.97, +0.583,+12.910,+0.934
1704289560,+2.97, +0.605,+12.888,+0.934
1704289680,+2.97, +0.594,+12.892,+0.934
1704289800,+2.97, +0.594,+12.896,+0.934
1704289920,+2.97, +0.605,+12.884,+0.934
1704290040,+2.97, +0.605,+12.901,+0.934
1704290160,+2.97, +0.605,+12.886,+0.934
1704290280,+2.97, +0.605,+12.890,+0.934
1704290400,+2.97, +0.616,+12.886,+0.934
1704290520,+2.97, +0.626,+12.880,+0.934
1704290640,+2.97, +0.637,+12.878,+0.934
1704290760,+2.97, +0.626,+12.888,+0.934
1704290880,+2.97, +0.626,+12.893,+0.934
1704291000,+2.97, +0.637,+12.889,+0.934
1704291120,+2.97, +0.648,+12.880,+0.934
1704291240,+2.97, +0.637,+12.903,+0.934
1704291360,+2.97, +0.670,+12.871,+0.934
1704291480,+2.97, +0.659,+12.879,+0.934
1704291600,+2.97, +0.692,+12.861,+0.934
1704291720,+2.97, +0.681,+12.865,+0.934
1704291840,+2.97, +0.670,+12.879,+0.934
1704291960,+2.97, +0.670,+12.877,+0.934
1704292080,+2.97, +0.681,+12.865,+0.934
1704292200,+2.97, +0.714,+12.862,+0.934
1704292320,+2.97, +0.692,+12.868,+0.934
1704292440,+2.97, +0.692,+12.871,+0.934
1704292560,+2.97, +0.692,+12.884,+0.934
1704292680,+2.97, +0.703,+12.871,+0.934
1704292800,+2.97, +0.703,+12.865,+0.934
1704292920,+2.97, +0.725,+12.851,+0.934
1704293040,+2.97, +0.725,+12.851,+0.934
1704293160,+2.97, +0.747,+12.848,+0.934
1704293280,+2.96, +0.736,+12.845,+0.934
1704293400,+2.96, +0.758,+12.838,+0.934
1704293520,+2.96, +0.768,+12.842,+0.934
1704293640,+2.96, +0.736,+12.854,+0.934
1704293760,+2.96, +0.768,+12.844,+0.934
1704293880,+2.96, +0.758,+12.856,+0.935
1704294000,+2.96, +0.768,+12.852,+0.935
1704294120,+2.96, +0.812,+12.814,+0.934
1704294240,+2.96, +0.801,+12.820,+0.934
1704294360,+2.96, +0.823,+12.812,+0.934
1704294480,+2.96, +0.823,+12.818,+0.934
1704294600,+2.96, +0.823,+12.825,+0.935
1704294720,+2.96, +0.856,+12.798,+0.934
1704294840,+2.96, +0.845,+12.817,+0.935
1704294960,+2.96, +0.856,+12.809,+0.934
1704295080,+2.96, +0.899,+12.785,+0.934
1704295200,+2.96, +0.910,+12.787,+0.934
1704295320,+2.96, +0.921,+12.789,+0.934
1704295440,+2.96, +0.943,+12.769,+0.934
1704295560,+2.96, +0.953,+12.771,+0.934
1704295680,+2.96, +0.964,+12.771,+0.935
1704295800,+2.96, +0.997,+12.753,+0.934
1704295920,+2.96, +0.975,+12.775,+0.935
1704296040,+2.96, +1.008,+12.751,+0.935
1704296160,+2.96, +1.019,+12.743,+0.934
1704296280,+2.96, +1.040,+12.731,+0.934
1704296400,+2.96, +1.051,+12.733,+0.934
1704296520,+2.96, +1.073,+12.717,+0.934
1704296640,+2.96, +1.073,+12.723,+0.934
1704296760,+2.96, +1.084,+12.719,+0.934
1704296880,+2.96, +1.127,+12.703,+0.934
1704297000,+2.96, +1.105,+12.694,+0.934
1704297120,+2.96, +1.105,+12.729,+0.935
1704297240,+2.96, +1.149,+12.707,+0.935
1704297360,+2.96, +1.170,+12.687,+0.934
1704297480,+2.96, +1.181,+12.689,+0.935
1704297600,+2.97, +1.203,+12.694,+0.935
1704297720,+2.97, +1.235,+12.671,+0.935
1704297840,+2.97, +1.224,+12.673,+0.935
1704297960,+2.97, +1.246,+12.664,+0.934
1704298080,+2.97, +1.267,+12.646,+0.934
1704298200,+2.97, +1.278,+12.652,+0.934
1704298320,+2.97, +1.311,+12.640,+0.934
1704298440,+2.97, +1.311,+12.644,+0.935
1704298560,+2.97, +1.332,+12.634,+0.935
1704298680,+2.97, +1.332,+12.644,+0.935
1704298800,+2.97, +1.354,+12.630,+0.935
1704298920,+2.97, +1.343,+12.651,+0.935
1704299040,+2.97, +1.397,+12.614,+0.935
1704299160,+2.97, +1.418,+12.597,+0.934
1704299280,+2.97, +1.397,+12.611,+0.934
1704299400,+2.97, +1.429,+12.601,+0.935
1704299520,+2.97, +1.440,+12.602,+0.935
1704299640,+2.97, +1.483,+12.591,+0.935
1704299760,+2.97, +1.472,+12.583,+0.935
1704299880,+2.97, +1.483,+12.576,+0.935
1704300000,+2.97, +1.493,+12.577,+0.935
1704300120,+2.97, +1.504,+12.579,+0.935
1704300240,+2.97, +1.504,+12.574,+0.935
1704300360,+2.97, +1.526,+12.562,+0.935
1704300480,+2.97, +1.547,+12.554,+0.935
1704300600,+2.97, +1.558,+12.564,+0.935
1704300720,+2.97, +1.601,+12.524,+0.934
1704300840,+2.97, +1.579,+12.547,+0.935
1704300960,+2.97, +1.569,+12.553,+0.935
1704301080,+2.97, +1.633,+12.525,+0.935
1704301200,+2.97, +1.644,+12.518,+0.935
1704301320,+2.97, +1.665,+12.512,+0.935
1704301440,+2.97, +1.676,+12.512,+0.935
1704301560,+2.97, +1.665,+12.520,+0.935
1704301680,+2.97, +1.708,+12.500,+0.935
1704301800,+2.97, +1.718,+12.496,+0.935
1704301920,+2.97, +1.708,+12.497,+0.935
1704302040,+2.97, +1.729,+12.493,+0.935
1704302160,+2.97, +1.750,+12.466,+0.934
1704302280,+2.97, +1.750,+12.476,+0.935
1704302400,+2.97, +1.793,+12.466,+0.935
1704302520,+2.97, +1.793,+12.470,+0.935
1704302640,+2.97, +1.825,+12.458,+0.935
1704302760,+2.97, +1.825,+12.451,+0.935
1704302880,+2.97, +1.847,+12.447,+0.935
1704303000,+2.97, +1.847,+12.449,+0.935
1704303120,+2.97, +1.868,+12.442,+0.935
1704303240,+2.97, +1.868,+12.453,+0.935
1704303360,+2.96, +1.889,+12.430,+0.935
1704303480,+2.96, +1.921,+12.419,+0.935
1704303600,+2.96, +1.910,+12.417,+0.935
1704303720,+2.96, +1.921,+12.423,+0.935
1704303840,+2.96, +1.964,+12.404,+0.935
1704303960,+2.96, +1.974,+12.404,+0.935
1704304080,+2.96, +1.995,+12.391,+0.935
1704304200,+2.96, +2.006,+12.381,+0.935
1704304320,+2.96, +2.027,+12.376,+0.935
1704304440,+2.96, +2.017,+12.397,+0.935
1704304560,+2.96, +2.049,+12.381,+0.936
1704304680,+2.96, +2.049,+12.378,+0.935
1704304800,+2.96, +2.091,+12.356,+0.935
1704304920,+2.96, +2.091,+12.358,+0.935
1704305040,+2.96, +2.102,+12.348,+0.935
1704305160,+2.96, +2.123,+12.348,+0.935
1704305280,+2.96, +2.123,+12.358,+0.935
1704305400,+2.96, +2.144,+12.337,+0.935
1704305520,+2.96, +2.144,+12.337,+0.935
1704305640,+2.96, +2.186,+12.315,+0.935
1704305760,+2.96, +2.197,+12.322,+0.935
1704305880,+2.96, +2.239,+12.298,+0.935
1704306000,+2.96, +2.207,+12.313,+0.935
1704306120,+2.96, +2.260,+12.283,+0.935
1704306240,+2.96, +2.260,+12.296,+0.935
1704306360,+2.96, +2.281,+12.295,+0.935
1704306480,+2.96, +2.292,+12.286,+0.935
1704306600,+2.96, +2.303,+12.287,+0.935
1704306720,+2.96, +2.313,+12.276,+0.935
1704306840,+2.96, +2.355,+12.256,+0.935
1704306960,+2.96, +2.355,+12.251,+0.935
1704307080,+2.96, +2.387,+12.247,+0.935
1704307200,+2.96, +2.398,+12.247,+0.935
1704307320,+2.96, +2.398,+12.245,+0.936
1704307440,+2.96, +2.419,+12.240,+0.935
1704307560,+2.96, +2.450,+12.223,+0.935
1704307680,+2.96, +2.461,+12.225,+0.936
1704307800,+2.96, +2.503,+12.205,+0.935
1704307920,+2.96, +2.492,+12.207,+0.935
1704308040,+2.96, +2.513,+12.203,+0.936
1704308160,+2.96, +2.534,+12.194,+0.936
1704308280,+2.96, +2.555,+12.187,+0.936
1704308400,+2.96, +2.587,+12.182,+0.936
1704308520,+2.96, +2.566,+12.186,+0.936
1704308640,+2.96, +2.576,+12.182,+0.935
1704308760,+2.97, +2.618,+12.166,+0.936
1704308880,+2.97, +2.639,+12.155,+0.935
1704309000,+2.97, +2.660,+12.153,+0.936
1704309120,+2.97, +2.671,+12.152,+0.936
1704309240,+2.97, +2.681,+12.137,+0.935
1704309360,+2.97, +2.713,+12.137,+0.936
1704309480,+2.97, +2.733,+12.117,+0.935
1704309600,+2.97, +2.733,+12.127,+0.936
1704309720,+2.97, +2.765,+12.105,+0.935
1704309840,+2.97, +2.765,+12.109,+0.935
1704309960,+2.97, +2.775,+12.113,+0.936
1704310080,+2.97, +2.796,+12.104,+0.936
1704310200,+2.97, +2.817,+12.093,+0.936
1704310320,+2.97, +2.827,+12.094,+0.935
1704310440,+2.97, +2.848,+12.090,+0.936
1704310560,+2.97, +2.838,+12.099,+0.936
1704310680,+2.97, +2.911,+12.054,+0.935
1704310800,+2.97, +2.901,+12.065,+0.936
1704310920,+2.97, +2.911,+12.062,+0.936
1704311040,+2.97, +2.932,+12.057,+0.936
1704311160,+2.97, +2.963,+12.050,+0.936
1704311280,+2.97, +2.963,+12.043,+0.936
1704311400,+2.96, +3.005,+12.038,+0.936
1704311520,+2.97, +3.005,+12.034,+0.936
1704311640,+2.96, +3.036,+12.026,+0.936
1704311760,+2.96, +3.025,+12.035,+0.936
1704311880,+2.96, +3.067,+12.014,+0.936
1704312000,+2.96, +3.088,+12.018,+0.936
1704312120,+2.96, +3.077,+12.016,+0.936
1704312240,+2.96, +3.098,+12.018,+0.936
1704312360,+2.96, +3.109,+12.010,+0.936
1704312480,+2.96, +3.140,+12.007,+0.936
1704312600,+2.96, +3.140,+11.992,+0.936
1704312720,+2.96, +3.160,+11.989,+0.936
1704312840,+2.96, +3.160,+11.993,+0.936
1704312960,+2.96, +3.202,+11.972,+0.936
1704313080,+2.96, +3.202,+11.974,+0.936
1704313200,+2.96, +3.212,+11.976,+0.936
1704313320,+2.96, +3.254,+11.958,+0.936
1704313440,+2.96, +3.254,+11.962,+0.936
1704313560,+2.96, +3.254,+11.959,+0.936
1704313680,+2.96, +3.274,+11.959,+0.936
1704313800,+2.96, +3.285,+11.954,+0.936
1704313920,+2.96, +3.305,+11.951,+0.936
1704314040,+2.96, +3.305,+11.955,+0.936
1704314160,+2.96, +3.336,+11.935,+0.936
1704314280,+2.96, +3.357,+11.948,+0.936
1704314400,+2.96, +3.378,+11.945,+0.936
1704314520,+2.96, +3.367,+11.962,+0.936
1704314640,+2.96, +3.367,+11.970,+0.936
1704314760,+2.96, +3.388,+11.960,+0.936
1704314880,+2.96, +3.398,+11.964,+0.936
1704315000,+2.96, +3.450,+11.958,+0.936
1704315120,+2.96, +3.450,+11.951,+0.936
1704315240,+2.96, +3.450,+11.950,+0.935
1704315360,+2.96, +3.471,+11.949,+0.936
1704315480,+2.96, +3.471,+11.947,+0.936
1704315600,+2.96, +3.512,+11.935,+0.936
1704315720,+2.96, +3.501,+11.947,+0.936
1704315840,+2.96, +3.532,+11.939,+0.936
1704315960,+2.96, +3.543,+11.924,+0.936
1704316080,+2.96, +3.563,+11.932,+0.936
1704316200,+2.96, +3.573,+11.935,+0.936
1704316320,+2.96, +3.604,+11.913,+0.936
1704316440,+2.96, +3.615,+11.905,+0.936
1704316560,+2.96, +3.615,+11.916,+0.936
1704316680,+2.96, +3.656,+11.897,+0.936
1704316800,+2.96, +3.656,+11.912,+0.936
1704316920,+2.96, +3.686,+11.891,+0.936
1704317040,+2.96, +3.697,+11.886,+0.936
1704317160,+2.96, +3.707,+11.888,+0.936
1704317280,+2.96, +3.717,+11.889,+0.936
1704317400,+2.96, +3.717,+11.887,+0.936
1704317520,+2.96, +3.738,+11.877,+0.936
1704317640,+2.96, +3.748,+11.870,+0.936
1704317760,+2.96, +3.748,+11.886,+0.936
1704317880,+2.96, +3.779,+11.858,+0.936
1704318000,+2.96, +3.799,+11.856,+0.936
1704318120,+2.96, +3.820,+11.841,+0.936
1704318240,+2.96, +3.820,+11.851,+0.936
1704318360,+2.96, +3.830,+11.851,+0.936
1704318480,+2.96, +3.850,+11.848,+0.936
1704318600,+2.96, +3.850,+11.838,+0.936
1704318720,+2.96, +3.881,+11.821,+0.936
1704318840,+2.96, +3.871,+11.842,+0.936
1704318960,+2.96, +3.901,+11.821,+0.936
1704319080,+2.96, +3.891,+11.820,+0.936
1704319200,+2.96, +3.891,+11.832,+0.936
1704319320,+2.96, +3.932,+11.804,+0.936
1704319440,+2.96, +3.952,+11.808,+0.936
1704319560,+2.96, +3.942,+11.802,+0.936
1704319680,+2.96, +3.952,+11.807,+0.936
1704319800,+2.96, +3.963,+11.802,+0.936
1704319920,+2.96, +3.963,+11.803,+0.936
1704320040,+2.96, +3.973,+11.804,+0.936
1704320160,+2.96, +3.993,+11.808,+0.937
1704320280,+2.96, +3.993,+11.790,+0.936
1704320400,+2.97, +4.003,+11.791,+0.936
1704320520,+2.96, +4.024,+11.779,+0.936
1704320640,+2.96, +4.024,+11.787,+0.936
1704320760,+2.96, +4.014,+11.793,+0.936
1704320880,+2.96, +4.054,+11.760,+0.936
1704321000,+2.96, +4.034,+11.787,+0.936
1704321120,+2.96, +4.044,+11.781,+0.936
1704321240,+2.96, +4.075,+11.768,+0.936
1704321360,+2.96, +4.064,+11.762,+0.936
1704321480,+2.96, +4.064,+11.775,+0.936
1704321600,+2.96, +4.075,+11.778,+0.936
1704321720,+2.96, +4.085,+11.747,+0.936
1704321840,+2.96, +4.075,+11.779,+0.937
1704321960,+2.96, +4.115,+11.746,+0.936
1704322080,+2.96, +4.105,+11.757,+0.936
1704322200,+2.96, +4.095,+11.752,+0.936
1704322320,+2.96, +4.085,+11.781,+0.936
1704322440,+2.96, +4.095,+11.770,+0.936
1704322560,+2.96, +4.115,+11.753,+0.936
1704322680,+2.96, +4.126,+11.751,+0.936
1704322800,+2.96, +4.115,+11.767,+0.936
1704322920,+2.96, +4.126,+11.746,+0.936
1704323040,+2.96, +4.146,+11.752,+0.936
1704323160,+2.96, +4.105,+11.776,+0.936
1704323280,+2.96, +4.136,+11.744,+0.936
1704323400,+2.96, +4.115,+11.768,+0.936
1704323520,+2.96, +4.136,+11.767,+0.936
1704323640,+2.96, +4.136,+11.762,+0.936
1704323760,+2.96, +4.136,+11.765,+0.936
1704323880,+2.96, +4.136,+11.756,+0.936
1704324000,+2.96, +4.156,+11.744,+0.936
1704324120,+2.96, +4.126,+11.768,+0.936
1704324240,+2.96, +4.126,+11.764,+0.936
1704324360,+2.96, +4.146,+11.748,+0.936
1704324480,+2.96, +4.156,+11.753,+0.936
1704324600,+2.96, +4.156,+11.766,+0.936
1704324720,+2.96, +4.146,+11.754,+0.936
1704324840,+2.96, +4.136,+11.766,+0.937
1704324960,+2.96, +4.156,+11.743,+0.936
1704325080,+2.96, +4.166,+11.751,+0.937
1704325200,+2.96, +4.156,+11.764,+0.937
1704325320,+2.96, +4.156,+11.751,+0.936
1704325440,+2.96, +4.176,+11.746,+0.936
1704325560,+2.96, +4.156,+11.745,+0.936
1704325680,+2.96, +4.156,+11.749,+0.936
1704325800,+2.96, +4.156,+11.753,+0.936
1704325920,+2.96, +4.156,+11.751,+0.936
1704326040,+2.96, +4.176,+11.739,+0.936
1704326160,+2.96, +4.156,+11.751,+0.936
1704326280,+2.96, +4.176,+11.747,+0.936
1704326400,+2.96, +4.166,+11.748,+0.936
1704326520,+2.96, +4.176,+11.741,+0.936
1704326640,+2.96, +4.176,+11.732,+0.936
1704326760,+2.96, +4.197,+11.734,+0.936
1704326880,+2.96, +4.176,+11.745,+0.936
1704327000,+2.96, +4.176,+11.754,+0.937
1704327120,+2.96, +4.176,+11.738,+0.936
1704327240,+2.96, +4.186,+11.749,+0.937
1704327360,+2.96, +4.156,+11.762,+0.936
1704327480,+2.96, +4.166,+11.750,+0.936
1704327600,+2.96, +4.176,+11.737,+0.936
1704327720,+2.96, +4.197,+11.732,+0.936
1704327840,+2.96, +4.166,+11.745,+0.936
1704327960,+2.96, +4.197,+11.740,+0.936
1704328080,+2.96, +4.186,+11.739,+0.936
1704328200,+2.96, +4.197,+11.723,+0.936
1704328320,+2.96, +4.166,+11.749,+0.936
1704328440,+2.96, +4.176,+11.743,+0.936
1704328560,+2.96, +4.186,+11.739,+0.936
1704328680,+2.96, +4.197,+11.733,+0.936
1704328800,+2.96, +4.207,+11.733,+0.936
1704328920,+2.96, +4.176,+11.737,+0.936
1704329040,+2.96, +4.166,+11.735,+0.936
1704329160,+2.96, +4.166,+11.744,+0.936
1704329280,+2.96, +4.176,+11.733,+0.936
1704329400,+2.96, +4.186,+11.732,+0.936
1704329520,+2.96, +4.176,+11.739,+0.936
1704329640,+2.96, +4.156,+11.749,+0.936
1704329760,+2.96, +4.176,+11.747,+0.936
1704329880,+2.96, +4.166,+11.744,+0.936
1704330000,+2.96, +4.197,+11.729,+0.936
1704330120,+2.96, +4.146,+11.756,+0.936
1704330240,+2.96, +4.146,+11.756,+0.936
1704330360,+2.96, +4.156,+11.759,+0.936
1704330480,+2.96, +4.166,+11.745,+0.936
1704330600,+2.96, +4.166,+11.759,+0.936
1704330720,+2.96, +4.166,+11.759,+0.937
1704330840,+2.96, +4.166,+11.742,+0.936
1704330960,+2.96, +4.136,+11.772,+0.937
1704331080,+2.96, +4.146,+11.747,+0.936
1704331200,+2.96, +4.136,+11.758,+0.936
1704331320,+2.96, +4.136,+11.762,+0.936
1704331440,+2.96, +4.136,+11.754,+0.936
1704331560,+2.96, +4.146,+11.758,+0.936
1704331680,+2.96, +4.136,+11.756,+0.936
1704331800,+2.96, +4.126,+11.770,+0.936
1704331920,+2.96, +4.146,+11.758,+0.936
1704332040,+2.96, +4.156,+11.749,+0.936
1704332160,+2.96, +4.156,+11.764,+0.937
1704332280,+2.96, +4.146,+11.767,+0.936
1704332400,+2.96, +4.146,+11.761,+0.936
1704332520,+2.96, +4.126,+11.765,+0.936
1704332640,+2.96, +4.146,+11.753,+0.936
1704332760,+2.96, +4.166,+11.753,+0.936
1704332880,+2.96, +4.156,+11.747,+0.936
1704333000,+2.96, +4.146,+11.763,+0.936
1704333120,+2.96, +4.115,+11.766,+0.936
1704333240,+2.96, +4.136,+11.765,+0.936
1704333360,+2.96, +4.146,+11.759,+0.936
1704333480,+2.96, +4.146,+11.765,+0.937
1704333600,+2.96, +4.146,+11.758,+0.936
1704333720,+2.96, +4.136,+11.758,+0.936
1704333840,+2.96, +4.136,+11.768,+0.937
1704333960,+2.96, +4.136,+11.758,+0.936
1704334080,+2.96, +4.156,+11.747,+0.936
1704334200,+2.96, +4.136,+11.757,+0.936
1704334320,+2.96, +4.136,+11.767,+0.936
1704334440,+2.96, +4.146,+11.760,+0.936
1704334560,+2.96, +4.146,+11.750,+0.936
1704334680,+2.96, +4.146,+11.745,+0.936
1704334800,+2.96, +4.126,+11.771,+0.937
1704334920,+2.96, +4.136,+11.765,+0.936
1704335040,+2.96, +4.146,+11.756,+0.936
1704335160,+2.96, +4.146,+11.741,+0.936
1704335280,+2.96, +4.156,+11.751,+0.936
1704335400,+2.96, +4.136,+11.768,+0.936
1704335520,+2.96, +4.156,+11.757,+0.936
1704335640,+2.96, +4.136,+11.752,+0.936
1704335760,+2.96, +4.146,+11.760,+0.936
1704335880,+2.96, +4.146,+11.765,+0.937
1704336000,+2.96, +4.166,+11.757,+0.937
1704336120,+2.96, +4.146,+11.760,+0.936
1704336240,+2.96, +4.166,+11.737,+0.936
1704336360,+2.96, +4.146,+11.763,+0.936
