7450-401396
OS REV: 1.05 Sensor Cal: 1618512290
Time (sec),  BV (Volts),  T (deg C),  DO (mg/l),  Q ()
1705028640,+2.95, +3.025,+12.141,+0.935
1705028760,+2.95, +2.994,+12.150,+0.935
1705028880,+2.95, +2.994,+12.146,+0.935
1705029000,+2.95, +2.984,+12.151,+0.935
1705029120,+2.95, +2.953,+12.162,+0.935
1705029240,+2.95, +2.953,+12.151,+0.935
1705029360,+2.95, +2.932,+12.155,+0.935
1705029480,+2.95, +2.932,+12.165,+0.935
1705029600,+2.95, +2.901,+12.169,+0.935
1705029720,+2.95, +2.880,+12.184,+0.935
1705029840,+2.95, +2.859,+12.198,+0.935
1705029960,+2.95, +2.838,+12.192,+0.935
1705030080,+2.95, +2.827,+12.200,+0.935
1705030200,+2.95, +2.807,+12.210,+0.935
1705030320,+2.95, +2.796,+12.212,+0.935
1705030440,+2.96, +2.775,+12.221,+0.935
1705030560,+2.95, +2.786,+12.210,+0.935
1705030680,+2.95, +2.744,+12.220,+0.935
1705030800,+2.95, +2.744,+12.228,+0.935
1705030920,+2.96, +2.723,+12.224,+0.934
1705031040,+2.95, +2.723,+12.231,+0.935
1705031160,+2.95, +2.681,+12.255,+0.935
1705031280,+2.95, +2.692,+12.249,+0.935
1705031400,+2.95, +2.660,+12.260,+0.935
1705031520,+2.95, +2.639,+12.267,+0.935
1705031640,+2.95, +2.629,+12.267,+0.935
1705031760,+2.95, +2.608,+12.274,+0.935
1705031880,+2.95, +2.597,+12.272,+0.935
1705032000,+2.95, +2.597,+12.275,+0.935
1705032120,+2.95, +2.566,+12.286,+0.935
1705032240,+2.95, +2.566,+12.284,+0.935
1705032360,+2.95, +2.524,+12.293,+0.934
1705032480,+2.95, +2.524,+12.302,+0.935
1705032600,+2.95, +2.513,+12.296,+0.935
1705032720,+2.95, +2.482,+12.313,+0.935
1705032840,+2.95, +2.471,+12.311,+0.935
1705032960,+2.95, +2.450,+12.328,+0.935
1705033080,+2.95, +2.440,+12.323,+0.935
1705033200,+2.95, +2.419,+12.340,+0.935
1705033320,+2.95, +2.408,+12.327,+0.934
1705033440,+2.95, +2.398,+12.340,+0.935
1705033560,+2.95, +2.387,+12.347,+0.935
1705033680,+2.95, +2.355,+12.360,+0.935
1705033800,+2.95, +2.355,+12.354,+0.935
1705033920,+2.95, +2.345,+12.356,+0.935
1705034040,+2.95, +2.313,+12.380,+0.935
1705034160,+2.95, +2.303,+12.382,+0.935
1705034280,+2.95, +2.281,+12.384,+0.935
1705034400,+2.95, +2.260,+12.389,+0.935
1705034520,+2.95, +2.271,+12.384,+0.935
1705034640,+2.95, +2.239,+12.402,+0.935
1705034760,+2.95, +2.239,+12.404,+0.935
1705034880,+2.95, +2.207,+12.402,+0.934
1705035000,+2.95, +2.197,+12.403,+0.935
1705035120,+2.95, +2.197,+12.411,+0.935
1705035240,+2.95, +2.155,+12.418,+0.934
1705035360,+2.95, +2.144,+12.431,+0.935
1705035480,+2.95, +2.144,+12.418,+0.934
1705035600,+2.95, +2.144,+12.422,+0.935
1705035720,+2.95, +2.112,+12.437,+0.935
1705035840,+2.95, +2.112,+12.439,+0.935
1705035960,+2.95, +2.123,+12.420,+0.934
1705036080,+2.95, +2.091,+12.442,+0.935
1705036200,+2.95, +2.070,+12.444,+0.934
1705036320,+2.95, +2.059,+12.437,+0.934
1705036440,+2.95, +2.059,+12.459,+0.935
1705036560,+2.95, +2.038,+12.453,+0.934
1705036680,+2.95, +2.049,+12.453,+0.934
1705036800,+2.95, +2.017,+12.464,+0.934
1705036920,+2.95, +1.985,+12.493,+0.935
1705037040,+2.95, +1.985,+12.481,+0.935
1705037160,+2.95, +1.964,+12.491,+0.935
1705037280,+2.95, +1.964,+12.485,+0.935
1705037400,+2.95, +1.953,+12.494,+0.935
1705037520,+2.95, +1.932,+12.508,+0.935
1705037640,+2.95, +1.932,+12.488,+0.934
1705037760,+2.95, +1.921,+12.504,+0.935
1705037880,+2.95, +1.900,+12.508,+0.934
1705038000,+2.95, +1.889,+12.520,+0.935
1705038120,+2.95, +1.857,+12.515,+0.934
1705038240,+2.95, +1.857,+12.524,+0.935
1705038360,+2.95, +1.836,+12.530,+0.934
1705038480,+2.95, +1.825,+12.522,+0.934
1705038600,+2.95, +1.815,+12.534,+0.934
1705038720,+2.95, +1.836,+12.519,+0.934
1705038840,+2.95, +1.793,+12.536,+0.934
1705038960,+2.95, +1.772,+12.555,+0.934
1705039080,+2.95, +1.772,+12.547,+0.934
1705039200,+2.95, +1.761,+12.551,+0.934
1705039320,+2.95, +1.750,+12.547,+0.934
1705039440,+2.95, +1.740,+12.545,+0.934
1705039560,+2.95, +1.708,+12.576,+0.934
1705039680,+2.95, +1.708,+12.572,+0.934
1705039800,+2.95, +1.718,+12.554,+0.934
1705039920,+2.95, +1.686,+12.581,+0.934
1705040040,+2.95, +1.676,+12.583,+0.935
1705040160,+2.95, +1.654,+12.593,+0.934
1705040280,+2.95, +1.665,+12.581,+0.934
1705040400,+2.95, +1.654,+12.581,+0.934
1705040520,+2.96, +1.622,+12.595,+0.934
1705040640,+2.95, +1.633,+12.583,+0.934
1705040760,+2.96, +1.611,+12.597,+0.934
1705040880,+2.95, +1.590,+12.604,+0.934
1705041000,+2.96, +1.601,+12.607,+0.935
1705041120,+2.96, +1.590,+12.610,+0.934
1705041240,+2.96, +1.558,+12.614,+0.934
1705041360,+2.96, +1.526,+12.637,+0.934
1705041480,+2.96, +1.558,+12.614,+0.934
1705041600,+2.96, +1.526,+12.637,+0.934
1705041720,+2.96, +1.536,+12.617,+0.934
1705041840,+2.96, +1.504,+12.639,+0.934
1705041960,+2.96, +1.493,+12.635,+0.934
1705042080,+2.96, +1.483,+12.649,+0.934
1705042200,+2.96, +1.472,+12.655,+0.934
1705042320,+2.96, +1.483,+12.654,+0.934
1705042440,+2.96, +1.451,+12.658,+0.934
1705042560,+2.96, +1.472,+12.642,+0.934
1705042680,+2.96, +1.429,+12.656,+0.934
1705042800,+2.96, +1.451,+12.650,+0.934
1705042920,+2.96, +1.418,+12.664,+0.934
1705043040,+2.96, +1.429,+12.662,+0.934
1705043160,+2.96, +1.418,+12.674,+0.934
1705043280,+2.96, +1.408,+12.670,+0.934
1705043400,+2.96, +1.386,+12.674,+0.934
1705043520,+2.96, +1.354,+12.695,+0.934
1705043640,+2.96, +1.386,+12.668,+0.934
1705043760,+2.96, +1.364,+12.674,+0.934
1705043880,+2.96, +1.354,+12.674,+0.934
1705044000,+2.96, +1.332,+12.697,+0.934
1705044120,+2.96, +1.321,+12.692,+0.934
1705044240,+2.96, +1.332,+12.687,+0.934
1705044360,+2.96, +1.300,+12.711,+0.934
1705044480,+2.96, +1.311,+12.697,+0.934
1705044600,+2.96, +1.300,+12.701,+0.934
1705044720,+2.96, +1.278,+12.709,+0.934
1705044840,+2.95, +1.267,+12.718,+0.934
1705044960,+2.96, +1.267,+12.701,+0.934
1705045080,+2.95, +1.246,+12.721,+0.934
1705045200,+2.95, +1.246,+12.721,+0.934
1705045320,+2.95, +1.235,+12.734,+0.934
1705045440,+2.95, +1.203,+12.735,+0.934
1705045560,+2.95, +1.203,+12.737,+0.934
1705045680,+2.95, +1.203,+12.736,+0.934
1705045800,+2.95, +1.213,+12.732,+0.934
1705045920,+2.95, +1.213,+12.723,+0.934
1705046040,+2.95, +1.203,+12.725,+0.934
1705046160,+2.95, +1.192,+12.733,+0.934
1705046280,+2.95, +1.170,+12.752,+0.934
1705046400,+2.95, +1.170,+12.735,+0.933
1705046520,+2.95, +1.159,+12.752,+0.934
1705046640,+2.95, +1.159,+12.747,+0.934
1705046760,+2.95, +1.170,+12.750,+0.934
1705046880,+2.95, +1.181,+12.737,+0.934
1705047000,+2.95, +1.149,+12.756,+0.934
1705047120,+2.95, +1.159,+12.733,+0.933
1705047240,+2.95, +1.149,+12.743,+0.933
1705047360,+2.95, +1.149,+12.754,+0.934
1705047480,+2.95, +1.138,+12.760,+0.934
1705047600,+2.95, +1.159,+12.733,+0.933
1705047720,+2.95, +1.149,+12.739,+0.934
1705047840,+2.95, +1.127,+12.766,+0.934
1705047960,+2.95, +1.127,+12.751,+0.934
1705048080,+2.95, +1.138,+12.745,+0.934
1705048200,+2.95, +1.127,+12.745,+0.934
1705048320,+2.95, +1.138,+12.758,+0.934
1705048440,+2.95, +1.116,+12.747,+0.933
1705048560,+2.95, +1.127,+12.745,+0.933
1705048680,+2.95, +1.116,+12.756,+0.934
1705048800,+2.95, +1.084,+12.778,+0.934
1705048920,+2.95, +1.105,+12.759,+0.934
1705049040,+2.95, +1.094,+12.764,+0.934
1705049160,+2.95, +1.073,+12.776,+0.934
1705049280,+2.95, +1.084,+12.768,+0.934
1705049400,+2.95, +1.073,+12.764,+0.934
1705049520,+2.95, +1.029,+12.790,+0.934
1705049640,+2.95, +1.051,+12.778,+0.934
1705049760,+2.95, +1.029,+12.771,+0.933
1705049880,+2.95, +1.019,+12.787,+0.933
1705050000,+2.95, +1.019,+12.783,+0.933
1705050120,+2.95, +1.008,+12.802,+0.934
1705050240,+2.95, +1.019,+12.777,+0.933
1705050360,+2.95, +1.019,+12.781,+0.933
1705050480,+2.95, +1.019,+12.783,+0.934
1705050600,+2.95, +1.029,+12.784,+0.934
1705050720,+2.95, +1.008,+12.783,+0.933
1705050840,+2.95, +1.008,+12.791,+0.934
1705050960,+2.95, +1.019,+12.782,+0.934
1705051080,+2.95, +1.008,+12.786,+0.934
1705051200,+2.95, +1.008,+12.785,+0.933
1705051320,+2.95, +1.008,+12.793,+0.933
1705051440,+2.95, +0.997,+12.794,+0.934
1705051560,+2.95, +0.986,+12.787,+0.933
1705051680,+2.95, +0.975,+12.803,+0.933
1705051800,+2.95, +0.986,+12.794,+0.934
1705051920,+2.95, +0.986,+12.792,+0.934
1705052040,+2.95, +0.964,+12.812,+0.934
1705052160,+2.95, +0.975,+12.804,+0.934
1705052280,+2.95, +0.975,+12.799,+0.934
1705052400,+2.95, +0.964,+12.808,+0.934
1705052520,+2.95, +0.975,+12.797,+0.933
1705052640,+2.95, +0.943,+12.816,+0.934
1705052760,+2.95, +0.932,+12.830,+0.934
1705052880,+2.95, +0.943,+12.809,+0.933
1705053000,+2.95, +0.964,+12.795,+0.933
1705053120,+2.95, +0.975,+12.787,+0.933
1705053240,+2.95, +0.943,+12.815,+0.934
1705053360,+2.95, +0.921,+12.821,+0.933
1705053480,+2.95, +0.910,+12.834,+0.934
1705053600,+2.95, +0.932,+12.822,+0.934
1705053720,+2.95, +0.910,+12.815,+0.933
1705053840,+2.95, +0.899,+12.825,+0.933
1705053960,+2.95, +0.899,+12.821,+0.933
1705054080,+2.95, +0.921,+12.821,+0.934
1705054200,+2.95, +0.899,+12.821,+0.933
1705054320,+2.95, +0.899,+12.817,+0.933
1705054440,+2.95, +0.877,+12.833,+0.933
1705054560,+2.95, +0.888,+12.837,+0.934
1705054680,+2.95, +0.899,+12.836,+0.934
1705054800,+2.95, +0.877,+12.833,+0.934
1705054920,+2.95, +0.866,+12.843,+0.934
1705055040,+2.95, +0.856,+12.843,+0.934
1705055160,+2.95, +0.877,+12.816,+0.933
1705055280,+2.95, +0.856,+12.837,+0.933
1705055400,+2.95, +0.845,+12.851,+0.934
1705055520,+2.95, +0.866,+12.823,+0.933
1705055640,+2.95, +0.834,+12.842,+0.933
1705055760,+2.95, +0.790,+12.869,+0.933
1705055880,+2.95, +0.801,+12.860,+0.933
1705056000,+2.95, +0.801,+12.869,+0.934
1705056120,+2.95, +0.768,+12.877,+0.934
1705056240,+2.95, +0.779,+12.864,+0.933
1705056360,+2.95, +0.790,+12.862,+0.933
1705056480,+2.95, +0.779,+12.870,+0.933
1705056600,+2.95, +0.790,+12.871,+0.934
1705056720,+2.95, +0.747,+12.872,+0.933
1705056840,+2.95, +0.768,+12.868,+0.933
1705056960,+2.95, +0.758,+12.870,+0.933
1705057080,+2.95, +0.768,+12.875,+0.934
1705057200,+2.95, +0.758,+12.889,+0.934
1705057320,+2.95, +0.768,+12.870,+0.933
1705057440,+2.95, +0.768,+12.873,+0.933
1705057560,+2.95, +0.758,+12.876,+0.933
1705057680,+2.95, +0.768,+12.874,+0.933
1705057800,+2.95, +0.790,+12.873,+0.934
1705057920,+2.95, +0.768,+12.876,+0.933
1705058040,+2.95, +0.758,+12.894,+0.934
1705058160,+2.95, +0.790,+12.863,+0.933
1705058280,+2.95, +0.790,+12.863,+0.933
1705058400,+2.95, +0.768,+12.870,+0.933
1705058520,+2.95, +0.747,+12.890,+0.933
1705058640,+2.95, +0.779,+12.870,+0.933
1705058760,+2.95, +0.747,+12.880,+0.933
1705058880,+2.95, +0.758,+12.882,+0.933
1705059000,+2.95, +0.747,+12.882,+0.933
1705059120,+2.95, +0.768,+12.879,+0.934
1705059240,+2.95, +0.747,+12.880,+0.933
1705059360,+2.95, +0.736,+12.890,+0.934
1705059480,+2.95, +0.714,+12.894,+0.933
1705059600,+2.95, +0.725,+12.888,+0.933
1705059720,+2.95, +0.725,+12.890,+0.933
1705059840,+2.95, +0.725,+12.886,+0.933
1705059960,+2.95, +0.703,+12.900,+0.933
1705060080,+2.95, +0.692,+12.914,+0.934
1705060200,+2.95, +0.692,+12.910,+0.934
1705060320,+2.95, +0.703,+12.888,+0.933
1705060440,+2.95, +0.681,+12.908,+0.933
1705060560,+2.95, +0.692,+12.896,+0.933
1705060680,+2.95, +0.670,+12.912,+0.934
1705060800,+2.95, +0.659,+12.907,+0.933
1705060920,+2.95, +0.648,+12.913,+0.933
1705061040,+2.95, +0.659,+12.909,+0.933
1705061160,+2.95, +0.648,+12.916,+0.934
1705061280,+2.95, +0.637,+12.922,+0.934
1705061400,+2.95, +0.594,+12.945,+0.934
1705061520,+2.95, +0.605,+12.939,+0.934
1705061640,+2.95, +0.616,+12.925,+0.933
1705061760,+2.95, +0.594,+12.931,+0.933
1705061880,+2.95, +0.605,+12.927,+0.933
1705062000,+2.95, +0.594,+12.927,+0.933
1705062120,+2.95, +0.605,+12.923,+0.933
1705062240,+2.95, +0.572,+12.944,+0.933
1705062360,+2.95, +0.539,+12.958,+0.933
1705062480,+2.95, +0.550,+12.936,+0.933
1705062600,+2.95, +0.539,+12.932,+0.933
1705062720,+2.95, +0.484,+12.963,+0.933
1705062840,+2.95, +0.451,+12.981,+0.933
1705062960,+2.95, +0.429,+12.980,+0.933
1705063080,+2.95, +0.429,+12.978,+0.933
1705063200,+2.95, +0.429,+12.974,+0.933
1705063320,+2.95, +0.418,+12.988,+0.933
1705063440,+2.95, +0.418,+12.976,+0.933
1705063560,+2.96, +0.374,+12.997,+0.933
1705063680,+2.96, +0.374,+13.007,+0.933
1705063800,+2.96, +0.352,+13.011,+0.933
1705063920,+2.96, +0.341,+13.017,+0.933
1705064040,+2.96, +0.341,+13.005,+0.933
1705064160,+2.96, +0.330,+13.025,+0.933
1705064280,+2.96, +0.308,+13.026,+0.933
1705064400,+2.96, +0.308,+13.026,+0.933
1705064520,+2.96, +0.297,+13.014,+0.933
1705064640,+2.96, +0.264,+13.031,+0.933
1705064760,+2.96, +0.286,+13.030,+0.933
1705064880,+2.96, +0.275,+13.034,+0.933
1705065000,+2.96, +0.275,+13.026,+0.933
1705065120,+2.96, +0.264,+13.038,+0.933
1705065240,+2.96, +0.231,+13.051,+0.933
1705065360,+2.96, +0.253,+13.039,+0.933
1705065480,+2.96, +0.264,+13.030,+0.933
1705065600,+2.96, +0.242,+13.043,+0.933
1705065720,+2.96, +0.231,+13.039,+0.933
1705065840,+2.96, +0.242,+13.035,+0.933
1705065960,+2.96, +0.198,+13.044,+0.933
1705066080,+2.96, +0.209,+13.052,+0.933
1705066200,+2.96, +0.187,+13.056,+0.933
1705066320,+2.96, +0.176,+13.057,+0.933
1705066440,+2.96, +0.143,+13.071,+0.933
1705066560,+2.96, +0.165,+13.049,+0.932
1705066680,+2.96, +0.120,+13.080,+0.933
1705066800,+2.96, +0.109,+13.072,+0.933
1705066920,+2.96, +0.076,+13.085,+0.933
1705067040,+2.96, +0.065,+13.072,+0.932
1705067160,+2.96, +0.054,+13.080,+0.932
1705067280,+2.96, +0.032,+13.088,+0.932
1705067400,+2.96, +0.021,+13.102,+0.933
1705067520,+2.96, +0.021,+13.104,+0.933
1705067640,+2.96, +0.021,+13.088,+0.933
1705067760,+2.96, -0.001,+13.107,+0.933
1705067880,+2.96, +0.010,+13.098,+0.933
1705068000,+2.96, -0.024,+13.124,+0.933
1705068120,+2.96, -0.001,+13.109,+0.933
1705068240,+2.96, -0.001,+13.103,+0.933
1705068360,+2.96, +0.010,+13.099,+0.933
1705068480,+2.96, -0.012,+13.105,+0.933
1705068600,+2.96, +0.010,+13.097,+0.933
1705068720,+2.96, +0.010,+13.100,+0.933
1705068840,+2.96, +0.021,+13.102,+0.933
1705068960,+2.96, +0.021,+13.094,+0.933
1705069080,+2.96, +0.043,+13.088,+0.933
1705069200,+2.96, +0.054,+13.091,+0.933
1705069320,+2.96, +0.087,+13.070,+0.933
1705069440,+2.96, +0.087,+13.070,+0.933
1705069560,+2.96, +0.098,+13.057,+0.932
1705069680,+2.96, +0.109,+13.056,+0.933
1705069800,+2.96, +0.120,+13.057,+0.933
1705069920,+2.96, +0.120,+13.061,+0.933
1705070040,+2.96, +0.132,+13.055,+0.933
1705070160,+2.96, +0.143,+13.051,+0.933
1705070280,+2.96, +0.154,+13.033,+0.933
1705070400,+2.96, +0.154,+13.043,+0.933
1705070520,+2.96, +0.165,+13.034,+0.933
1705070640,+2.96, +0.165,+13.035,+0.933
1705070760,+2.96, +0.198,+13.027,+0.933
1705070880,+2.96, +0.176,+13.022,+0.933
1705071000,+2.96, +0.187,+13.036,+0.933
1705071120,+2.96, +0.187,+13.044,+0.933
1705071240,+2.96, +0.198,+13.026,+0.933
1705071360,+2.96, +0.198,+13.031,+0.933
1705071480,+2.96, +0.209,+13.027,+0.933
1705071600,+2.96, +0.242,+13.007,+0.933
1705071720,+2.96, +0.264,+12.994,+0.933
1705071840,+2.96, +0.253,+13.008,+0.933
1705071960,+2.96, +0.286,+12.988,+0.933
1705072080,+2.96, +0.286,+12.991,+0.933
1705072200,+2.96, +0.330,+12.976,+0.933
1705072320,+2.96, +0.330,+12.971,+0.933
1705072440,+2.96, +0.374,+12.960,+0.933
1705072560,+2.95, +0.374,+12.960,+0.933
1705072680,+2.95, +0.396,+12.938,+0.933
1705072800,+2.95, +0.396,+12.953,+0.933
1705072920,+2.95, +0.440,+12.929,+0.933
1705073040,+2.95, +0.451,+12.931,+0.933
1705073160,+2.95, +0.462,+12.921,+0.933
1705073280,+2.95, +0.462,+12.928,+0.933
1705073400,+2.95, +0.484,+12.910,+0.933
1705073520,+2.95, +0.495,+12.898,+0.933
1705073640,+2.95, +0.506,+12.904,+0.933
1705073760,+2.95, +0.528,+12.903,+0.934
1705073880,+2.95, +0.517,+12.901,+0.934
1705074000,+2.95, +0.506,+12.909,+0.934
1705074120,+2.95, +0.539,+12.903,+0.934
1705074240,+2.95, +0.539,+12.897,+0.933
1705074360,+2.95, +0.561,+12.881,+0.933
1705074480,+2.95, +0.583,+12.875,+0.933
1705074600,+2.95, +0.594,+12.865,+0.933
1705074720,+2.95, +0.626,+12.856,+0.933
1705074840,+2.95, +0.637,+12.854,+0.933
1705074960,+2.95, +0.648,+12.848,+0.934
1705075080,+2.95, +0.670,+12.826,+0.933
1705075200,+2.95, +0.659,+12.852,+0.934
1705075320,+2.95, +0.692,+12.835,+0.934
1705075440,+2.95, +0.703,+12.829,+0.934
1705075560,+2.95, +0.703,+12.829,+0.934
1705075680,+2.95, +0.703,+12.831,+0.933
1705075800,+2.95, +0.725,+12.821,+0.934
1705075920,+2.95, +0.747,+12.805,+0.933
1705076040,+2.95, +0.758,+12.807,+0.934
1705076160,+2.95, +0.758,+12.805,+0.934
1705076280,+2.95, +0.768,+12.791,+0.933
1705076400,+2.95, +0.790,+12.787,+0.934
1705076520,+2.95, +0.801,+12.788,+0.934
1705076640,+2.95, +0.801,+12.792,+0.934
1705076760,+2.95, +0.845,+12.752,+0.934
1705076880,+2.95, +0.845,+12.751,+0.933
1705077000,+2.95, +0.845,+12.760,+0.934
1705077120,+2.95, +0.856,+12.745,+0.933
1705077240,+2.95, +0.877,+12.748,+0.934
1705077360,+2.95, +0.866,+12.742,+0.933
1705077480,+2.95, +0.888,+12.744,+0.934
1705077600,+2.95, +0.921,+12.722,+0.934
1705077720,+2.95, +0.921,+12.728,+0.934
1705077840,+2.95, +0.943,+12.712,+0.934
1705077960,+2.95, +0.943,+12.714,+0.934
1705078080,+2.95, +0.943,+12.716,+0.934
1705078200,+2.95, +0.975,+12.713,+0.934
1705078320,+2.95, +0.986,+12.696,+0.934
1705078440,+2.95, +0.997,+12.703,+0.934
1705078560,+2.95, +1.008,+12.694,+0.934
1705078680,+2.95, +1.029,+12.676,+0.934
1705078800,+2.95, +1.040,+12.674,+0.934
1705078920,+2.95, +1.051,+12.674,+0.934
1705079040,+2.95, +1.040,+12.676,+0.934
1705079160,+2.95, +1.084,+12.648,+0.934
1705079280,+2.95, +1.094,+12.646,+0.934
1705079400,+2.95, +1.073,+12.675,+0.934
1705079520,+2.95, +1.116,+12.653,+0.934
1705079640,+2.95, +1.159,+12.624,+0.934
1705079760,+2.95, +1.149,+12.630,+0.934
1705079880,+2.95, +1.170,+12.622,+0.934
1705080000,+2.95, +1.170,+12.618,+0.934
1705080120,+2.95, +1.203,+12.616,+0.934
1705080240,+2.95, +1.213,+12.612,+0.934
1705080360,+2.95, +1.203,+12.612,+0.934
1705080480,+2.95, +1.235,+12.596,+0.934
1705080600,+2.95, +1.235,+12.604,+0.934
1705080720,+2.95, +1.257,+12.588,+0.934
1705080840,+2.96, +1.278,+12.567,+0.934
1705080960,+2.96, +1.300,+12.563,+0.934
1705081080,+2.96, +1.300,+12.571,+0.934
1705081200,+2.96, +1.311,+12.555,+0.934
1705081320,+2.96, +1.332,+12.564,+0.934
1705081440,+2.96, +1.354,+12.542,+0.934
1705081560,+2.96, +1.364,+12.539,+0.934
1705081680,+2.96, +1.354,+12.551,+0.934
1705081800,+2.96, +1.386,+12.541,+0.935
1705081920,+2.96, +1.418,+12.509,+0.934
1705082040,+2.96, +1.408,+12.531,+0.934
1705082160,+2.96, +1.418,+12.512,+0.934
1705082280,+2.96, +1.472,+12.494,+0.934
1705082400,+2.96, +1.440,+12.512,+0.934
1705082520,+2.95, +1.451,+12.510,+0.934
1705082640,+2.96, +1.493,+12.491,+0.934
1705082760,+2.95, +1.483,+12.495,+0.934
1705082880,+2.96, +1.515,+12.477,+0.934
1705083000,+2.95, +1.536,+12.485,+0.935
1705083120,+2.95, +1.558,+12.465,+0.935
1705083240,+2.95, +1.569,+12.454,+0.934
1705083360,+2.95, +1.579,+12.443,+0.934
1705083480,+2.95, +1.622,+12.431,+0.935
1705083600,+2.95, +1.601,+12.429,+0.934
1705083720,+2.95, +1.633,+12.421,+0.934
1705083840,+2.95, +1.633,+12.417,+0.934
1705083960,+2.95, +1.665,+12.398,+0.934
1705084080,+2.95, +1.676,+12.383,+0.934
1705084200,+2.95, +1.676,+12.396,+0.934
1705084320,+2.95, +1.697,+12.387,+0.934
1705084440,+2.95, +1.708,+12.375,+0.934
1705084560,+2.95, +1.729,+12.367,+0.935
1705084680,+2.95, +1.740,+12.367,+0.935
1705084800,+2.95, +1.761,+12.360,+0.935
1705084920,+2.95, +1.804,+12.335,+0.934
1705085040,+2.95, +1.815,+12.333,+0.935
1705085160,+2.95, +1.815,+12.330,+0.934
1705085280,+2.95, +1.836,+12.328,+0.934
1705085400,+2.95, +1.836,+12.337,+0.935
1705085520,+2.95, +1.857,+12.332,+0.935
1705085640,+2.95, +1.847,+12.334,+0.934
1705085760,+2.95, +1.878,+12.311,+0.934
1705085880,+2.95, +1.889,+12.317,+0.935
1705086000,+2.95, +1.889,+12.326,+0.935
1705086120,+2.95, +1.932,+12.298,+0.935
1705086240,+2.95, +1.932,+12.290,+0.935
1705086360,+2.95, +1.974,+12.283,+0.935
1705086480,+2.95, +1.995,+12.270,+0.934
1705086600,+2.95, +1.995,+12.277,+0.935
1705086720,+2.95, +2.017,+12.264,+0.935
1705086840,+2.95, +2.049,+12.246,+0.935
1705086960,+2.95, +2.038,+12.261,+0.935
1705087080,+2.95, +2.091,+12.235,+0.935
1705087200,+2.95, +2.080,+12.242,+0.935
1705087320,+2.95, +2.080,+12.248,+0.935
1705087440,+2.95, +2.123,+12.228,+0.935
1705087560,+2.95, +2.112,+12.235,+0.935
1705087680,+2.95, +2.133,+12.220,+0.935
1705087800,+2.95, +2.144,+12.214,+0.935
1705087920,+2.95, +2.155,+12.222,+0.935
1705088040,+2.95, +2.186,+12.198,+0.935
1705088160,+2.95, +2.197,+12.194,+0.935
1705088280,+2.95, +2.218,+12.187,+0.935
1705088400,+2.95, +2.229,+12.191,+0.935
1705088520,+2.95, +2.218,+12.189,+0.935
1705088640,+2.95, +2.239,+12.189,+0.935
1705088760,+2.95, +2.260,+12.165,+0.935
1705088880,+2.95, +2.260,+12.177,+0.935
1705089000,+2.95, +2.271,+12.154,+0.934
1705089120,+2.95, +2.292,+12.159,+0.935
1705089240,+2.95, +2.292,+12.161,+0.935
1705089360,+2.95, +2.313,+12.158,+0.935
1705089480,+2.95, +2.324,+12.158,+0.935
1705089600,+2.95, +2.334,+12.154,+0.935
1705089720,+2.95, +2.345,+12.162,+0.935
1705089840,+2.95, +2.398,+12.129,+0.935
1705089960,+2.95, +2.398,+12.136,+0.935
1705090080,+2.95, +2.376,+12.138,+0.935
1705090200,+2.95, +2.398,+12.131,+0.935
1705090320,+2.95, +2.450,+12.113,+0.935
1705090440,+2.95, +2.429,+12.129,+0.935
1705090560,+2.95, +2.450,+12.111,+0.935
1705090680,+2.95, +2.450,+12.116,+0.935
1705090800,+2.95, +2.471,+12.111,+0.935
1705090920,+2.95, +2.461,+12.119,+0.935
1705091040,+2.95, +2.503,+12.099,+0.935
1705091160,+2.95, +2.492,+12.113,+0.936
1705091280,+2.95, +2.524,+12.086,+0.935
1705091400,+2.95, +2.534,+12.082,+0.935
1705091520,+2.95, +2.534,+12.076,+0.935
1705091640,+2.95, +2.534,+12.087,+0.935
1705091760,+2.95, +2.566,+12.079,+0.935
1705091880,+2.95, +2.566,+12.070,+0.935
1705092000,+2.95, +2.576,+12.066,+0.935
1705092120,+2.95, +2.618,+12.047,+0.935
1705092240,+2.95, +2.597,+12.072,+0.935
1705092360,+2.95, +2.608,+12.074,+0.935
1705092480,+2.95, +2.639,+12.055,+0.935
1705092600,+2.95, +2.650,+12.038,+0.935
1705092720,+2.95, +2.650,+12.047,+0.935
1705092840,+2.95, +2.681,+12.021,+0.935
1705092960,+2.95, +2.692,+12.014,+0.935
1705093080,+2.95, +2.681,+12.023,+0.935
1705093200,+2.95, +2.702,+12.023,+0.935
1705093320,+2.95, +2.733,+12.002,+0.935
1705093440,+2.95, +2.744,+12.012,+0.935
1705093560,+2.95, +2.754,+12.002,+0.935
1705093680,+2.95, +2.765,+12.002,+0.935
1705093800,+2.95, +2.775,+11.997,+0.935
1705093920,+2.95, +2.786,+11.999,+0.936
1705094040,+2.95, +2.817,+11.971,+0.935
1705094160,+2.95, +2.817,+11.970,+0.935
1705094280,+2.95, +2.827,+11.963,+0.935
1705094400,+2.95, +2.838,+11.961,+0.935
1705094520,+2.95, +2.838,+11.962,+0.936
1705094640,+2.95, +2.869,+11.935,+0.935
1705094760,+2.95, +2.859,+11.942,+0.936
1705094880,+2.95, +2.869,+11.944,+0.935
1705095000,+2.95, +2.890,+11.928,+0.935
1705095120,+2.95, +2.911,+11.921,+0.935
1705095240,+2.95, +2.911,+11.930,+0.936
1705095360,+2.95, +2.901,+11.927,+0.935
1705095480,+2.95, +2.932,+11.925,+0.936
1705095600,+2.95, +2.932,+11.909,+0.935
1705095720,+2.95, +2.942,+11.918,+0.935
1705095840,+2.95, +2.953,+11.900,+0.935
1705095960,+2.95, +2.953,+11.909,+0.936
1705096080,+2.95, +2.963,+11.900,+0.935
1705096200,+2.95, +2.963,+11.887,+0.935
1705096320,+2.95, +2.942,+11.900,+0.935
1705096440,+2.95, +2.994,+11.886,+0.936
1705096560,+2.95, +2.984,+11.886,+0.935
1705096680,+2.95, +3.005,+11.874,+0.935
1705096800,+2.95, +2.994,+11.884,+0.936
1705096920,+2.95, +3.005,+11.864,+0.935
1705097040,+2.95, +3.036,+11.868,+0.936
1705097160,+2.95, +3.036,+11.854,+0.935
1705097280,+2.95, +3.036,+11.855,+0.935
1705097400,+2.95, +3.057,+11.847,+0.935
1705097520,+2.95, +3.067,+11.852,+0.936
1705097640,+2.95, +3.057,+11.858,+0.935
1705097760,+2.95, +3.057,+11.861,+0.936
1705097880,+2.95, +3.067,+11.853,+0.935
1705098000,+2.95, +3.088,+11.837,+0.935
1705098120,+2.95, +3.098,+11.842,+0.936
1705098240,+2.95, +3.119,+11.834,+0.935
1705098360,+2.95, +3.129,+11.837,+0.936
1705098480,+2.95, +3.129,+11.828,+0.935
1705098600,+2.95, +3.129,+11.825,+0.935
1705098720,+2.95, +3.129,+11.826,+0.936
1705098840,+2.95, +3.150,+11.807,+0.935
1705098960,+2.95, +3.150,+11.808,+0.935
1705099080,+2.95, +3.150,+11.819,+0.936
1705099200,+2.95, +3.150,+11.814,+0.935
1705099320,+2.95, +3.181,+11.802,+0.936
1705099440,+2.95, +3.181,+11.809,+0.936
1705099560,+2.95, +3.181,+11.797,+0.935
1705099680,+2.95, +3.181,+11.791,+0.935
1705099800,+2.95, +3.192,+11.797,+0.935
1705099920,+2.95, +3.212,+11.794,+0.935
1705100040,+2.95, +3.223,+11.792,+0.936
1705100160,+2.95, +3.223,+11.797,+0.936
1705100280,+2.95, +3.254,+11.791,+0.936
1705100400,+2.95, +3.233,+11.789,+0.935
1705100520,+2.95, +3.254,+11.785,+0.936
1705100640,+2.95, +3.254,+11.793,+0.936
1705100760,+2.95, +3.264,+11.792,+0.936
1705100880,+2.95, +3.254,+11.797,+0.936
1705101000,+2.95, +3.274,+11.774,+0.935
1705101120,+2.95, +3.274,+11.786,+0.936
1705101240,+2.95, +3.285,+11.765,+0.935
1705101360,+2.95, +3.305,+11.774,+0.936
1705101480,+2.95, +3.295,+11.785,+0.936
1705101600,+2.95, +3.305,+11.773,+0.936
1705101720,+2.95, +3.305,+11.773,+0.936
1705101840,+2.95, +3.326,+11.757,+0.935
1705101960,+2.95, +3.305,+11.776,+0.936
1705102080,+2.95, +3.357,+11.739,+0.935
1705102200,+2.95, +3.367,+11.750,+0.936
1705102320,+2.95, +3.357,+11.752,+0.936
1705102440,+2.95, +3.357,+11.747,+0.935
1705102560,+2.95, +3.367,+11.738,+0.935
1705102680,+2.95, +3.336,+11.750,+0.935
1705102800,+2.95, +3.357,+11.756,+0.936
1705102920,+2.95, +3.388,+11.742,+0.936
1705103040,+2.95, +3.378,+11.751,+0.936
1705103160,+2.95, +3.367,+11.749,+0.936
1705103280,+2.95, +3.378,+11.740,+0.935
1705103400,+2.95, +3.398,+11.726,+0.935
1705103520,+2.95, +3.367,+11.751,+0.935
1705103640,+2.95, +3.398,+11.735,+0.936
1705103760,+2.95, +3.388,+11.742,+0.936
1705103880,+2.95, +3.419,+11.727,+0.936
1705104000,+2.95, +3.440,+11.718,+0.936
1705104120,+2.95, +3.409,+11.725,+0.935
1705104240,+2.95, +3.398,+11.743,+0.936
1705104360,+2.95, +3.419,+11.738,+0.936
1705104480,+2.95, +3.429,+11.734,+0.936
1705104600,+2.95, +3.440,+11.731,+0.936
1705104720,+2.95, +3.481,+11.696,+0.936
1705104840,+2.95, +3.440,+11.711,+0.935
1705104960,+2.95, +3.450,+11.718,+0.936
1705105080,+2.95, +3.440,+11.720,+0.936
1705105200,+2.95, +3.481,+11.700,+0.936
1705105320,+2.95, +3.460,+11.704,+0.935
1705105440,+2.95, +3.471,+11.719,+0.936
1705105560,+2.95, +3.460,+11.706,+0.935
1705105680,+2.95, +3.460,+11.717,+0.936
1705105800,+2.95, +3.491,+11.696,+0.935
1705105920,+2.95, +3.501,+11.702,+0.936
1705106040,+2.95, +3.471,+11.719,+0.936
1705106160,+2.95, +3.481,+11.707,+0.936
1705106280,+2.95, +3.491,+11.703,+0.936
1705106400,+2.95, +3.481,+11.703,+0.936
1705106520,+2.95, +3.481,+11.698,+0.935
1705106640,+2.95, +3.501,+11.695,+0.936
1705106760,+2.95, +3.512,+11.688,+0.936
1705106880,+2.95, +3.512,+11.691,+0.936
1705107000,+2.95, +3.522,+11.679,+0.935
1705107120,+2.95, +3.512,+11.697,+0.936
1705107240,+2.95, +3.512,+11.696,+0.936
1705107360,+2.95, +3.522,+11.680,+0.936
1705107480,+2.95, +3.522,+11.681,+0.935
1705107600,+2.95, +3.532,+11.683,+0.935
1705107720,+2.95, +3.522,+11.688,+0.936
1705107840,+2.95, +3.532,+11.679,+0.936
1705107960,+2.95, +3.553,+11.653,+0.935
1705108080,+2.95, +3.543,+11.676,+0.936
1705108200,+2.95, +3.543,+11.688,+0.936
1705108320,+2.95, +3.553,+11.673,+0.936
1705108440,+2.95, +3.553,+11.671,+0.936
1705108560,+2.95, +3.563,+11.669,+0.936
1705108680,+2.95, +3.543,+11.664,+0.935
1705108800,+2.95, +3.563,+11.666,+0.936
1705108920,+2.95, +3.532,+11.690,+0.936
1705109040,+2.95, +3.573,+11.666,+0.936
1705109160,+2.95, +3.543,+11.678,+0.936
1705109280,+2.95, +3.563,+11.664,+0.935
1705109400,+2.95, +3.584,+11.654,+0.935
1705109520,+2.95, +3.594,+11.656,+0.936
1705109640,+2.95, +3.573,+11.668,+0.936
1705109760,+2.95, +3.584,+11.659,+0.936
1705109880,+2.95, +3.594,+11.654,+0.936
1705110000,+2.95, +3.594,+11.652,+0.935
1705110120,+2.95, +3.573,+11.664,+0.936
1705110240,+2.95, +3.594,+11.640,+0.935
1705110360,+2.95, +3.584,+11.649,+0.935
1705110480,+2.95, +3.594,+11.667,+0.936
1705110600,+2.95, +3.604,+11.646,+0.935
1705110720,+2.95, +3.594,+11.661,+0.936
1705110840,+2.95, +3.594,+11.657,+0.936
1705110960,+2.95, +3.594,+11.672,+0.936
1705111080,+2.95, +3.594,+11.674,+0.936
1705111200,+2.95, +3.615,+11.646,+0.935
1705111320,+2.95, +3.625,+11.646,+0.936
1705111440,+2.95, +3.615,+11.655,+0.936
1705111560,+2.95, +3.594,+11.658,+0.935
1705111680,+2.95, +3.615,+11.656,+0.936
1705111800,+2.95, +3.625,+11.651,+0.936
1705111920,+2.95, +3.635,+11.641,+0.936
1705112040,+2.95, +3.635,+11.641,+0.936
1705112160,+2.95, +3.625,+11.639,+0.935
1705112280,+2.95, +3.645,+11.637,+0.936
1705112400,+2.95, +3.645,+11.637,+0.936
1705112520,+2.95, +3.625,+11.646,+0.936
1705112640,+2.95, +3.645,+11.636,+0.936
1705112760,+2.95, +3.645,+11.623,+0.935
1705112880,+2.95, +3.635,+11.639,+0.936
1705113000,+2.95, +3.645,+11.628,+0.935
1705113120,+2.95, +3.625,+11.645,+0.936
1705113240,+2.95, +3.656,+11.627,+0.935
1705113360,+2.95, +3.625,+11.651,+0.936
1705113480,+2.95, +3.656,+11.625,+0.935
1705113600,+2.95, +3.645,+11.632,+0.935
1705113720,+2.95, +3.635,+11.650,+0.936
1705113840,+2.95, +3.645,+11.630,+0.935
1705113960,+2.95, +3.645,+11.648,+0.936
1705114080,+2.95, +3.676,+11.631,+0.936
1705114200,+2.95, +3.656,+11.645,+0.936
1705114320,+2.95, +3.666,+11.647,+0.936
1705114440,+2.95, +3.656,+11.631,+0.935
1705114560,+2.95, +3.656,+11.640,+0.936
1705114680,+2.95, +3.635,+11.648,+0.936
1705114800,+2.95, +3.656,+11.643,+0.936
1705114920,+2.95, +3.645,+11.645,+0.936
1705115040,+2.95, +3.656,+11.634,+0.936
