"TOA5","MEG WHITE","CR1000","78960","CR1000.Std.28.02","CPU:eosgp_5sec.CR1","15192","Table1"
"TIMESTAMP","RECORD","BattV","PTemp_C","GP_CO2Conc","GP_CO2HiConc","GP_Temp"
"TS","RN","Volts","Deg C","ppm CO2","ppm CO2","Deg C"
"","","Smp","Smp","Smp","Smp","Smp"
"2024-06-25 09:46:25",0,12.76,24.57,0,0,0
"2024-06-25 09:46:30",1,12.76,24.6,0,0,0
"2024-06-25 09:46:35",2,12.76,24.6,0,0,0
"2024-06-25 09:46:40",3,12.76,24.6,0,0,0
"2024-06-25 09:46:45",4,12.76,24.6,0,0,0
"2024-06-25 09:46:50",5,12.76,24.63,0,0,0
"2024-06-25 09:46:55",6,12.76,24.63,0,0,0
"2024-06-25 09:47:00",7,12.76,24.63,0,0,0
"2024-06-25 09:47:50",0,12.76,25.07,0,0,0
"2024-06-25 09:47:55",1,12.76,25.1,0,0,0
"2024-06-25 09:48:00",2,12.76,25.1,0,0,0
"2024-06-25 09:48:05",3,12.76,25.1,0,0,0
"2024-06-25 09:48:10",4,12.76,25.1,0,0,0
"2024-06-25 09:48:15",5,12.76,25.13,0,0,0
"2024-06-25 09:48:20",6,12.76,25.13,0,0,0
"2024-06-25 09:48:25",7,12.76,25.13,0,0,0
"2024-06-25 09:48:30",8,12.76,25.13,0,0,0
"2024-06-25 09:48:35",9,12.76,25.16,0,0,0
"2024-06-25 09:48:40",10,12.76,25.16,0,0,0
"2024-06-25 09:48:45",11,12.76,25.16,0,0,0
"2024-06-25 09:48:50",12,12.76,25.16,0,0,0
"2024-06-25 09:48:55",13,12.76,25.19,0,0,0
"2024-06-25 09:49:00",14,12.76,25.19,0,0,0
"2024-06-25 09:49:05",15,12.76,25.19,0,0,0
"2024-06-25 09:49:10",16,12.76,25.19,0,0,0
"2024-06-25 09:49:15",17,12.76,25.22,0,0,0
"2024-06-25 09:49:20",18,12.76,25.22,0,0,0
"2024-06-25 09:49:25",19,12.76,25.22,0,0,0
"2024-06-25 09:49:30",20,12.75,25.22,0,0,0
"2024-06-25 09:49:35",21,12.76,25.22,0,0,0
"2024-06-25 09:49:40",22,12.76,25.22,0,0,0
"2024-06-25 09:49:45",23,12.75,25.25,0,0,0
"2024-06-25 09:49:50",24,12.75,25.25,0,0,0
"2024-06-25 09:49:55",25,12.75,25.25,0,0,0
"2024-06-25 09:50:00",26,12.75,25.28,0,0,0
"2024-06-25 09:50:05",27,12.75,25.28,0,0,0
"2024-06-25 09:50:10",28,12.75,25.28,0,0,0
"2024-06-25 09:50:15",29,12.76,25.28,0,0,0
"2024-06-25 09:50:20",30,12.77,25.52,0,0,0
"2024-06-25 09:50:25",31,12.77,25.55,0,0,0
"2024-06-25 09:50:30",32,12.77,25.55,0,0,0
"2024-06-25 09:50:35",33,12.77,25.55,0,0,0
"2024-06-25 09:50:40",34,12.77,25.55,0,0,0
"2024-06-25 09:50:45",35,12.77,25.55,0,0,0
"2024-06-25 09:50:50",36,12.77,25.55,0,0,0
"2024-06-25 09:50:55",37,12.77,25.58,0,0,0
"2024-06-25 09:51:00",38,12.77,25.58,0,0,0
"2024-06-25 09:51:05",39,12.77,25.58,0,0,0
"2024-06-25 10:30:00",0,12.34,32.4,207.98,152.19,33.63
"2024-06-25 11:00:00",1,12.32,32.33,198.42,143.93,33.65
"2024-06-25 11:30:00",2,12.31,32.81,196.15,141.96,33.77
"2024-06-25 12:00:00",3,12.33,34.15,192.93,139.2,33.75
"2024-06-25 12:34:00",0,12.33,36.04,0,0,0
"2024-06-25 12:34:05",1,12.32,36.04,0,0,0
"2024-06-25 12:34:10",2,12.32,36.04,0,0,0
"2024-06-25 12:34:15",3,12.32,36.04,0,0,0
"2024-06-25 12:34:20",4,12.33,36,0,0,0
"2024-06-25 12:34:25",5,12.32,36,0,0,0
"2024-06-25 12:34:30",6,12.32,35.96,0,0,0
"2024-06-25 12:34:35",7,12.32,35.96,0,0,0
"2024-06-25 12:34:40",8,12.32,35.96,0,0,0
"2024-06-25 12:34:45",9,12.32,35.96,0,0,0
"2024-06-25 12:34:50",10,12.32,35.96,0,0,0
"2024-06-25 12:34:55",11,12.33,35.92,0,0,0
"2024-06-25 13:00:00",0,12.25,34.31,5380.84,5354.86,30.62
"2024-06-25 13:30:00",1,12.24,34,-0,9143.16,30.14
"2024-06-25 14:00:00",2,12.23,33.1,-0,10899.87,29.93
"2024-06-25 14:30:00",3,12.08,32.44,-0,11563.41,29.87
"2024-06-25 15:00:00",4,12.06,31.83,-0,11447.56,29.69
"2024-06-25 15:30:00",5,12.22,31.33,-0,11353.29,29.58
"2024-06-25 16:00:00",6,12.22,30.67,-0,11194.77,29.41
"2024-06-25 16:30:00",7,12.05,29.89,-0,11057.77,29.21
"2024-06-25 17:00:00",8,12.05,29.05,-0,10845.42,29.01
"2024-06-25 17:30:00",9,12.2,28.3,-0,10490.43,28.8
"2024-06-25 18:00:00",10,12.21,27.56,-0,10182.38,28.59
"2024-06-25 18:30:00",11,12.09,26.93,-0,9821.12,28.4
"2024-06-25 19:00:00",12,12.07,26.37,-0,9816.23,28.25
"2024-06-25 19:30:00",13,12,26.01,-0,9824.83,28.08
"2024-06-25 20:00:00",14,12.2,25.67,-0,9757.03,27.87
"2024-06-25 20:30:00",15,12.19,25.4,-0,9626.28,27.75
"2024-06-25 21:00:00",16,12.06,25.07,-0,11576.86,27.62
"2024-06-25 21:30:00",17,12.01,24.78,-0,11383.98,27.42
"2024-06-25 22:00:00",18,12.18,24.51,-0,12138.49,27.2
"2024-06-25 22:30:00",19,12.18,24.28,-0,11770.53,27.12
"2024-06-25 23:00:00",20,11.99,24.13,-0,11466.1,27.05
"2024-06-25 23:30:00",21,12.05,24.01,-0,11336.47,27
"2024-06-26 00:00:00",22,12.18,23.96,-0,11381.25,26.88
"2024-06-26 00:30:00",23,12.17,23.93,-0,11418.53,26.8
"2024-06-26 01:00:00",24,12.18,23.9,-0,11570.46,26.76
"2024-06-26 01:30:00",25,12.05,23.84,-0,11552,26.73
"2024-06-26 02:00:00",26,12.01,23.7,-0,11570.78,26.61
"2024-06-26 02:30:00",27,12.18,23.52,-0,11440.12,26.51
"2024-06-26 03:00:00",28,12.19,23.32,-0,11237.12,26.39
"2024-06-26 03:30:00",29,12.07,23.15,-0,10962.06,26.34
"2024-06-26 04:00:00",30,12.07,23.12,-0,10809.08,26.34
"2024-06-26 04:30:00",31,12.18,23.21,-0,10782.66,26.39
"2024-06-26 05:00:00",32,12.18,23.61,-0,10678.69,26.45
"2024-06-26 05:30:00",33,12.07,24.22,-0,10589.49,26.64
"2024-06-26 06:00:00",34,12.07,25.1,-0,10579.94,26.9
"2024-06-26 06:30:00",35,12.03,26.1,-0,10637,27.17
"2024-06-26 07:00:00",36,12.18,27.5,-0,10655.17,27.48
"2024-06-26 07:30:00",37,12.2,29.58,-0,10730.28,28
"2024-06-26 08:00:00",38,12.1,30.4,-0,10817.86,28.42
"2024-06-26 08:30:00",39,12.07,31.37,-0,10808.23,28.91
"2024-06-26 09:00:00",40,12.2,33.21,-0,10942.1,29.38
"2024-06-26 09:30:00",41,12.07,36.28,-0,10950.4,30.67
"2024-06-26 10:00:00",42,11.99,38.25,-0,10906.85,33.75
"2024-06-26 10:30:00",43,11.9,37.48,-0,10569.31,34.6
"2024-06-26 11:00:00",44,12.13,36.77,-0,10375.7,33.39
"2024-06-26 11:30:00",45,12.17,36.69,-0,10183.5,32.72
"2024-06-26 12:00:00",46,12.18,36.85,-0,10220.27,32.45
"2024-06-26 12:30:00",47,12,36.69,-0,10134.18,32.56
"2024-06-26 13:00:00",48,11.9,36.69,-0,10364.35,33.01
"2024-06-26 13:30:00",49,12.14,36.73,-0,10653.4,32.66
"2024-06-26 14:00:00",50,12.14,36.36,-0,10894.2,32.26
"2024-06-26 14:30:00",51,11.92,35.84,-0,11253.89,32.12
"2024-06-26 15:00:00",52,11.88,35.04,-0,11559.55,31.72
"2024-06-26 15:30:00",53,12.15,34.34,-0,11961.99,31.44
"2024-06-26 16:00:00",54,12.13,33.62,-0,12308.67,31.14
"2024-06-26 16:30:00",55,11.86,32.81,-0,12588.51,30.87
"2024-06-26 17:00:00",56,11.86,31.97,-0,12734.83,30.71
"2024-06-26 17:30:00",57,12.11,31.33,-0,13258.66,30.51
"2024-06-26 18:00:00",58,12.13,30.78,-0,13746.59,30.23
"2024-06-26 18:30:00",59,12,30.36,-0,14022.65,30.07
"2024-06-26 19:00:00",60,11.98,29.95,-0,14614.26,29.79
"2024-06-26 19:30:00",61,11.87,29.18,-0,14643.63,29.41
"2024-06-26 20:00:00",62,12.11,28.4,-0,14288.25,29.12
"2024-06-26 20:30:00",63,12.13,27.75,-0,14474.12,28.86
"2024-06-26 21:00:00",64,11.9,27.34,-0,14480.69,28.6
"2024-06-26 21:30:00",65,11.82,26.62,-0,13998.81,28.01
"2024-06-26 22:00:00",66,12.08,25.37,-0,12019.83,27.62
"2024-06-26 22:30:00",67,12.1,24.42,-0,10893.2,27.49
"2024-06-26 23:00:00",68,11.86,23.87,-0,10256.31,27.35
"2024-06-26 23:30:00",69,11.92,23.5,-0,10279.02,27.29
"2024-06-27 00:00:00",70,12.11,23.21,-0,10475.85,27.15
"2024-06-27 00:30:00",71,12.09,23.01,-0,11758.59,27.01
"2024-06-27 01:00:00",72,12.1,22.87,-0,12609.37,27.02
"2024-06-27 01:30:00",73,11.98,22.81,-0,13018.29,26.97
"2024-06-27 02:00:00",74,11.99,22.75,-0,12911.55,26.88
"2024-06-27 02:30:00",75,12.14,22.67,-0,12637.19,26.81
"2024-06-27 03:00:00",76,12.18,22.59,-0,12664.65,26.78
"2024-06-27 03:30:00",77,12.08,22.5,-0,12607.8,26.77
"2024-06-27 04:00:00",78,12.03,22.47,-0,12645.2,26.8
"2024-06-27 04:30:00",79,12.17,22.59,-0,12453.34,26.88
"2024-06-27 05:00:00",80,12.17,22.81,-0,12236.52,27.01
"2024-06-27 05:30:00",81,12.18,23.15,-0,11935.02,27.19
"2024-06-27 06:00:00",82,12.04,23.5,-0,11906.82,27.31
"2024-06-27 06:30:00",83,12,24.07,-0,11162.71,27.51
"2024-06-27 07:00:00",84,12.13,24.81,-0,11697.07,27.6
"2024-06-27 07:30:00",85,12.16,26.13,-0,12005.96,28.01
"2024-06-27 08:00:00",86,12.05,26.5,-0,12037.42,28.17
"2024-06-27 08:30:00",87,11.95,27.15,-0,11840.83,28.72
"2024-06-27 09:00:00",88,12.17,28.14,-0,10985.06,29.05
"2024-06-27 09:30:00",89,12.18,29.45,-0,9950.41,29.63
"2024-06-27 10:00:00",90,12.08,29.92,-0,8967.32,30.46
"2024-06-27 10:30:00",91,12.07,29.78,9314.01,7943.21,31.35
"2024-06-27 11:00:00",92,11.99,29.65,1152.96,1116.56,30.96
"2024-06-27 11:30:00",93,12.18,29.55,969.4,918.41,30.52
"2024-06-27 12:00:00",94,12.18,29.35,938.5,885.52,30.2
"2024-06-27 12:30:00",95,12.07,29.45,811.07,749.56,30.49
"2024-06-27 13:00:00",96,12.05,29.85,786.66,723.2,31.23
"2024-06-27 13:30:00",97,12.15,30.26,772.58,708.71,30.81
"2024-06-27 14:00:00",98,12.16,29.99,739.83,674.76,30.24
"2024-06-27 14:30:00",99,12,29.72,805.59,743.92,30.3
"2024-06-27 15:00:00",100,11.99,29.32,740.31,675.5,29.93
"2024-06-27 15:30:00",101,12.15,28.95,749.48,685.3,29.67
"2024-06-27 16:00:00",102,12.16,28.59,732.51,667.67,29.48
"2024-06-27 16:30:00",103,12,28.1,710.23,644.58,29.21
"2024-06-27 17:00:00",104,12,27.5,754.29,690.89,28.95
"2024-06-27 17:30:00",105,11.93,26.84,698.07,632.29,28.65
"2024-06-27 18:00:00",106,12.14,26.1,659.51,592.52,28.27
"2024-06-27 18:30:00",107,12.15,25.37,603.94,535.52,27.91
"2024-06-27 19:00:00",108,11.98,24.66,621.33,553.52,27.67
"2024-06-27 19:30:00",109,11.96,24.04,608.77,540.73,27.49
"2024-06-27 20:00:00",110,12.12,23.5,573.65,505.02,27.19
"2024-06-27 20:30:00",111,12.13,22.92,576.42,507.97,26.97
"2024-06-27 21:00:00",112,12,22.53,623.63,556.36,26.92
"2024-06-27 21:30:00",113,11.96,22.28,629.56,562.45,26.94
"2024-06-27 22:00:00",114,11.79,22.36,605.71,537.92,26.97
"2024-06-27 22:30:00",115,12.09,22.59,554.81,486.12,26.76
"2024-06-27 23:00:00",116,12.07,22.59,553.8,485.18,26.62
"2024-06-27 23:30:00",117,11.76,22.39,524.25,455.46,26.36
"2024-06-28 00:00:00",118,11.77,22.11,527,458.38,26.11
"2024-06-28 00:30:00",119,12.05,21.81,501.63,432.99,25.9
"2024-06-28 01:00:00",120,12.04,21.48,500.37,431.85,25.69
"2024-06-28 01:30:00",121,11.85,21.15,505.78,437.35,25.55
"2024-06-28 02:00:00",122,11.85,20.8,498.75,430.41,25.35
"2024-06-28 02:30:00",123,12.05,20.45,491.58,423.3,25.22
"2024-06-28 03:00:00",124,12.05,20.21,483.41,415.24,25.04
"2024-06-28 03:30:00",125,12.04,20,486.4,418.26,24.96
"2024-06-28 04:00:00",126,11.8,19.94,479.8,411.69,24.95
"2024-06-28 04:30:00",127,11.79,19.97,718.06,655.72,24.89
"2024-06-28 05:00:00",128,12.03,20.13,466.59,398.53,24.98
"2024-06-28 05:30:00",129,12.01,20.56,437.83,369.98,25.26
"2024-06-28 06:00:00",130,11.81,21.15,447.67,379.51,25.58
"2024-06-28 06:30:00",131,11.8,21.72,430.57,362.66,25.64
"2024-06-28 07:00:00",132,12.03,22.7,435.46,367.41,25.76
"2024-06-28 07:30:00",133,12.03,24.92,415.09,347.17,26.38
"2024-06-28 08:00:00",134,12.05,25.58,433.35,364.89,26.65
"2024-06-28 08:30:00",135,11.84,26.37,419.48,351.04,27.21
"2024-06-28 09:00:00",136,11.85,28.23,391.21,323.39,27.62
"2024-06-28 09:30:00",137,12.06,31.16,376.49,308.56,29.05
"2024-06-28 10:00:00",138,12.13,32.66,329.33,262.13,32.85
"2024-06-28 10:30:00",139,12.01,31.44,330.34,262.77,33.52
"2024-06-28 11:00:00",140,12.01,30.4,376.13,307.32,30.93
"2024-06-28 11:30:00",141,12.15,29.85,392.06,323.18,29.79
"2024-06-28 12:00:00",142,12.15,29.62,381.65,313.4,29.3
"2024-06-28 12:30:00",143,12.03,29.15,382.12,313.83,29.34
"2024-06-28 13:00:00",144,12.03,28.89,382.28,313.62,30.1
"2024-06-28 13:30:00",145,11.95,28.62,391.02,322.45,29.23
"2024-06-28 14:00:00",146,12.15,27.98,394.14,325.7,28.72
"2024-06-28 14:30:00",147,12.14,27.28,383.16,315.18,28.59
"2024-06-28 15:00:00",148,12.02,26.68,395.56,327.28,28.28
"2024-06-28 15:30:00",149,12.01,26.04,395.5,327.44,27.84
"2024-06-28 16:00:00",150,12.14,25.37,397.42,329.44,27.55
"2024-06-28 16:30:00",151,12.14,24.75,394.04,326.28,27.29
"2024-06-28 17:00:00",152,12.01,24.19,400.41,332.6,26.97
"2024-06-28 17:30:00",153,12,23.44,410.2,342.3,26.57
"2024-06-28 18:00:00",154,12.14,22.7,466.29,397.58,26.28
"2024-06-28 18:30:00",155,12.14,22.06,441.26,372.97,26.05
"2024-06-28 19:00:00",156,12.13,21.56,404.1,336.72,25.83
"2024-06-28 19:30:00",157,12,21.12,415.79,348.24,25.56
"2024-06-28 20:00:00",158,11.98,20.72,405.11,337.95,25.29
"2024-06-28 20:30:00",159,12.12,20.26,404.6,337.6,24.97
"2024-06-28 21:00:00",160,12.12,19.81,416.2,349,24.78
"2024-06-28 21:30:00",161,11.99,19.44,421.23,354,24.59
"2024-06-28 22:00:00",162,11.98,19.15,428.33,360.98,24.56
"2024-06-28 22:30:00",163,12.12,19,434.68,367.21,24.58
"2024-06-28 23:00:00",164,12.11,18.92,415.12,348.07,24.53
"2024-06-28 23:30:00",165,12.1,18.87,417.36,350.25,24.54
"2024-06-29 00:00:00",166,11.98,18.84,408.3,341.41,24.53
"2024-06-29 00:30:00",167,11.93,18.79,431.11,363.73,24.52
"2024-06-29 01:00:00",168,12.08,18.79,473.49,405.59,24.59
"2024-06-29 01:30:00",169,12.08,18.97,531.7,463.88,24.73
"2024-06-29 02:00:00",170,11.94,19.21,468.59,400.61,24.81
"2024-06-29 02:30:00",171,11.94,19.42,487.29,419.18,24.9
"2024-06-29 03:00:00",172,12.09,19.6,440.27,372.51,25
"2024-06-29 03:30:00",173,12.08,19.73,485.06,416.87,25.07
"2024-06-29 04:00:00",174,12.08,19.94,492.04,423.73,25.27
"2024-06-29 04:30:00",175,11.89,20.45,427.01,359.2,25.57
"2024-06-29 05:00:00",176,11.79,21.07,440.78,372.56,25.92
"2024-06-29 05:30:00",177,12.05,21.89,407.72,339.98,26.38
"2024-06-29 06:00:00",178,12.01,22.73,420.14,351.98,26.6
"2024-06-29 06:30:00",179,11.96,23.67,382.79,315.48,27.19
"2024-06-29 07:00:00",180,11.95,25.16,373.92,306.64,27.87
"2024-06-29 07:30:00",181,12.1,26.59,371.92,304.48,28.4
"2024-06-29 08:00:00",182,12.07,27.4,361.38,294.26,28.73
"2024-06-29 08:30:00",183,12.1,27.91,386.88,318.63,28.86
"2024-06-29 09:00:00",184,11.97,28.4,386.97,318.64,29.03
"2024-06-29 09:30:00",185,11.9,28.85,391.37,322.63,29.55
"2024-06-29 10:00:00",186,12.04,30.29,299.84,234.6,33.19
"2024-06-29 10:30:00",187,12.05,31.47,301.44,235.77,33.9
"2024-06-29 11:00:00",188,11.88,31.97,329.15,262.13,32.47
"2024-06-29 11:30:00",189,11.87,32.7,363.69,294.84,32.21
"2024-06-29 12:00:00",190,12.05,32.88,370.13,301.15,31.84
"2024-06-29 12:30:00",191,12.07,32.59,351.84,283.73,31.93
"2024-06-29 13:00:00",192,11.86,33.03,361.37,292.38,32.75
"2024-06-29 13:30:00",193,11.86,33.1,363.69,294.94,32.01
"2024-06-29 14:00:00",194,12.06,32.81,363.81,295.25,31.6
"2024-06-29 14:30:00",195,12.07,32.44,386.45,316.9,31.58
"2024-06-29 15:00:00",196,12.07,32.08,399.69,329.75,31.37
"2024-06-29 15:30:00",197,11.89,31.72,430.17,359.57,30.95
"2024-06-29 16:00:00",198,11.83,31.33,466.84,395.74,30.7
"2024-06-29 16:30:00",199,12.07,30.81,463.35,392.45,30.4
"2024-06-29 17:00:00",200,12.07,30.43,456.03,385.22,30.42
"2024-06-29 17:30:00",201,11.88,30.02,516.62,445.57,30.19
"2024-06-29 18:00:00",202,11.87,29.45,513.96,443.07,29.93
"2024-06-29 18:30:00",203,12.07,28.89,574.23,504.04,29.73
"2024-06-29 19:00:00",204,12.08,28.36,424.75,355.01,29.56
"2024-06-29 19:30:00",205,11.91,27.85,455.6,385.36,29.38
"2024-06-29 20:00:00",206,11.9,27.44,491.22,420.74,29.24
"2024-06-29 20:30:00",207,11.79,27.09,488.9,418.51,29.12
"2024-06-29 21:00:00",208,12.09,26.81,484.53,414.2,29.03
"2024-06-29 21:30:00",209,12.07,26.59,517.07,446.73,29.01
"2024-06-29 22:00:00",210,11.89,26.41,522.11,451.84,28.91
"2024-06-29 22:30:00",211,11.87,26.28,505.24,434.98,28.83
"2024-06-29 23:00:00",212,12.07,26.22,537.76,467.68,28.78
"2024-06-29 23:30:00",213,12.07,26.22,584.79,515.39,28.79
"2024-06-30 00:00:00",214,11.88,26.22,674.73,607.92,28.82
"2024-06-30 00:30:00",215,11.9,26.16,562.04,492.25,28.76
"2024-06-30 01:00:00",216,12.07,26.16,416.75,347.64,28.71
"2024-06-30 01:30:00",217,12.06,26.22,440.09,370.46,28.71
"2024-06-30 02:00:00",218,12.08,25.92,371.94,304.68,28
"2024-06-30 02:30:00",219,11.9,25.43,466.82,397.23,27.94
"2024-06-30 03:00:00",220,11.88,25.1,519.07,449.34,27.97
"2024-06-30 03:30:00",221,12.05,24.92,586.7,517.84,27.99
"2024-06-30 04:00:00",222,12.03,24.81,565.17,495.91,27.99
"2024-06-30 04:30:00",223,11.67,24.78,626.61,558.7,28.05
"2024-06-30 05:00:00",224,11.67,24.84,525.64,455.82,28.2
"2024-06-30 05:30:00",225,12.05,25.01,591.06,522.04,28.4
"2024-06-30 06:00:00",226,11.97,25.52,553.97,484.04,28.82
"2024-06-30 06:30:00",227,11.85,25.73,619.35,550.97,28.48
"2024-06-30 07:00:00",228,11.82,25.92,563.46,493.79,28.61
"2024-06-30 07:30:00",229,11.69,26.16,513.85,443.58,28.86
"2024-06-30 08:00:00",230,12.04,26.78,444.45,374.39,29.38
"2024-06-30 08:30:00",231,12.01,27,422.18,352.64,29.27
"2024-06-30 09:00:00",232,11.73,27.47,448.73,378.29,29.94
"2024-06-30 09:30:00",233,11.9,28.04,483.16,412.12,30.3
"2024-06-30 10:00:00",234,12.02,28.56,422.54,352.25,30.73
"2024-06-30 10:30:00",235,12.03,29.08,435.87,365.02,31.17
"2024-06-30 11:00:00",236,11.79,29.42,394.37,324.79,31.04
"2024-06-30 11:30:00",237,11.87,29.48,415.28,345.03,31.02
"2024-06-30 12:00:00",238,12.07,29.68,405.12,335.03,31.31
"2024-06-30 12:30:00",239,12.08,29.92,385.08,315.62,31.5
"2024-06-30 13:00:00",240,11.93,30.36,397.93,327.78,31.92
"2024-06-30 13:30:00",241,11.93,30.84,383.86,314.33,31.75
"2024-06-30 14:00:00",242,11.82,30.91,430.83,359.84,31.64
"2024-06-30 14:30:00",243,12.08,30.81,430.03,359.09,31.58
"2024-06-30 15:00:00",244,12.09,30.57,456.43,385.05,31.43
"2024-06-30 15:30:00",245,11.93,30.02,473.08,401.82,30.84
"2024-06-30 16:00:00",246,11.9,29.28,481.82,410.66,30.54
"2024-06-30 16:30:00",247,12.07,28.92,528.58,457.37,30.55
"2024-06-30 17:00:00",248,12.08,28.76,542.99,471.91,30.49
"2024-06-30 17:30:00",249,11.91,28.66,509.84,438.71,30.32
"2024-06-30 18:00:00",250,11.93,28.3,577.08,506.75,30.03
"2024-06-30 18:30:00",251,12.06,27.72,442.91,372.67,29.77
"2024-06-30 19:00:00",252,12.04,27.12,388.26,319.74,29.34
"2024-06-30 19:30:00",253,11.83,26.1,934.7,883.53,27.65
"2024-06-30 20:00:00",254,11.84,24.6,1429.57,1423.19,26.4
"2024-06-30 20:30:00",255,11.77,23.75,5200.36,5198.25,26.34
"2024-06-30 21:00:00",256,12.05,23.35,9840.41,8167.14,26.46
"2024-06-30 21:30:00",257,12.05,23.04,-0,11973.84,26.45
"2024-06-30 22:00:00",258,11.85,22.81,-0,15518.83,26.44
"2024-06-30 22:30:00",259,11.86,22.47,-0,17927.48,26.36
"2024-06-30 23:00:00",260,12.02,21.95,-0,19331.48,26.22
"2024-06-30 23:30:00",261,12.02,21.4,-0,19986.9,26.13
"2024-07-01 00:00:00",262,11.81,20.8,-0,20255.37,26.01
"2024-07-01 00:30:00",263,11.77,20.18,-0,20186.15,25.84
"2024-07-01 01:00:00",264,11.65,19.65,-0,19655.86,25.71
"2024-07-01 01:30:00",265,12.02,19.15,-0,19167.64,25.57
"2024-07-01 02:00:00",266,12,18.74,-0,18675.48,25.44
"2024-07-01 02:30:00",267,11.8,18.46,-0,18025.26,25.3
"2024-07-01 03:00:00",268,11.8,18.2,-0,17176.21,25.15
"2024-07-01 03:30:00",269,12.03,17.99,-0,16568.72,25.01
"2024-07-01 04:00:00",270,11.99,17.82,-0,16030.98,24.88
"2024-07-01 04:30:00",271,11.74,17.72,-0,15673.54,24.73
"2024-07-01 05:00:00",272,11.76,17.82,-0,15394.12,24.65
"2024-07-01 05:30:00",273,11.65,18.07,-0,15214.28,24.59
"2024-07-01 06:00:00",274,12,18.38,-0,15096.52,24.55
"2024-07-01 06:30:00",275,11.99,18.87,-0,14995.63,24.53
"2024-07-01 07:00:00",276,11.78,19.81,-0,15050.63,24.59
"2024-07-01 07:30:00",277,11.73,22.28,-0,15074.18,25.23
"2024-07-01 08:00:00",278,12.02,23.01,-0,14881.25,25.35
"2024-07-01 08:30:00",279,11.99,23.61,-0,14957.68,25.87
"2024-07-01 09:00:00",280,11.78,25.64,-0,15106.35,27.07
"2024-07-01 09:30:00",281,11.75,28.2,-0,15276.56,28.4
"2024-07-01 10:00:00",282,11.59,29.52,-0,16224,30.8
"2024-07-01 10:30:00",283,12.03,28.62,-0,16015.85,31.2
"2024-07-01 11:00:00",284,12.05,27.75,-0,14763.92,30.67
"2024-07-01 11:30:00",285,11.87,27.37,-0,13775.8,30.39
"2024-07-01 12:00:00",286,11.89,27.4,-0,13671.84,30.16
"2024-07-01 12:30:00",287,12.05,27.37,-0,13337.74,30.22
"2024-07-01 13:00:00",288,12.06,27.44,-0,12944.76,30.13
"2024-07-01 13:30:00",289,11.93,27.59,-0,12593.51,29.99
"2024-07-01 14:00:00",290,11.93,27.37,-0,12302.9,29.58
"2024-07-01 14:30:00",291,12.09,27.06,-0,12158.45,29.56
"2024-07-01 15:00:00",292,12.08,26.65,-0,12175.58,29.14
"2024-07-01 15:30:00",293,11.94,26.25,-0,12355.75,28.86
"2024-07-01 16:00:00",294,11.94,25.85,-0,12477.58,28.59
"2024-07-01 16:30:00",295,11.78,25.37,-0,12511.16,28.38
"2024-07-01 17:00:00",296,12.06,24.81,-0,12390.13,28.17
"2024-07-01 17:30:00",297,12.07,24.22,-0,12279.39,27.94
"2024-07-01 18:00:00",298,11.92,23.5,-0,12103.91,27.69
"2024-07-01 18:30:00",299,11.91,22.81,-0,11913.88,27.43
"2024-07-01 19:00:00",300,12.06,22.11,-0,11701.61,27.15
"2024-07-01 19:30:00",301,12.01,21.59,-0,11531.07,26.96
"2024-07-01 20:00:00",302,11.84,21.23,-0,11425.83,26.81
"2024-07-01 20:30:00",303,11.83,21.04,-0,11345.55,26.66
"2024-07-01 21:00:00",304,12.01,20.99,-0,11250.61,26.55
"2024-07-01 21:30:00",305,12.01,20.96,-0,11169.91,26.41
"2024-07-01 22:00:00",306,12.01,20.85,-0,11038.31,26.25
"2024-07-01 22:30:00",307,11.83,20.64,-0,10966.47,26.08
"2024-07-01 23:00:00",308,11.81,20.34,-0,10857.5,25.88
"2024-07-01 23:30:00",309,12.03,19.97,-0,10758.75,25.69
"2024-07-02 00:00:00",310,12,19.55,-0,10658.15,25.52
"2024-07-02 00:30:00",311,11.84,19.15,-0,10540.22,25.31
"2024-07-02 01:00:00",312,11.81,18.77,-0,10431.75,25.12
"2024-07-02 01:30:00",313,12,18.35,-0,10286.67,24.9
"2024-07-02 02:00:00",314,12,17.95,-0,10185.02,24.71
"2024-07-02 02:30:00",315,12,17.56,-0,10043.79,24.53
"2024-07-02 03:00:00",316,11.82,17.29,-0,9930.56,24.38
"2024-07-02 03:30:00",317,11.78,17.09,-0,9827.1,24.22
"2024-07-02 04:00:00",318,12,17.01,-0,9741.03,24.1
"2024-07-02 04:30:00",319,11.98,17.09,-0,9672.77,24.06
"2024-07-02 05:00:00",320,11.79,17.59,-0,9626.27,24.13
"2024-07-02 05:30:00",321,11.78,18.28,-0,9591.06,24.21
"2024-07-02 06:00:00",322,12,19.08,-0,9570.86,24.38
"2024-07-02 06:30:00",323,12,20.02,-0,9582.37,24.54
"2024-07-02 07:00:00",324,12.01,21.31,-0,9619.1,24.78
"2024-07-02 07:30:00",325,11.79,24.51,-0,9402.16,25.62
"2024-07-02 08:00:00",326,11.78,25.52,-0,9191.3,26.02
"2024-07-02 08:30:00",327,11.98,26.37,-0,9237.94,26.54
"2024-07-02 09:00:00",328,12.03,29.02,-0,9162.7,27.97
"2024-07-02 09:30:00",329,11.76,32.04,-0,9045.32,29.65
"2024-07-02 10:00:00",330,11.72,33.03,-0,8986.45,31.67
"2024-07-02 10:30:00",331,12.01,31.94,-0,8687.53,32.03
"2024-07-02 11:00:00",332,11.98,31.19,8976.61,7772.07,31.43
"2024-07-02 11:30:00",333,11.78,30.53,7892.67,7160.88,31.37
"2024-07-02 12:00:00",334,11.87,30.78,7588.9,6972.55,31.4
"2024-07-02 12:30:00",335,11.73,30.26,7196.03,6715.96,31.05
"2024-07-02 13:00:00",336,12.01,29.99,6779.57,6430.57,31.1
"2024-07-02 13:30:00",337,12.01,29.48,6706.79,6378.02,30.7
"2024-07-02 14:00:00",338,11.88,28.85,6852.14,6479.2,30.29
"2024-07-02 14:30:00",339,11.84,28.2,7050.09,6614.75,30.07
"2024-07-02 15:00:00",340,12.05,27.85,7077.09,6632.55,29.9
"2024-07-02 15:30:00",341,12.04,27.56,7153.05,6682.82,29.62
"2024-07-02 16:00:00",342,11.83,27,7211.7,6721.1,29.35
"2024-07-02 16:30:00",343,11.78,26.41,7379.11,6830.1,29.06
"2024-07-02 17:00:00",344,12.01,25.95,7354.21,6813.22,28.84
"2024-07-02 17:30:00",345,12,25.49,7363.17,6818.15,28.56
"2024-07-02 18:00:00",346,11.98,24.84,7392.52,6836.27,28.27
"2024-07-02 18:30:00",347,11.69,24.16,7465.13,6881.97,27.94
"2024-07-02 19:00:00",348,11.57,23.5,7547.27,6933.44,27.67
"2024-07-02 19:30:00",349,11.88,23.04,7602.77,6967.66,27.43
"2024-07-02 20:00:00",350,11.96,22.47,7651.87,6997.47,27.15
"2024-07-02 20:30:00",351,11.71,21.89,7709.62,7032.48,26.88
"2024-07-02 21:00:00",352,11.54,21.4,7774.54,7071.42,26.57
"2024-07-02 21:30:00",353,11.89,20.88,7820.5,7098.64,26.32
"2024-07-02 22:00:00",354,11.88,20.31,7867.83,7126.42,26.04
"2024-07-02 22:30:00",355,11.56,19.78,7865.76,7124.21,25.75
"2024-07-02 23:00:00",356,11.62,19.26,7860.91,7120.5,25.51
"2024-07-02 23:30:00",357,11.55,18.82,7868.75,7124.39,25.25
"2024-07-03 00:00:00",358,11.89,18.4,7874.51,7127.17,25.03
"2024-07-03 00:30:00",359,11.88,17.99,7851.92,7112.64,24.75
"2024-07-03 01:00:00",360,11.59,17.56,7789.61,7074.2,24.56
"2024-07-03 01:30:00",361,11.61,17.26,7750.38,7049.56,24.35
"2024-07-03 02:00:00",362,11.91,17.06,7742.09,7043.84,24.13
"2024-07-03 02:30:00",363,11.87,16.81,7719.79,7029.58,23.94
"2024-07-03 03:00:00",364,11.62,16.59,7708.18,7021.95,23.78
"2024-07-03 03:30:00",365,11.49,16.44,7690.45,7010.5,23.6
"2024-07-03 04:00:00",366,11.55,16.39,7664.42,6994.12,23.51
"2024-07-03 04:30:00",367,11.9,16.54,7625.86,6970.06,23.47
"2024-07-03 05:00:00",368,11.9,17.14,7625.53,6970.06,23.54
"2024-07-03 05:30:00",369,11.64,17.95,7661.33,6992.79,23.71
"2024-07-03 06:00:00",370,11.62,18.82,7707.22,7021.71,23.9
"2024-07-03 06:30:00",371,11.89,19.92,7812.32,7086.74,24.14
"2024-07-03 07:00:00",372,11.91,21.29,7826.45,7096.19,24.42
"2024-07-03 07:30:00",373,11.64,24.84,7718.26,7032.27,25.15
"2024-07-03 08:00:00",374,11.66,26.01,7418.54,6845.65,25.82
"2024-07-03 08:30:00",375,11.57,27,7375.63,6820.76,26.76
"2024-07-03 09:00:00",376,11.97,29.85,7329.79,6796.78,28.68
"2024-07-03 09:30:00",377,11.97,32.88,7040,6611.57,31.31
"2024-07-03 10:00:00",378,11.8,33.32,6542.29,6266.07,33.16
"2024-07-03 10:30:00",379,11.83,32.04,6250.91,6049.85,33.08
"2024-07-03 11:00:00",380,12,31.3,5647.4,5575.75,31.98
"2024-07-03 11:30:00",381,11.99,31.02,5091.78,5111.47,32.06
"2024-07-03 12:00:00",382,11.87,31.12,4705.53,4771.52,31.83
"2024-07-03 12:30:00",383,11.85,31.12,4471.17,4558.71,31.92
"2024-07-03 13:00:00",384,11.99,31.26,4387.91,4482.01,32.29
"2024-07-03 13:30:00",385,12.01,31.4,4351.15,4447.68,31.66
"2024-07-03 14:00:00",386,12.01,31.02,4358.06,4453.94,31.19
"2024-07-03 14:30:00",387,11.82,30.5,4439.17,4528.85,30.9
"2024-07-03 15:00:00",388,11.66,29.92,4592.24,4668.61,30.62
"2024-07-03 15:30:00",389,11.98,29.38,4833.96,4884.77,30.17
"2024-07-03 16:00:00",390,11.98,28.76,5104.34,5120.04,29.82
"2024-07-03 16:30:00",391,11.78,28.04,5380.38,5352.98,29.44
"2024-07-03 17:00:00",392,11.8,27.18,5664.88,5585.35,29.03
"2024-07-03 17:30:00",393,11.98,26.44,5862.54,5742.07,28.68
"2024-07-03 18:00:00",394,11.97,25.76,5937.1,5799.8,28.32
"2024-07-03 18:30:00",395,11.8,25.1,6069.81,5901.74,27.99
"2024-07-03 19:00:00",396,11.71,24.57,6197.11,5998.09,27.75
"2024-07-03 19:30:00",397,11.97,24.1,6344.9,6108.03,27.51
"2024-07-03 20:00:00",398,11.96,23.61,6418.87,6162.08,27.29
"2024-07-03 20:30:00",399,11.96,23.24,6538.66,6248.73,27.05
"2024-07-03 21:00:00",400,11.75,22.87,6633.48,6316.19,26.78
"2024-07-03 21:30:00",401,11.72,22.5,6751.07,6398.93,26.57
"2024-07-03 22:00:00",402,11.96,22.17,6829.27,6453.15,26.4
"2024-07-03 22:30:00",403,11.97,21.92,6854.24,6470.1,26.24
"2024-07-03 23:00:00",404,11.75,21.7,6829.21,6452.33,26.08
"2024-07-03 23:30:00",405,11.75,21.51,6088,5911.88,25.93
"2024-07-04 00:00:00",406,11.97,21.34,5214.8,5209.88,25.81
"2024-07-04 00:30:00",407,11.95,21.23,4741.11,4799.13,25.71
"2024-07-04 01:00:00",408,11.94,21.07,5333.93,5309.49,25.5
"2024-07-04 01:30:00",409,11.72,20.96,6435.13,6170.07,25.44
"2024-07-04 02:00:00",410,11.69,20.88,7096.83,6633.26,25.38
"2024-07-04 02:30:00",411,11.94,20.88,7526.55,6913.1,25.33
"2024-07-04 03:00:00",412,11.93,20.88,7936.04,7165.17,25.36
"2024-07-04 03:30:00",413,11.7,20.93,8326.27,7392.28,25.35
"2024-07-04 04:00:00",414,11.71,21.07,8456.79,7465.75,25.42
"2024-07-04 04:30:00",415,11.95,21.42,8598.22,7544.43,25.64
"2024-07-04 05:00:00",416,11.94,22.03,8696.03,7598.53,25.94
"2024-07-04 05:30:00",417,11.94,22.61,8635.25,7566.35,26.1
"2024-07-04 06:00:00",418,11.72,23.21,8584.89,7540.14,26.4
"2024-07-04 06:30:00",419,11.68,24.04,8604.19,7552.48,26.85
"2024-07-04 07:00:00",420,11.96,24.89,8544.48,7521.35,27.24
"2024-07-04 07:30:00",421,11.95,27.5,8306.71,7391.81,28.15
"2024-07-04 08:00:00",422,11.75,28.14,7109.21,6650.64,28.68
"2024-07-04 08:30:00",423,11.72,29.22,5716.95,5627.87,29.49
"2024-07-04 09:00:00",424,11.92,31.19,4606.04,4681.18,30.73
"2024-07-04 09:30:00",425,11.95,34.23,3767,3889.23,33.55
"2024-07-04 10:00:00",426,11.71,36.08,3436.19,3557.8,37.26
"2024-07-04 10:30:00",427,11.7,35.56,3325.38,3445.91,36.32
"2024-07-04 11:00:00",428,11.94,34.88,2983.58,3094.72,34.51
"2024-07-04 11:30:00",429,11.97,34.34,2731.08,2829.62,34.14
"2024-07-04 12:00:00",430,11.96,34,2644.01,2737.42,33.87
"2024-07-04 12:30:00",431,11.76,33.89,2508.23,2592.7,33.57
"2024-07-04 13:00:00",432,11.59,34,2274.09,2340.02,33.95
"2024-07-04 13:30:00",433,11.93,34.34,2115.51,2167.93,33.8
"2024-07-04 14:00:00",434,11.96,33.81,2065.58,2114.16,33.17
"2024-07-04 14:30:00",435,11.73,33.25,1954.85,1993.57,32.82
"2024-07-04 15:00:00",436,11.68,32.73,1850.6,1879.62,32.61
"2024-07-04 15:30:00",437,11.97,32.08,1779.52,1802.15,32.12
"2024-07-04 16:00:00",438,11.98,31.47,1691.05,1705.22,31.92
"2024-07-04 16:30:00",439,11.8,31.05,1637.79,1646.92,31.72
"2024-07-04 17:00:00",440,11.78,30.6,1594.93,1600.14,31.41
"2024-07-04 17:30:00",441,11.97,30.05,1530.24,1529.38,31.1
"2024-07-04 18:00:00",442,11.93,29.45,1358.59,1341.68,30.42
"2024-07-04 18:30:00",443,11.92,28.69,1139.9,1103.26,29.99
"2024-07-04 19:00:00",444,11.68,28.07,1315.53,1294.94,29.97
"2024-07-04 19:30:00",445,11.71,27.63,1498.75,1496.04,29.83
"2024-07-04 20:00:00",446,11.97,27.31,1575.24,1580.23,29.66
"2024-07-04 20:30:00",447,11.97,27,1504.92,1503.15,29.48
"2024-07-04 21:00:00",448,11.7,26.72,1410.65,1399.82,29.31
"2024-07-04 21:30:00",449,11.71,26.47,1467.96,1462.83,29.2
"2024-07-04 22:00:00",450,11.96,26.25,1312.77,1292.8,29.03
"2024-07-04 22:30:00",451,11.93,26.01,2348.42,2425.06,28.79
"2024-07-04 23:00:00",452,11.7,25.73,4919.35,4958.55,28.56
"2024-07-04 23:30:00",453,11.72,25.46,6582.41,6283.54,28.47
"2024-07-05 00:00:00",454,11.55,25.25,8025.2,7228.9,28.37
"2024-07-05 00:30:00",455,11.93,25.04,8738.09,7630.95,28.28
"2024-07-05 01:00:00",456,11.92,24.92,9051.59,7794.83,28.19
"2024-07-05 01:30:00",457,11.61,24.78,-0,8338.95,28.03
"2024-07-05 02:00:00",458,11.64,24.66,-0,9581.52,27.95
"2024-07-05 02:30:00",459,11.91,24.54,-0,9661.63,27.87
"2024-07-05 03:00:00",460,11.95,24.45,-0,9580.6,27.79
"2024-07-05 03:30:00",461,11.72,24.33,-0,9513.76,27.7
"2024-07-05 04:00:00",462,11.7,24.22,-0,9475.12,27.65
"2024-07-05 04:30:00",463,11.93,24.33,-0,9427.28,27.69
"2024-07-05 05:00:00",464,11.94,24.63,-0,9607.44,27.73
"2024-07-05 05:30:00",465,11.95,25.19,-0,9781.15,27.94
"2024-07-05 06:00:00",466,11.73,25.67,-0,10052.74,28.01
"2024-07-05 06:30:00",467,11.62,26.37,-0,10531.1,28.27
"2024-07-05 07:00:00",468,11.93,27.34,-0,11296.56,28.52
"2024-07-05 07:30:00",469,11.93,30.36,-0,11701.5,28.91
"2024-07-05 08:00:00",470,11.73,31.33,-0,11106.43,29.46
"2024-07-05 08:30:00",471,11.7,32.12,-0,10707.98,30.09
"2024-07-05 09:00:00",472,11.91,35,-0,10575.8,30.76
"2024-07-05 09:30:00",473,11.93,37.95,-0,9918.5,32.47
"2024-07-05 10:00:00",474,11.69,39.48,-0,10354.04,35.64
"2024-07-05 10:30:00",475,11.74,38.51,-0,9860.16,35.43
"2024-07-05 11:00:00",476,11.96,37.74,-0,9493.22,34.41
"2024-07-05 11:30:00",477,11.96,37.52,-0,9179.28,34.12
"2024-07-05 12:00:00",478,11.95,37.48,-0,9162.12,33.93
"2024-07-05 12:30:00",479,11.7,36.85,-0,8995.21,33.88
"2024-07-05 13:00:00",480,11.66,36.44,-0,9067.15,34.05
"2024-07-05 13:30:00",481,11.98,36.48,-0,9089.39,33.77
"2024-07-05 14:00:00",482,11.96,36.04,-0,9319.72,33.32
"2024-07-05 14:30:00",483,11.77,35.24,-0,9637.35,32.96
"2024-07-05 15:00:00",484,11.74,34.5,-0,10000.04,32.7
"2024-07-05 15:30:00",485,11.95,33.96,-0,10415.1,32.37
"2024-07-05 16:00:00",486,11.95,33.29,-0,11025.1,32.1
"2024-07-05 16:30:00",487,11.73,32.73,-0,11663.33,31.93
"2024-07-05 17:00:00",488,11.7,32.22,-0,12380.88,31.72
"2024-07-05 17:30:00",489,11.93,31.65,-0,13387.31,31.46
"2024-07-05 18:00:00",490,11.95,31.12,-0,14015.59,31.19
"2024-07-05 18:30:00",491,11.76,30.64,-0,14179.84,31.02
"2024-07-05 19:00:00",492,11.75,30.22,-0,14140.36,30.9
"2024-07-05 19:30:00",493,11.66,29.85,-0,14461.92,30.73
"2024-07-05 20:00:00",494,11.91,29.55,-0,14695.29,30.59
"2024-07-05 20:30:00",495,11.92,29.28,-0,14760.3,30.42
"2024-07-05 21:00:00",496,11.71,28.95,-0,14907.31,30.27
"2024-07-05 21:30:00",497,11.69,28.66,-0,14797.17,30.14
"2024-07-05 22:00:00",498,11.92,28.46,-0,14743.28,30.03
"2024-07-05 22:30:00",499,11.92,28.27,-0,14867.46,29.93
"2024-07-05 23:00:00",500,11.57,28.07,-0,15008.13,29.86
"2024-07-05 23:30:00",501,11.71,27.91,-0,15200.25,29.79
"2024-07-06 00:00:00",502,11.92,27.75,-0,16597.05,29.7
"2024-07-06 00:30:00",503,11.92,27.66,-0,16634.1,29.66
"2024-07-06 01:00:00",504,11.92,27.56,-0,16959.54,29.59
"2024-07-06 01:30:00",505,11.73,27.4,-0,17543.29,29.55
"2024-07-06 02:00:00",506,11.65,27.28,-0,17950.05,29.46
"2024-07-06 02:30:00",507,11.92,27.18,-0,18347.21,29.42
"2024-07-06 03:00:00",508,11.91,27.06,-0,19081.17,29.38
"2024-07-06 03:30:00",509,11.65,27,-0,19885.35,29.34
"2024-07-06 04:00:00",510,11.66,26.93,-0,20418.66,29.3
"2024-07-06 04:30:00",511,11.91,26.9,-0,20628.79,29.24
"2024-07-06 05:00:00",512,11.9,27.06,-0,21024.45,29.34
"2024-07-06 05:30:00",513,11.64,27.47,-0,21437.13,29.48
"2024-07-06 06:00:00",514,11.72,27.98,-0,21683.57,29.67
"2024-07-06 06:30:00",515,11.8,28.56,-0,21901.85,29.9
"2024-07-06 07:00:00",516,11.92,29.42,-0,22168.35,30.17
"2024-07-06 07:30:00",517,11.91,32.37,-0,21626.93,30.52
"2024-07-06 08:00:00",518,11.68,33.4,-0,20088.81,30.99
"2024-07-06 08:30:00",519,11.64,33.85,-0,18590.71,31.29
"2024-07-06 09:00:00",520,11.9,36.61,-0,17825.15,31.96
"2024-07-06 09:30:00",521,11.85,39.3,-0,15962.37,33.21
"2024-07-06 10:00:00",522,11.67,40.63,-0,14765.55,36.28
"2024-07-06 10:30:00",523,11.59,39.53,-0,13801.79,35.9
"2024-07-06 11:00:00",524,11.9,38.25,-0,13940.75,34.51
"2024-07-06 11:30:00",525,11.87,37.74,-0,14149.12,34.24
"2024-07-06 12:00:00",526,11.59,37.48,-0,14295.56,34.04
"2024-07-06 12:30:00",527,11.61,37.52,-0,14341.86,34.32
"2024-07-06 13:00:00",528,11.89,37.57,-0,13606.74,35.28
"2024-07-06 13:30:00",529,11.9,37.74,-0,13074.13,34.58
"2024-07-06 14:00:00",530,11.96,37.35,-0,12547.08,33.88
"2024-07-06 14:30:00",531,11.78,36.69,-0,10359.71,33.48
"2024-07-06 15:00:00",532,11.71,36.12,9068.79,7829.68,33.25
"2024-07-06 15:30:00",533,11.97,35.48,6298.34,6085.07,32.87
"2024-07-06 16:00:00",534,11.97,34.81,5005.19,5037,32.63
"2024-07-06 16:30:00",535,11.8,34.08,4292.38,4393.07,32.37
"2024-07-06 17:00:00",536,11.76,33.32,3775.95,3898.28,32.12
"2024-07-06 17:30:00",537,11.96,32.59,3427.56,3551.87,31.81
"2024-07-06 18:00:00",538,11.95,31.79,3250.97,3372.75,31.46
"2024-07-06 18:30:00",539,11.77,31.05,2857.46,2965.24,31.13
"2024-07-06 19:00:00",540,11.77,30.33,2584.7,2676.73,30.95
"2024-07-06 19:30:00",541,11.95,29.78,2428.1,2509.14,30.84
"2024-07-06 20:00:00",542,11.96,29.38,2295.82,2366.63,30.74
"2024-07-06 20:30:00",543,11.75,29.02,2199.63,2262.59,30.56
"2024-07-06 21:00:00",544,11.75,28.66,2083.61,2136.54,30.42
"2024-07-06 21:30:00",545,11.66,28.33,2001.8,2047.41,30.29
"2024-07-06 22:00:00",546,11.93,28.04,1958.7,2000.44,30.14
"2024-07-06 22:30:00",547,11.92,27.82,2052.01,2102.45,30.03
"2024-07-06 23:00:00",548,11.71,27.63,2006.87,2053.26,29.96
"2024-07-06 23:30:00",549,11.7,27.44,1916.13,1954.09,29.9
"2024-07-07 00:00:00",550,11.89,27.31,1807.23,1834.89,29.77
"2024-07-07 00:30:00",551,11.89,27.12,1584.23,1590.11,29.66
"2024-07-07 01:00:00",552,11.66,26.93,1501.11,1498.89,29.56
"2024-07-07 01:30:00",553,11.66,26.74,1479.71,1475.43,29.52
"2024-07-07 02:00:00",554,11.89,26.56,1202.77,1172.22,29.45
"2024-07-07 02:30:00",555,11.89,26.34,1174.85,1141.92,29.3
"2024-07-07 03:00:00",556,11.86,26.04,1090.63,1050.48,29.19
"2024-07-07 03:30:00",557,11.65,25.79,959.82,909.36,29.06
"2024-07-07 04:00:00",558,11.56,25.67,887.39,831.8,29.05
"2024-07-07 04:30:00",559,11.87,25.58,812.01,751.73,28.98
"2024-07-07 05:00:00",560,11.85,25.73,772.3,709.72,29.1
"2024-07-07 05:30:00",561,11.59,26.13,697.97,631.81,29.19
"2024-07-07 06:00:00",562,11.59,26.87,608.4,539.1,29.44
"2024-07-07 06:30:00",563,11.83,27.69,555.57,485.09,29.74
"2024-07-07 07:00:00",564,11.83,28.23,532.77,461.98,29.9
"2024-07-07 07:30:00",565,11.55,29.92,521.07,450.09,30.12
"2024-07-07 08:00:00",566,11.48,30.78,491.48,420.28,30.51
"2024-07-07 08:30:00",567,11.38,31.79,451.4,380.32,31.05
"2024-07-07 09:00:00",568,11.8,34.54,448.42,377.08,31.61
"2024-07-07 09:30:00",569,11.85,36.2,419.51,348.57,32.1
"2024-07-07 10:00:00",570,11.63,36.81,396.54,325.61,33.52
"2024-07-07 10:30:00",571,11.59,36.28,383.11,312.28,34.38
"2024-07-07 11:00:00",572,11.91,36.12,406.8,335.53,33.45
"2024-07-07 11:30:00",573,11.9,36.2,403.08,332,33.35
"2024-07-07 12:00:00",574,11.66,36.36,413.9,342.53,33.22
"2024-07-07 12:30:00",575,11.7,36.28,394.76,323.89,33.53
"2024-07-07 13:00:00",576,11.9,36.24,377.65,307.01,34.5
"2024-07-07 13:30:00",577,11.93,36.32,423.98,351.99,33.8
"2024-07-07 14:00:00",578,11.75,35.71,474.62,402.01,33.12
"2024-07-07 14:30:00",579,11.73,35.04,443.43,371.54,32.77
"2024-07-07 15:00:00",580,11.93,34.42,478.89,406.61,32.5
"2024-07-07 15:30:00",581,11.93,33.92,490.29,418.06,32.26
"2024-07-07 16:00:00",582,11.92,33.51,508.56,436.3,32.2
"2024-07-07 16:30:00",583,11.7,33.03,537.68,465.68,31.89
"2024-07-07 17:00:00",584,11.65,32.44,568.12,496.6,31.64
"2024-07-07 17:30:00",585,11.91,31.65,519.95,448.28,31.25
"2024-07-07 18:00:00",586,11.9,30.78,534.46,463.05,30.92
"2024-07-07 18:30:00",587,11.7,29.92,560.97,490.02,30.61
"2024-07-07 19:00:00",588,11.7,29.25,577.57,507,30.42
"2024-07-07 19:30:00",589,11.9,28.56,523.54,452.55,30.14
"2024-07-07 20:00:00",590,11.89,28.01,558.84,488.24,30.01
"2024-07-07 20:30:00",591,11.66,27.56,518.99,448.15,29.86
"2024-07-07 21:00:00",592,11.62,27.12,496.54,425.82,29.65
"2024-07-07 21:30:00",593,11.87,26.68,501.83,431.25,29.39
"2024-07-07 22:00:00",594,11.88,26.22,547.24,477.04,29.14
"2024-07-07 22:30:00",595,11.89,25.83,516.44,446.09,29.02
"2024-07-07 23:00:00",596,11.72,25.55,564.9,495.06,28.92
"2024-07-07 23:30:00",597,11.69,25.25,612.51,543.72,28.82
"2024-07-08 00:00:00",598,11.89,24.98,556.36,486.53,28.71
"2024-07-08 00:30:00",599,11.9,24.75,540.55,470.6,28.6
"2024-07-08 01:00:00",600,11.6,24.51,613.47,544.89,28.52
"2024-07-08 01:30:00",601,11.5,24.3,606.44,537.79,28.37
"2024-07-08 02:00:00",602,11.87,24.04,571.44,502.15,28.21
"2024-07-08 02:30:00",603,11.89,23.81,576.97,507.85,28.08
"2024-07-08 03:00:00",604,11.7,23.58,598.22,529.62,27.96
"2024-07-08 03:30:00",605,11.7,23.41,644.85,577.55,27.97
"2024-07-08 04:00:00",606,11.59,23.44,623.79,555.8,28.05
"2024-07-08 04:30:00",607,11.88,23.78,672.05,605.52,28.25
"2024-07-08 05:00:00",608,11.87,24.42,617.04,548.52,28.57
"2024-07-08 05:30:00",609,11.6,25.13,644.4,576.42,28.98
"2024-07-08 06:00:00",610,11.37,25.76,585.18,515.49,29.26
"2024-07-08 06:30:00",611,11.61,26.59,617.74,548.63,29.51
"2024-07-08 07:00:00",612,11.68,27.63,518.04,447.17,29.9
"2024-07-08 07:30:00",613,11.5,31.33,935.63,882.26,30.42
"2024-07-08 08:00:00",614,12.02,32.99,365.34,296.72,31.58
"2024-07-08 08:30:00",615,12,33.47,360.59,291.87,32.25
"2024-07-08 09:00:00",616,11.82,36.28,336.87,269.24,32.77
"2024-07-08 09:30:00",617,11.91,37.27,316.45,249.76,33.65
"2024-07-08 10:00:00",618,12.01,37.19,292.49,226.91,35.43
"2024-07-08 10:30:00",619,12.03,36.9,291.77,226.04,35.91
"2024-07-08 11:00:00",620,11.98,36.4,301.88,235.59,35.27
"2024-07-08 11:30:00",621,11.88,36.24,290.9,225.55,35.18
"2024-07-08 12:00:00",622,11.87,36.12,285.44,220.63,35.04
"2024-07-08 12:30:00",623,11.99,35.84,297.95,232.14,34.9
"2024-07-08 13:00:00",624,12,35.71,279.32,214.85,35.55
"2024-07-08 13:30:00",625,11.93,35.75,289.13,223.9,35.28
"2024-07-08 14:00:00",626,11.86,35.36,318.47,251.23,34.58
"2024-07-08 14:30:00",627,12.01,34.69,338.4,270.13,33.93
"2024-07-08 15:00:00",628,12,34.15,356.23,287.17,33.45
"2024-07-08 15:30:00",629,11.91,33.25,383.2,313.1,32.93
"2024-07-08 16:00:00",630,11.9,32.51,443.29,371.47,32.66
"2024-07-08 16:30:00",631,12.01,32.04,388.59,318.44,32.61
"2024-07-08 17:00:00",632,12.01,31.47,452.26,380.51,32.21
"2024-07-08 17:30:00",633,11.96,30.71,397.53,327.49,31.73
"2024-07-08 18:00:00",634,11.96,29.92,370.05,301.34,31.28
"2024-07-08 18:30:00",635,12.02,29.18,410.4,340.41,30.78
"2024-07-08 19:00:00",636,12.02,28.56,394.55,325.35,30.27
"2024-07-08 19:30:00",637,12.02,27.98,396.35,327.26,29.91
"2024-07-08 20:00:00",638,11.95,27.47,425.35,355.51,29.72
"2024-07-08 20:30:00",639,11.94,27.03,426.81,356.96,29.67
"2024-07-08 21:00:00",640,12,26.68,411.93,342.53,29.55
"2024-07-08 21:30:00",641,12,26.37,393.91,325.14,29.42
"2024-07-08 22:00:00",642,11.91,26.1,443.03,373.04,29.28
"2024-07-08 22:30:00",643,11.93,25.83,407,337.99,29.06
"2024-07-08 23:00:00",644,11.98,25.58,401.28,332.5,28.95
"2024-07-08 23:30:00",645,11.97,25.37,417.84,348.58,28.95
"2024-07-09 00:00:00",646,11.89,25.25,394.35,325.77,29.01
"2024-07-09 00:30:00",647,11.9,25.16,436.73,367.04,28.94
"2024-07-09 01:00:00",648,11.82,25.04,439.99,370.25,28.92
"2024-07-09 01:30:00",649,11.99,24.92,411.75,342.68,28.91
"2024-07-09 02:00:00",650,11.98,24.81,423.38,354.03,28.86
"2024-07-09 02:30:00",651,11.91,24.69,411.68,342.64,28.83
"2024-07-09 03:00:00",652,11.87,24.57,451.8,381.92,28.82
"2024-07-09 03:30:00",653,11.96,24.51,438.78,369.1,28.86
"2024-07-09 04:00:00",654,11.96,24.48,515.03,444.79,28.82
"2024-07-09 04:30:00",655,11.89,24.6,526.06,455.77,28.98
"2024-07-09 05:00:00",656,11.86,24.95,479.68,409.22,29.31
"2024-07-09 05:30:00",657,11.97,25.49,525.28,454.53,29.74
"2024-07-09 06:00:00",658,11.98,26.19,437.5,367.09,30.29
"2024-07-09 06:30:00",659,11.97,27.15,414.21,344.03,30.95
"2024-07-09 07:00:00",660,11.9,28.14,359.82,291.52,31.44
"2024-07-09 07:30:00",661,11.86,30.98,321.23,254.8,32.29
"2024-07-09 08:00:00",662,11.98,32.19,336.33,268.61,33.03
"2024-07-09 08:30:00",663,11.98,32.59,293,228.18,33.48
"2024-07-09 09:00:00",664,11.92,34.65,292.69,227.61,34.19
"2024-07-09 09:30:00",665,11.9,37.48,248.17,186.77,35.75
"2024-07-09 10:00:00",666,11.97,39.39,194.34,138.55,39.88
"2024-07-09 10:30:00",667,11.96,38.68,221.02,161.45,39.78
"2024-07-09 11:00:00",668,11.89,38.12,261.54,197.96,37.69
"2024-07-09 11:30:00",669,11.91,37.78,268.28,204.38,36.77
"2024-07-09 12:00:00",670,11.99,37.57,263.47,200.18,36.45
"2024-07-09 12:30:00",671,12.01,37.23,263.67,200.48,36.13
"2024-07-09 13:00:00",672,11.94,36.65,287.75,222.32,36.04
"2024-07-09 13:30:00",673,11.9,35.75,256.55,194.47,35.16
"2024-07-09 14:00:00",674,12,35.44,300.65,234.52,35.12
"2024-07-09 14:30:00",675,11.99,34.61,320.79,253.6,34.1
"2024-07-09 15:00:00",676,11.9,34.04,321.72,254.58,33.85
"2024-07-09 15:30:00",677,11.88,33.59,342.49,274.11,33.65
"2024-07-09 16:00:00",678,11.86,33.17,412.42,341.02,33.37
"2024-07-09 16:30:00",679,11.99,32.62,439.1,367.15,33.04
"2024-07-09 17:00:00",680,11.98,32.01,545.83,473.4,32.66
"2024-07-09 17:30:00",681,11.9,31.4,488.76,416.48,32.36
"2024-07-09 18:00:00",682,11.85,30.84,443.99,372.45,32.12
"2024-07-09 18:30:00",683,11.97,30.36,553.67,481.84,31.84
"2024-07-09 19:00:00",684,11.99,29.82,471.21,399.52,31.63
"2024-07-09 19:30:00",685,11.83,29.38,525.63,453.86,31.43
"2024-07-09 20:00:00",686,11.86,29.05,552.83,481.35,31.28
"2024-07-09 20:30:00",687,11.95,28.72,427.87,357.23,31.13
"2024-07-09 21:00:00",688,11.96,28.4,417.88,347.59,30.96
"2024-07-09 21:30:00",689,11.85,28.1,416.12,345.98,30.77
"2024-07-09 22:00:00",690,11.87,27.78,439.44,368.83,30.58
"2024-07-09 22:30:00",691,11.82,27.47,461.28,390.39,30.43
"2024-07-09 23:00:00",692,11.95,27.21,397.84,328.5,30.33
"2024-07-09 23:30:00",693,11.95,27,348.35,281.2,30.24
"2024-07-10 00:00:00",694,11.86,26.78,412.04,342.33,30.16
"2024-07-10 00:30:00",695,11.8,26.59,411.88,342.22,30.07
"2024-07-10 01:00:00",696,11.95,26.44,342.51,275.79,29.99
"2024-07-10 01:30:00",697,11.94,26.28,453.81,383.28,29.97
"2024-07-10 02:00:00",698,11.84,26.19,452.34,381.86,29.91
"2024-07-10 02:30:00",699,11.82,26.07,484.76,413.95,29.89
"2024-07-10 03:00:00",700,11.94,26.01,593.1,523.18,29.86
"2024-07-10 03:30:00",701,11.95,25.92,522.6,451.79,29.84
"2024-07-10 04:00:00",702,11.94,25.92,520.42,449.57,29.89
"2024-07-10 04:30:00",703,11.86,26.1,443.74,373.38,29.97
"2024-07-10 05:00:00",704,11.82,26.41,442.54,372.04,30.26
"2024-07-10 05:30:00",705,11.95,27,396.29,326.81,30.7
"2024-07-10 06:00:00",706,11.94,27.56,401.35,331.54,31.02
"2024-07-10 06:30:00",707,11.83,28.1,342.43,275.07,31.44
"2024-07-10 07:00:00",708,11.79,29.05,311.98,246.26,32.15
"2024-07-10 07:30:00",709,11.93,31.05,334.26,266.76,32.82
"2024-07-10 08:00:00",710,11.92,31.69,306.73,241.02,33.04
"2024-07-10 08:30:00",711,11.79,32.04,283.35,219.39,33.4
"2024-07-10 09:00:00",712,11.85,34.54,274.09,210.78,33.85
"2024-07-10 09:30:00",713,11.94,37.19,251.77,190.12,35.37
"2024-07-10 10:00:00",714,11.96,37.52,226.33,166.72,37.93
"2024-07-10 10:30:00",715,11.86,36.98,217.68,158.93,38.73
"2024-07-10 11:00:00",716,11.86,36.69,242.88,181.73,36.69
"2024-07-10 11:30:00",717,11.76,36.69,248.56,187,36.08
"2024-07-10 12:00:00",718,11.96,36.81,229.8,170.21,36.65
"2024-07-10 12:30:00",719,11.95,36.69,245.23,183.98,36.23
"2024-07-10 13:00:00",720,11.82,36.53,233.06,172.83,37.36
"2024-07-10 13:30:00",721,11.81,35.71,262.55,199.73,35.48
"2024-07-10 14:00:00",722,11.95,34.88,264.45,201.83,34.48
"2024-07-10 14:30:00",723,11.95,34.5,256.87,195.14,34.14
"2024-07-10 15:00:00",724,11.83,34.04,265.14,202.73,33.73
"2024-07-10 15:30:00",725,11.81,33.62,262.7,200.64,33.45
"2024-07-10 16:00:00",726,11.95,32.92,285.37,221.42,32.95
"2024-07-10 16:30:00",727,11.94,32.26,308.66,243.05,32.48
"2024-07-10 17:00:00",728,11.83,31.47,311.46,245.81,32.06
"2024-07-10 17:30:00",729,11.82,30.88,317.8,251.84,31.75
"2024-07-10 18:00:00",730,11.92,30.36,317.75,251.88,31.57
"2024-07-10 18:30:00",731,11.94,29.85,303.07,238.34,31.34
"2024-07-10 19:00:00",732,11.84,29.42,306.8,241.9,31.1
"2024-07-10 19:30:00",733,11.83,29.02,324.44,258.39,30.93
"2024-07-10 20:00:00",734,11.78,28.72,331.01,264.6,30.8
"2024-07-10 20:30:00",735,11.93,28.43,343.27,276.18,30.74
"2024-07-10 21:00:00",736,11.92,28.2,340.59,273.69,30.62
"2024-07-10 21:30:00",737,11.8,27.98,391.7,322.46,30.55
"2024-07-10 22:00:00",738,11.81,27.85,338.71,271.95,30.56
"2024-07-10 22:30:00",739,11.92,27.85,359.73,291.8,30.67
"2024-07-10 23:00:00",740,11.92,27.98,297.66,233.62,30.67
"2024-07-10 23:30:00",741,11.82,26.81,304.08,240.68,27.82
"2024-07-11 00:00:00",742,11.81,25.55,323.07,258.34,27.99
"2024-07-11 00:30:00",743,11.91,24.95,332.84,267.48,28.08
"2024-07-11 01:00:00",744,11.91,24.6,356.34,289.75,28.08
"2024-07-11 01:30:00",745,11.91,24.36,354.52,288.03,28.05
"2024-07-11 02:00:00",746,11.8,24.13,374.56,307.24,27.9
"2024-07-11 02:30:00",747,11.76,23.81,357.58,291.12,27.64
"2024-07-11 03:00:00",748,11.9,23.35,355.46,289.23,27.35
"2024-07-11 03:30:00",749,11.89,22.92,352.24,286.3,27.02
"2024-07-11 04:00:00",750,11.78,22.59,339.98,274.68,26.99
"2024-07-11 04:30:00",751,11.77,22.56,341.42,275.98,27.16
"2024-07-11 05:00:00",752,11.88,22.75,355.39,289.13,27.42
"2024-07-11 05:30:00",753,11.88,22.98,346.54,280.67,27.53
"2024-07-11 06:00:00",754,11.77,23.1,340.16,274.61,27.58
"2024-07-11 06:30:00",755,11.76,23.58,352.49,286,28.28
"2024-07-11 07:00:00",756,11.71,24.3,324.94,259.76,28.79
"2024-07-11 07:30:00",757,11.87,26.13,305.14,241.08,29.31
"2024-07-11 08:00:00",758,11.87,26.59,319,253.83,29.67
"2024-07-11 08:30:00",759,11.74,27.5,320.61,255,30.48
"2024-07-11 09:00:00",760,11.71,30.71,306.95,242.09,30.95
"2024-07-11 09:30:00",761,11.86,33.59,297.35,232.21,33.4
"2024-07-11 10:00:00",762,11.85,35,238.66,177.69,37.52
"2024-07-11 10:30:00",763,11.65,33.85,281.83,216.51,37.03
"2024-07-11 11:00:00",764,11.69,32.99,308.51,241.91,34.79
"2024-07-11 11:30:00",765,11.84,32.66,308.37,241.97,34.36
"2024-07-11 12:00:00",766,11.84,32.51,278.64,214.59,34.67
"2024-07-11 12:30:00",767,11.68,32.3,310.82,244.14,34.57
"2024-07-11 13:00:00",768,11.67,32.22,249.31,187.73,35.9
"2024-07-11 13:30:00",769,11.85,32.33,275.01,211.32,34.6
"2024-07-11 14:00:00",770,11.85,32.01,323.05,255.83,33.83
"2024-07-11 14:30:00",771,11.84,31.62,322.5,255.63,33.11
"2024-07-11 15:00:00",772,11.66,31.12,324.44,257.66,32.63
"2024-07-11 15:30:00",773,11.61,30.64,399.57,329.18,32.26
"2024-07-11 16:00:00",774,11.82,30.16,386.57,316.79,32.03
"2024-07-11 16:30:00",775,11.82,29.58,387.82,318.16,31.7
"2024-07-11 17:00:00",776,11.65,29.05,338.4,271.31,31.35
"2024-07-11 17:30:00",777,11.61,28.36,320.28,254.52,30.9
"2024-07-11 18:00:00",778,11.81,27.66,439.24,368.7,30.46
"2024-07-11 18:30:00",779,11.82,27.09,376.1,307.65,30.17
"2024-07-11 19:00:00",780,11.64,26.59,301.89,237.86,29.83
"2024-07-11 19:30:00",781,11.61,26.13,350.05,283.16,29.46
"2024-07-11 20:00:00",782,11.81,25.73,392.82,324.16,29.28
"2024-07-11 20:30:00",783,11.81,25.43,340.43,274.18,29.17
"2024-07-11 21:00:00",784,11.8,25.19,380.94,312.77,29.17
"2024-07-11 21:30:00",785,11.61,25.01,412.67,343.45,29.14
"2024-07-11 22:00:00",786,11.56,24.89,413.61,344.4,29.09
"2024-07-11 22:30:00",787,11.82,24.72,438.33,368.62,28.92
"2024-07-11 23:00:00",788,11.82,24.57,389.25,320.93,28.84
"2024-07-11 23:30:00",789,11.64,24.48,430.44,360.86,28.99
"2024-07-12 00:00:00",790,11.64,24.42,446.14,376.29,28.92
"2024-07-12 00:30:00",791,11.82,24.33,484.93,414.68,28.9
"2024-07-12 01:00:00",792,11.82,24.3,494.98,424.74,28.8
"2024-07-12 01:30:00",793,11.61,24.28,439.95,370.39,28.57
"2024-07-12 02:00:00",794,11.65,24.16,370.05,302.72,28.32
"2024-07-12 02:30:00",795,11.55,23.99,429.05,360.08,27.84
"2024-07-12 03:00:00",796,11.79,23.81,438.52,369.38,27.8
"2024-07-12 03:30:00",797,11.81,23.72,482.06,412.34,27.96
"2024-07-12 04:00:00",798,11.67,23.72,399.47,331.2,28.01
"2024-07-12 04:30:00",799,11.66,23.78,383.15,315.42,28.05
"2024-07-12 05:00:00",800,11.35,23.81,352.16,285.91,27.75
"2024-07-12 05:30:00",801,11.33,23.75,360.88,294.2,27.79
"2024-07-12 06:00:00",802,11.19,23.75,375.77,308.4,27.91
"2024-07-12 06:30:00",803,11.19,23.84,369.35,302.2,28
"2024-07-12 07:00:00",804,11.06,23.87,351.04,284.77,27.94
"2024-07-12 07:30:00",805,11.3,23.84,328.97,264,27.7
"2024-07-12 08:00:00",806,11.28,23.72,369.88,302.85,27.67
"2024-07-12 08:30:00",807,11.11,23.72,393.01,325.01,27.88
"2024-07-12 09:00:00",808,10.43,23.84,360.49,293.69,28.11
"2024-07-12 09:30:00",809,9.96,24.1,416.73,347.81,28.33
"2024-07-12 10:00:00",810,9.63,24.45,364.6,297.39,28.6
"2024-07-12 10:30:00",811,9.41,24.66,395.4,327.02,28.52
"2024-07-12 11:00:00",812,9.46,24.78,438.52,369.04,28.49
"2024-07-12 11:30:00",813,9.62,24.84,432.94,363.49,28.63
"2024-07-12 12:00:00",814,9.66,24.89,412.51,343.56,28.63
"2024-07-12 12:30:00",815,9.68,25.19,368.06,300.47,29.09
"2024-07-12 13:00:00",816,9.49,25.49,393.17,324.51,29.27
"2024-07-12 13:30:00",817,9.47,25.7,380.27,312.05,29.32
"2024-07-12 14:00:00",818,9.71,25.64,380.33,312.2,29.14
"2024-07-12 14:30:00",819,9.69,25.61,375.2,307.27,29.17
"2024-07-12 15:00:00",820,9.48,25.52,381.16,313.07,28.99
"2024-07-12 15:30:00",821,9.49,25.19,372.92,305.27,28.76
"2024-07-12 16:00:00",822,9.69,24.92,397.38,328.91,28.57
"2024-07-12 16:30:00",823,9.69,24.72,403.93,335.27,28.53
"2024-07-12 17:00:00",824,9.51,24.45,400.24,331.79,28.34
"2024-07-12 17:30:00",825,9.51,24.22,424.28,355.24,28.2
"2024-07-12 18:00:00",826,9.41,24.01,418.13,349.29,28.09
"2024-07-12 18:30:00",827,9.72,23.81,421.67,352.83,27.92
"2024-07-12 19:00:00",828,9.72,23.64,446.22,376.92,27.88
"2024-07-12 19:30:00",829,9.81,23.55,467.38,397.83,27.86
"2024-07-12 20:00:00",830,9.71,23.44,457.8,388.36,27.83
"2024-07-12 20:30:00",831,9.78,23.35,447.86,378.58,27.78
"2024-07-12 21:00:00",832,9.73,23.27,434.87,365.88,27.66
"2024-07-12 21:30:00",833,9.52,23.18,491.83,422.26,27.61
"2024-07-12 22:00:00",834,9.51,23.15,515.92,446.41,27.56
"2024-07-12 22:30:00",835,9.69,23.1,510.3,440.77,27.55
"2024-07-12 23:00:00",836,9.68,23.07,594.2,525.76,27.57
"2024-07-12 23:30:00",837,9.69,23.07,587.7,519.13,27.55
"2024-07-13 00:00:00",838,9.53,23.1,596.67,528.29,27.56
"2024-07-13 00:30:00",839,9.52,23.1,612.53,544.57,27.53
"2024-07-13 01:00:00",840,9.71,23.1,610.85,542.84,27.53
"2024-07-13 01:30:00",841,9.71,23.1,527.03,457.56,27.6
"2024-07-13 02:00:00",842,9.54,23.12,505.34,435.86,27.44
"2024-07-13 02:30:00",843,9.54,23.15,532.18,462.92,27.29
"2024-07-13 03:00:00",844,9.71,23.15,502.9,433.49,27.33
"2024-07-13 03:30:00",845,9.71,23.15,577.95,509.34,27.29
"2024-07-13 04:00:00",846,9.54,23.18,693.14,628.05,27.37
"2024-07-13 04:30:00",847,9.53,23.24,604.6,536.47,27.47
"2024-07-13 05:00:00",848,9.48,23.41,668.88,602.68,27.6
"2024-07-13 05:30:00",849,9.71,23.64,596.51,528.01,27.75
"2024-07-13 06:00:00",850,9.72,23.93,590.96,522.22,27.95
"2024-07-13 06:30:00",851,9.58,24.39,496.19,426.29,28.21
"2024-07-13 07:00:00",852,9.69,25.19,531.71,461.68,28.61
"2024-07-13 07:30:00",853,10.01,26.53,475.08,404.8,29.06
"2024-07-13 08:00:00",854,9.98,27.18,447.46,377.32,29.44
"2024-07-13 08:30:00",855,9.81,27.31,443.56,373.4,29.59
"2024-07-13 09:00:00",856,9.72,28.36,450.58,380.12,29.93
"2024-07-13 09:30:00",857,9.87,29.02,407.44,337.64,30.61
"2024-07-13 10:00:00",858,9.84,31.26,450.1,378.09,32.75
"2024-07-13 10:30:00",859,9.84,30.26,460.71,389.43,31.14
"2024-07-13 11:00:00",860,9.64,29.22,510.6,439.46,30.33
"2024-07-13 11:30:00",861,9.6,28.76,501.84,430.48,30.71
"2024-07-13 12:00:00",862,9.83,28.49,529.46,458.44,30.24
"2024-07-13 12:30:00",863,9.84,27.85,524.57,453.7,29.94
"2024-07-13 13:00:00",864,9.63,27.69,600.62,530.59,30.27
"2024-07-13 13:30:00",865,9.64,27.69,575.06,504.51,30.3
"2024-07-13 14:00:00",866,9.85,27.66,619.1,549.54,30.24
"2024-07-13 14:30:00",867,9.86,27.4,655.86,587.55,30.01
"2024-07-13 15:00:00",868,9.69,27.18,675.07,607.45,29.99
"2024-07-13 15:30:00",869,9.71,27.18,729.9,664.59,29.96
"2024-07-13 16:00:00",870,9.56,27.09,635.72,566.91,29.82
"2024-07-13 16:30:00",871,9.88,26.72,723.9,658.64,29.51
"2024-07-13 17:00:00",872,9.86,26.28,832.74,773.46,29.28
"2024-07-13 17:30:00",873,9.65,25.89,787.97,726.24,29.09
"2024-07-13 18:00:00",874,9.63,25.49,799.51,738.59,28.88
"2024-07-13 18:30:00",875,9.81,25.1,777.94,715.96,28.71
"2024-07-13 19:00:00",876,9.81,24.81,808.34,748.18,28.55
"2024-07-13 19:30:00",877,9.61,24.51,784.89,723.51,28.41
"2024-07-13 20:00:00",878,9.6,24.28,802.64,742.28,28.37
"2024-07-13 20:30:00",879,9.78,24.04,776.88,715.23,28.17
"2024-07-13 21:00:00",880,9.79,23.87,782.99,721.77,28.05
"2024-07-13 21:30:00",881,9.8,23.67,809.18,749.51,27.96
"2024-07-13 22:00:00",882,9.65,23.44,886.27,831.56,27.84
"2024-07-13 22:30:00",883,9.66,23.27,805.51,745.81,27.71
"2024-07-13 23:00:00",884,9.85,23.1,737.58,674.39,27.52
"2024-07-13 23:30:00",885,9.75,22.98,818.17,759.38,27.51
"2024-07-14 00:00:00",886,9.55,22.87,749.9,687.38,27.43
"2024-07-14 00:30:00",887,9.54,22.75,813.39,754.4,27.38
"2024-07-14 01:00:00",888,9.73,22.64,763.77,702.02,27.35
"2024-07-14 01:30:00",889,9.74,22.53,819.52,760.97,27.28
"2024-07-14 02:00:00",890,9.54,22.39,809.39,750.34,27.15
"2024-07-14 02:30:00",891,9.57,22.25,762.65,701.01,27.11
"2024-07-14 03:00:00",892,9.66,22.14,737.88,675.07,27
"2024-07-14 03:30:00",893,9.88,22.03,845.48,788.75,26.99
"2024-07-14 04:00:00",894,9.82,21.97,842.72,785.81,27
"2024-07-14 04:30:00",895,9.53,22.08,945.39,895.42,27.12
"2024-07-14 05:00:00",896,9.5,22.36,949.58,899.78,27.3
"2024-07-14 05:30:00",897,9.69,22.81,889.33,835.05,27.55
"2024-07-14 06:00:00",898,9.69,23.41,858,801.4,27.87
"2024-07-14 06:30:00",899,9.51,24.19,821.21,762.01,28.28
"2024-07-14 07:00:00",900,9.51,25.19,694.1,628.12,28.72
"2024-07-14 07:30:00",901,9.72,28.62,690.43,623.91,29.27
"2024-07-14 08:00:00",902,9.98,30.19,592.05,521.86,30.23
"2024-07-14 08:30:00",903,9.91,30.98,520.79,449.23,31.07
"2024-07-14 09:00:00",904,9.71,33.17,508.42,436.69,31.32
"2024-07-14 09:30:00",905,9.67,34.93,459.22,386.94,32.93
"2024-07-14 10:00:00",906,9.94,36.12,456.43,382.5,35.8
"2024-07-14 10:30:00",907,9.95,35.16,477.66,403.6,35.44
"2024-07-14 11:00:00",908,9.76,34.42,519.14,445.78,33.92
"2024-07-14 11:30:00",909,9.76,34.23,493.32,420.16,33.73
"2024-07-14 12:00:00",910,9.97,34.11,521.02,447.25,34.55
"2024-07-14 12:30:00",911,9.97,33.77,518.6,445.49,33.53
"2024-07-14 13:00:00",912,9.78,33.59,553.24,480.25,33.6
"2024-07-14 13:30:00",913,9.77,32.92,555.42,483,32.77
"2024-07-14 14:00:00",914,9.95,32.37,573.47,501.44,32.51
"2024-07-14 14:30:00",915,9.95,31.83,570.8,498.98,32.14
"2024-07-14 15:00:00",916,9.79,31.3,562.18,490.44,31.86
"2024-07-14 15:30:00",917,9.75,30.67,567.91,496.42,31.58
"2024-07-14 16:00:00",918,9.66,30.12,557.31,485.83,31.37
"2024-07-14 16:30:00",919,9.93,29.92,592.35,521.43,31.34
"2024-07-14 17:00:00",920,9.91,29.65,586.84,515.98,31.1
"2024-07-14 17:30:00",921,9.72,29.18,589.07,518.45,30.8
"2024-07-14 18:00:00",922,9.69,28.56,512.34,441.13,30.46
"2024-07-14 18:30:00",923,9.87,28.01,569.75,499.2,30.17
"2024-07-14 19:00:00",924,9.84,27.53,550.55,479.85,30
"2024-07-14 19:30:00",925,9.64,27.06,523.23,452.43,29.82
"2024-07-14 20:00:00",926,9.62,26.68,568.56,498.35,29.62
"2024-07-14 20:30:00",927,9.81,26.41,584.19,514.3,29.53
"2024-07-14 21:00:00",928,9.79,26.19,574.84,504.82,29.48
"2024-07-14 21:30:00",929,9.77,26.04,549.18,478.84,29.41
"2024-07-14 22:00:00",930,9.58,25.85,621.43,552.56,29.3
"2024-07-14 22:30:00",931,9.52,25.73,607.84,538.67,29.23
"2024-07-14 23:00:00",932,9.75,25.61,651.1,583.19,29.19
"2024-07-14 23:30:00",933,9.74,25.52,567.56,497.65,29.12
"2024-07-15 00:00:00",934,9.54,25.43,635.99,567.71,29.05
"2024-07-15 00:30:00",935,9.57,25.28,563.99,494.1,28.98
"2024-07-15 01:00:00",936,9.73,25.16,648.5,580.71,28.88
"2024-07-15 01:30:00",937,9.73,25.07,507.93,437.7,28.78
"2024-07-15 02:00:00",938,9.55,24.95,649.55,581.9,28.73
"2024-07-15 02:30:00",939,9.51,24.84,605.42,536.55,28.67
"2024-07-15 03:00:00",940,9.72,24.69,724.8,660.21,28.63
"2024-07-15 03:30:00",941,9.72,24.6,643.41,575.7,28.53
"2024-07-15 04:00:00",942,9.71,24.57,628.42,560.25,28.55
"2024-07-15 04:30:00",943,9.56,24.66,619.63,551.14,28.64
"2024-07-15 05:00:00",944,9.53,25.01,590.88,521.48,28.97
"2024-07-15 05:30:00",945,9.74,25.7,567.86,497.77,29.41
"2024-07-15 06:00:00",946,9.84,26.25,498.72,428.05,29.53
"2024-07-15 06:30:00",947,9.71,26.87,495.39,424.56,29.84
"2024-07-15 07:00:00",948,9.69,27.66,495.97,424.94,30.19
"2024-07-15 07:30:00",949,9.84,31.33,445.55,374.84,30.55
"2024-07-15 08:00:00",950,9.81,32.77,421.36,350.7,31.49
"2024-07-15 08:30:00",951,9.6,33.32,373.75,304.5,32.06
"2024-07-15 09:00:00",952,9.63,35.68,370.88,301.64,32.32
"2024-07-15 09:30:00",953,9.58,37.86,359.25,289.73,34.05
"2024-07-15 10:00:00",954,9.96,39.17,339.5,269.86,36.65
"2024-07-15 10:30:00",955,9.97,37.91,360.02,289.42,36.13
"2024-07-15 11:00:00",956,9.76,36.98,391.27,320.05,34.46
"2024-07-15 11:30:00",957,9.72,36.61,381.16,310.39,34.43
"2024-07-15 12:00:00",958,9.95,36.36,344.49,275.13,35.44
"2024-07-15 12:30:00",959,9.95,36.12,389.71,318.57,34.44
"2024-07-15 13:00:00",960,9.74,35.87,388.66,317.58,34.39
"2024-07-15 13:30:00",961,9.73,35.71,387.26,316.44,34.02
"2024-07-15 14:00:00",962,9.95,35.24,412.57,341.12,33.44
"2024-07-15 14:30:00",963,9.93,34.65,441.47,369.46,33.06
"2024-07-15 15:00:00",964,9.69,34.11,468.29,395.96,32.8
"2024-07-15 15:30:00",965,9.69,33.36,506.42,434.04,32.39
"2024-07-15 16:00:00",966,9.91,32.51,425.43,354.35,32.07
"2024-07-15 16:30:00",967,9.89,31.76,518.38,446.35,31.83
"2024-07-15 17:00:00",968,9.67,31.12,511.28,439.32,31.7
"2024-07-15 17:30:00",969,9.67,30.74,551.89,480.21,31.58
"2024-07-15 18:00:00",970,9.54,30.29,566.96,495.65,31.29
"2024-07-15 18:30:00",971,9.82,29.82,560.06,488.78,31.11
"2024-07-15 19:00:00",972,9.83,29.38,524.28,452.84,30.89
"2024-07-15 19:30:00",973,9.67,29.02,605.17,534.91,30.77
"2024-07-15 20:00:00",974,9.56,28.69,653.3,584.46,30.64
"2024-07-15 20:30:00",975,9.79,28.36,560.88,490.03,30.45
"2024-07-15 21:00:00",976,9.76,28.04,637.72,568.63,30.32
"2024-07-15 21:30:00",977,9.59,27.78,620.33,550.84,30.19
"2024-07-15 22:00:00",978,9.55,27.59,573.12,502.69,30.07
"2024-07-15 22:30:00",979,9.74,27.4,643.21,574.49,30.01
"2024-07-15 23:00:00",980,9.71,27.15,621.76,552.55,29.82
"2024-07-15 23:30:00",981,9.7,26.96,565.2,494.86,29.73
"2024-07-16 00:00:00",982,9.52,26.78,597.07,527.38,29.63
"2024-07-16 00:30:00",983,9.45,26.59,727.76,662.64,29.56
"2024-07-16 01:00:00",984,9.71,26.44,605.99,536.61,29.48
"2024-07-16 01:30:00",985,9.69,26.31,511.08,440.5,29.39
"2024-07-16 02:00:00",986,9.48,26.16,560.33,490.2,29.28
"2024-07-16 02:30:00",987,9.51,25.95,511.47,440.97,29.27
"2024-07-16 03:00:00",988,9.66,25.79,511.91,441.45,29.19
"2024-07-16 03:30:00",989,9.69,25.61,460.46,390.31,29.09
"2024-07-16 04:00:00",990,9.49,25.46,528.32,457.98,29.1
"2024-07-16 04:30:00",991,9.49,25.52,609.7,540.6,29.19
"2024-07-16 05:00:00",992,9.67,25.79,568.57,498.51,29.37
"2024-07-16 05:30:00",993,9.66,26.37,546.29,475.78,29.63
"2024-07-16 06:00:00",994,9.67,26.93,512.52,441.61,29.96
"2024-07-16 06:30:00",995,9.48,27.63,526.8,455.69,30.36
"2024-07-16 07:00:00",996,9.46,28.49,450.27,379.37,30.76
"2024-07-16 07:30:00",997,9.74,32.51,430.28,359.56,31.16
"2024-07-16 08:00:00",998,9.89,34.34,375.01,305.56,32.34
"2024-07-16 08:30:00",999,9.68,35.24,371.62,301.97,33.08
"2024-07-16 09:00:00",1000,9.65,38.08,332.71,265.07,33.35
"2024-07-16 09:30:00",1001,9.88,40.4,328.81,260.63,35.05
"2024-07-16 10:00:00",1002,9.87,41.38,288.97,222.74,37.63
"2024-07-16 10:30:00",1003,9.67,40.07,313.95,245.8,37.3
"2024-07-16 11:00:00",1004,9.63,39.04,343.87,274.36,35.84
"2024-07-16 11:30:00",1005,9.87,38.64,348.75,278.98,35.75
"2024-07-16 12:00:00",1006,9.88,38.38,295.8,229.31,36.88
"2024-07-16 12:30:00",1007,9.68,38.03,346.83,277.2,35.7
"2024-07-16 13:00:00",1008,9.62,37.65,368.04,297.33,35.52
"2024-07-16 13:30:00",1009,9.51,37.31,363.66,293,35.86
"2024-07-16 14:00:00",1010,9.9,36.69,406.83,334.79,34.88
"2024-07-16 14:30:00",1011,9.87,36.04,400.99,329.43,34.39
"2024-07-16 15:00:00",1012,9.63,35.36,412.7,340.95,33.99
"2024-07-16 15:30:00",1013,9.54,34.73,447.52,375.06,33.62
"2024-07-16 16:00:00",1014,9.82,34.08,438.49,366.42,33.27
"2024-07-16 16:30:00",1015,9.81,33.47,486.35,413.7,32.99
"2024-07-16 17:00:00",1016,9.48,32.81,504.38,431.8,32.72
"2024-07-16 17:30:00",1017,9.53,32.19,544.28,471.97,32.45
"2024-07-16 18:00:00",1018,9.79,31.65,530.48,458.25,32.2
"2024-07-16 18:30:00",1019,9.77,31.16,511.56,439.38,32.06
"2024-07-16 19:00:00",1020,9.52,30.84,544.08,472.13,31.89
"2024-07-16 19:30:00",1021,9.48,30.57,549.04,477.18,31.81
"2024-07-16 20:00:00",1022,9.72,30.4,553.53,481.76,31.75
"2024-07-16 20:30:00",1023,9.69,30.22,360.49,292.16,31.43
"2024-07-16 21:00:00",1024,9.68,28.43,452.41,382.57,28.72
"2024-07-16 21:30:00",1025,9.43,26.44,462.15,392.42,28.27
"2024-07-16 22:00:00",1026,9.37,25.55,477.4,407.42,28.48
"2024-07-16 22:30:00",1027,9.63,25.13,493.74,423.68,28.51
"2024-07-16 23:00:00",1028,9.62,24.87,555.65,485.9,28.57
"2024-07-16 23:30:00",1029,9.34,24.75,577.43,508.05,28.52
"2024-07-17 00:00:00",1030,9.36,24.63,574.34,504.91,28.51
"2024-07-17 00:30:00",1031,9.58,24.57,582.23,512.96,28.48
"2024-07-17 01:00:00",1032,9.58,24.51,578.78,509.47,28.45
"2024-07-17 01:30:00",1033,9.35,24.42,578.4,509.1,28.42
"2024-07-17 02:00:00",1034,9.33,24.33,570.21,500.81,28.36
"2024-07-17 02:30:00",1035,9.21,24.22,590.93,521.94,28.33
"2024-07-17 03:00:00",1036,9.58,24.13,629.69,561.71,28.3
"2024-07-17 03:30:00",1037,9.58,24.04,638.72,571.04,28.27
"2024-07-17 04:00:00",1038,9.34,24.04,616.24,547.88,28.3
"2024-07-17 04:30:00",1039,9.34,24.13,628.84,560.8,28.36
"2024-07-17 05:00:00",1040,9.58,24.33,631.97,563.92,28.52
"2024-07-17 05:30:00",1041,9.56,24.81,651.6,584,28.76
"2024-07-17 06:00:00",1042,9.29,25.22,728.95,664.36,28.9
"2024-07-17 06:30:00",1043,9.33,25.85,676.2,609.11,29.28
"2024-07-17 07:00:00",1044,9.57,26.84,640.47,571.84,29.76
"2024-07-17 07:30:00",1045,9.58,30.26,585.05,514.78,30.14
"2024-07-17 08:00:00",1046,9.61,31.51,517.71,446.12,31.1
"2024-07-17 08:30:00",1047,9.37,32.37,513.21,441.22,31.75
"2024-07-17 09:00:00",1048,9.35,34.96,479.62,407.55,32.14
"2024-07-17 09:30:00",1049,9.69,37.14,426.19,354.12,33.83
"2024-07-17 10:00:00",1050,9.81,38.08,360.22,289.4,36.56
"2024-07-17 10:30:00",1051,9.65,36.94,438.24,364.59,36.02
"2024-07-17 11:00:00",1052,9.67,36.12,495.95,422.16,34.72
"2024-07-17 11:30:00",1053,9.86,35.87,460.76,387.48,34.58
"2024-07-17 12:00:00",1054,9.82,35.68,476.66,402.67,35.35
"2024-07-17 12:30:00",1055,9.58,35.44,497.32,423.79,34.31
"2024-07-17 13:00:00",1056,9.56,35.24,477.12,403.66,34.48
"2024-07-17 13:30:00",1057,9.79,35.08,471.4,397.95,34.58
"2024-07-17 14:00:00",1058,9.78,34.5,502.04,428.85,33.72
"2024-07-17 14:30:00",1059,9.53,33.81,491.84,418.93,33.35
"2024-07-17 15:00:00",1060,9.56,33.29,481.7,409.11,32.98
"2024-07-17 15:30:00",1061,9.73,32.62,504.33,431.84,32.58
"2024-07-17 16:00:00",1062,9.69,31.86,518.37,446.14,32.14
"2024-07-17 16:30:00",1063,9.67,31.02,579.18,507.7,31.83
"2024-07-17 17:00:00",1064,9.45,30.29,583.47,512.27,31.52
"2024-07-17 17:30:00",1065,9.31,29.72,492.12,420.6,31.05
"2024-07-17 18:00:00",1066,9.19,29.05,491.62,420.38,30.58
"2024-07-17 18:30:00",1067,9.13,27.94,1000.68,953.06,29.38
"2024-07-17 19:00:00",1068,8.92,26.78,1410.16,1399.38,29.2
"2024-07-17 19:30:00",1069,8.9,26.19,1937.8,1978.48,29.17
"2024-07-17 20:00:00",1070,9.09,25.85,2517.89,2606.77,29.14
