7450-718499
OS REV: 1.05 Sensor Cal: 1575996871
Time (sec),  BV (Volts),  T (deg C),  DO (mg/l),  Q ()
1684470780,+3.16,+15.332, +2.533,+0.927
1684471680,+3.16,+15.298, +2.350,+0.927
1684472580,+3.16,+15.238, +2.404,+0.927
1684473480,+3.16,+15.161, +2.326,+0.926
1684474380,+3.16,+15.118, +2.237,+0.926
1684475280,+3.16,+15.075, +2.226,+0.926
1684476180,+3.16,+15.032, +2.230,+0.927
1684477080,+3.17,+14.963, +2.653,+0.926
1684477980,+3.17,+14.929, +2.526,+0.927
1684478880,+3.17,+14.903, +2.407,+0.926
1684479780,+3.17,+14.842, +2.389,+0.926
1684480680,+3.17,+14.825, +2.372,+0.927
1684481580,+3.17,+14.808, +2.233,+0.926
1684482480,+3.17,+14.765, +2.119,+0.926
1684483380,+3.17,+14.756, +1.827,+0.926
1684484280,+3.17,+14.713, +1.729,+0.925
1684485180,+3.17,+14.679, +1.643,+0.925
1684486080,+3.16,+14.627, +1.701,+0.926
1684486980,+3.16,+14.601, +1.823,+0.926
1684487880,+3.16,+14.601, +1.735,+0.925
1684488780,+3.16,+14.549, +1.836,+0.926
1684489680,+3.16,+14.497, +1.861,+0.925
1684490580,+3.16,+14.489, +2.040,+0.926
1684491480,+3.16,+14.463, +1.905,+0.926
1684492380,+3.16,+14.445, +1.957,+0.926
1684493280,+3.16,+14.445, +1.969,+0.926
1684494180,+3.16,+14.428, +1.936,+0.926
1684495080,+3.16,+14.411, +1.964,+0.925
1684495980,+3.16,+14.463, +1.994,+0.926
1684496880,+3.16,+14.437, +1.972,+0.926
1684497780,+3.16,+14.463, +2.074,+0.926
1684498680,+3.16,+14.480, +2.110,+0.926
1684499580,+3.16,+14.506, +1.942,+0.925
1684500480,+3.16,+14.549, +1.924,+0.925
1684501380,+3.16,+14.592, +1.879,+0.925
1684502280,+3.16,+14.618, +2.119,+0.926
1684503180,+3.17,+14.679, +1.953,+0.925
1684504080,+3.17,+14.687, +1.835,+0.925
1684504980,+3.17,+14.730, +1.826,+0.925
1684505880,+3.17,+14.808, +1.815,+0.925
1684506780,+3.17,+14.903, +1.767,+0.925
1684507680,+3.16,+15.006, +1.761,+0.925
1684508580,+3.16,+15.144, +1.931,+0.926
1684509480,+3.16,+15.281, +2.080,+0.926
1684510380,+3.16,+15.384, +1.976,+0.926
1684511280,+3.16,+15.487, +1.761,+0.926
1684512180,+3.16,+15.666, +1.766,+0.926
1684513080,+3.16,+15.855, +1.782,+0.926
1684513980,+3.16,+15.923, +1.718,+0.926
1684514880,+3.16,+16.119, +1.644,+0.926
1684515780,+3.16,+16.272, +1.577,+0.926
1684516680,+3.16,+16.375, +1.771,+0.926
1684517580,+3.16,+16.502, +1.704,+0.926
1684518480,+3.16,+16.672, +1.594,+0.926
1684519380,+3.16,+16.748, +1.725,+0.926
1684520280,+3.16,+16.918, +1.936,+0.927
1684521180,+3.16,+17.088, +2.227,+0.927
1684522080,+3.16,+17.249, +2.289,+0.927
1684522980,+3.16,+17.358, +2.557,+0.927
1684523880,+3.16,+17.384, +2.235,+0.927
1684524780,+3.16,+17.578, +2.372,+0.927
1684525680,+3.16,+17.570, +2.215,+0.927
1684526580,+3.16,+17.637, +2.477,+0.927
1684527480,+3.16,+17.722, +2.500,+0.927
1684528380,+3.16,+17.789, +2.645,+0.927
1684529280,+3.16,+17.815, +2.554,+0.927
1684530180,+3.16,+17.831, +2.550,+0.927
1684531080,+3.16,+17.840, +2.604,+0.927
1684531980,+3.16,+17.823, +2.547,+0.926
1684532880,+3.16,+17.874, +2.925,+0.927
1684533780,+3.16,+17.823, +3.094,+0.927
1684534680,+3.16,+17.831, +3.151,+0.927
1684535580,+3.16,+17.840, +3.068,+0.927
1684536480,+3.16,+17.815, +3.052,+0.927
1684537380,+3.16,+17.756, +3.181,+0.927
1684538280,+3.16,+17.722, +3.388,+0.927
1684539180,+3.16,+17.671, +3.439,+0.927
1684540080,+3.16,+17.612, +3.417,+0.927
1684540980,+3.16,+17.561, +3.275,+0.927
1684541880,+3.16,+17.477, +3.132,+0.927
1684542780,+3.16,+17.426, +2.940,+0.927
1684543680,+3.16,+17.316, +2.885,+0.927
1684544580,+3.16,+17.257, +2.810,+0.927
1684545480,+3.16,+17.181, +2.711,+0.927
1684546380,+3.16,+17.096, +2.653,+0.927
1684547280,+3.16,+17.011, +2.720,+0.927
1684548180,+3.16,+16.935, +3.196,+0.927
1684549080,+3.16,+16.850, +3.084,+0.927
1684549980,+3.16,+16.757, +3.494,+0.926
1684550880,+3.16,+16.698, +3.601,+0.927
1684551780,+3.16,+16.596, +3.569,+0.926
1684552680,+3.16,+16.545, +3.350,+0.926
1684553580,+3.16,+16.460, +3.950,+0.926
1684554480,+3.16,+16.375, +3.611,+0.926
1684555380,+3.16,+16.323, +3.683,+0.926
1684556280,+3.16,+16.255, +3.853,+0.926
1684557180,+3.16,+16.179, +3.902,+0.926
