7450-712774
OS REV: 1.05 Sensor Cal: 1575994751
Time (sec),  BV (Volts),  T (deg C),  DO (mg/l),  Q ()
1708548480,+3.01,+20.846, +8.108,+1.070
1708548540,+3.01,+20.829, +8.110,+1.070
1708548600,+3.01,+20.829, +8.116,+1.071
1708548660,+3.01,+20.837, +8.112,+1.070
1708548720,+3.01,+20.812, +8.117,+1.070
1708548780,+3.01,+20.846, +8.111,+1.070
1708548840,+3.01,+20.837, +8.108,+1.070
1708548900,+3.01,+20.837, +8.118,+1.071
1708548960,+3.01,+20.846, +8.114,+1.071
1708549020,+3.01,+20.871, +8.103,+1.070
1708549080,+3.01,+20.846, +8.106,+1.070
1708549140,+3.01,+20.879, +8.103,+1.070
1708549200,+3.01,+20.862, +8.101,+1.070
1708549260,+3.01,+20.896, +8.102,+1.071
1708549320,+3.01,+20.888, +8.104,+1.070
1708549380,+3.01,+20.862, +8.112,+1.070
1708549440,+3.01,+20.888, +8.109,+1.071
1708549500,+3.01,+20.888, +8.104,+1.071
1708549560,+3.01,+20.896, +8.105,+1.071
1708549620,+3.01,+20.904, +8.092,+1.070
1708549680,+3.01,+20.913, +8.103,+1.071
1708549740,+3.01,+20.921, +8.108,+1.071
1708549800,+3.01,+20.921, +8.103,+1.071
1708549860,+3.01,+20.904, +8.096,+1.070
1708549920,+3.01,+20.921, +8.091,+1.070
1708549980,+3.01,+20.938, +8.097,+1.071
1708550040,+3.01,+20.946, +8.087,+1.070
1708550100,+3.01,+20.921, +8.096,+1.070
1708550160,+3.01,+20.946, +8.097,+1.071
1708550220,+3.01,+20.954, +8.085,+1.070
1708550280,+3.01,+20.954, +8.082,+1.070
1708550340,+3.01,+20.954, +8.092,+1.071
1708550400,+3.01,+20.980, +8.084,+1.070
1708550460,+3.01,+20.980, +8.084,+1.070
1708550520,+3.01,+20.996, +8.080,+1.070
1708550580,+3.01,+21.005, +8.080,+1.070
1708550640,+3.01,+21.005, +8.080,+1.070
1708550700,+3.01,+21.005, +8.077,+1.070
1708550760,+3.01,+21.013, +8.078,+1.071
1708550820,+3.01,+21.021, +8.079,+1.071
1708550880,+3.01,+21.013, +8.086,+1.071
1708550940,+3.01,+21.047, +8.069,+1.070
1708551000,+3.01,+21.030, +8.077,+1.071
1708551060,+3.01,+21.038, +8.071,+1.070
1708551120,+3.01,+21.055, +8.073,+1.071
1708551180,+3.01,+21.038, +8.075,+1.070
1708551240,+3.01,+21.072, +8.062,+1.070
1708551300,+3.01,+21.072, +8.069,+1.071
1708551360,+3.01,+21.080, +8.073,+1.071
1708551420,+3.01,+21.097, +8.062,+1.070
1708551480,+3.01,+21.105, +8.061,+1.070
1708551540,+3.01,+21.113, +8.055,+1.070
1708551600,+3.01,+21.097, +8.061,+1.070
1708551660,+3.01,+21.122, +8.055,+1.070
1708551720,+3.01,+21.130, +8.059,+1.071
1708551780,+3.01,+21.113, +8.052,+1.070
1708551840,+3.01,+21.130, +8.048,+1.070
1708551900,+3.01,+21.147, +8.051,+1.070
1708551960,+3.01,+21.155, +8.049,+1.070
1708552020,+3.01,+21.155, +8.046,+1.070
1708552080,+3.01,+21.164, +8.053,+1.071
1708552140,+3.01,+21.164, +8.056,+1.071
1708552200,+3.01,+21.172, +8.054,+1.071
1708552260,+3.01,+21.172, +8.049,+1.070
1708552320,+3.01,+21.197, +8.051,+1.071
1708552380,+3.01,+21.180, +8.047,+1.070
1708552440,+3.01,+21.189, +8.051,+1.071
1708552500,+3.01,+21.205, +8.043,+1.071
1708552560,+3.01,+21.197, +8.051,+1.071
1708552620,+3.01,+21.214, +8.046,+1.071
1708552680,+3.01,+21.222, +8.037,+1.070
1708552740,+3.01,+21.222, +8.034,+1.070
1708552800,+3.01,+21.231, +8.035,+1.070
1708552860,+3.01,+21.214, +8.050,+1.071
1708552920,+3.01,+21.239, +8.040,+1.070
1708552980,+3.01,+21.239, +8.035,+1.070
1708553040,+3.01,+21.231, +8.042,+1.071
1708553100,+3.01,+21.247, +8.039,+1.070
1708553160,+3.01,+21.256, +8.046,+1.071
1708553220,+3.01,+21.247, +8.033,+1.070
1708553280,+3.01,+21.272, +8.027,+1.070
1708553340,+3.01,+21.256, +8.040,+1.071
1708553400,+3.01,+21.272, +8.037,+1.071
1708553460,+3.01,+21.264, +8.039,+1.071
1708553520,+3.01,+21.264, +8.040,+1.071
1708553580,+3.01,+21.289, +8.028,+1.070
1708553640,+3.01,+21.281, +8.033,+1.071
1708553700,+3.01,+21.297, +8.023,+1.070
1708553760,+3.01,+21.297, +8.029,+1.071
1708553820,+3.01,+21.297, +8.017,+1.070
1708553880,+3.01,+21.306, +8.030,+1.071
1708553940,+3.01,+21.323, +8.029,+1.071
1708554000,+3.01,+21.314, +8.026,+1.071
1708554060,+3.01,+21.314, +8.031,+1.071
1708554120,+3.01,+21.331, +8.022,+1.071
1708554180,+3.01,+21.323, +8.031,+1.071
1708554240,+3.01,+21.314, +8.036,+1.071
1708554300,+3.01,+21.348, +8.026,+1.071
1708554360,+3.01,+21.348, +8.026,+1.071
1708554420,+3.01,+21.339, +8.026,+1.071
1708554480,+3.01,+21.339, +8.030,+1.071
1708554540,+3.01,+21.339, +8.032,+1.071
1708554600,+3.01,+21.364, +8.016,+1.070
1708554660,+3.01,+21.373, +8.015,+1.070
1708554720,+3.01,+21.356, +8.021,+1.070
1708554780,+3.01,+21.398, +8.022,+1.071
1708554840,+3.01,+21.381, +8.021,+1.071
1708554900,+3.01,+21.415, +8.010,+1.071
1708554960,+3.01,+21.389, +8.017,+1.071
1708555020,+3.01,+21.389, +8.018,+1.071
1708555080,+3.01,+21.406, +8.014,+1.071
1708555140,+3.01,+21.406, +8.010,+1.071
1708555200,+3.01,+21.423, +8.014,+1.071
1708555260,+3.01,+21.406, +8.018,+1.071
1708555320,+3.01,+21.423, +8.012,+1.071
1708555380,+3.01,+21.423, +8.010,+1.071
1708555440,+3.01,+21.440, +7.999,+1.070
1708555500,+3.01,+21.431, +8.016,+1.071
1708555560,+3.01,+21.431, +8.014,+1.071
1708555620,+3.01,+21.431, +8.008,+1.071
1708555680,+3.01,+21.448, +8.003,+1.070
1708555740,+3.01,+21.456, +8.009,+1.071
1708555800,+3.01,+21.431, +8.018,+1.071
1708555860,+3.01,+21.440, +8.004,+1.070
1708555920,+3.01,+21.456, +8.010,+1.071
1708555980,+3.01,+21.456, +8.004,+1.071
1708556040,+3.01,+21.465, +8.015,+1.071
1708556100,+3.01,+21.465, +8.002,+1.070
1708556160,+3.01,+21.465, +8.014,+1.071
1708556220,+3.01,+21.465, +8.009,+1.071
1708556280,+3.01,+21.473, +8.005,+1.071
1708556340,+3.01,+21.465, +8.014,+1.071
1708556400,+3.01,+21.465, +8.007,+1.071
1708556460,+3.01,+21.465, +8.011,+1.071
1708556520,+3.01,+21.490, +7.999,+1.070
1708556580,+3.01,+21.481, +8.001,+1.070
1708556640,+3.01,+21.490, +8.009,+1.071
1708556700,+3.01,+21.481, +8.002,+1.071
1708556760,+3.01,+21.490, +7.997,+1.070
1708556820,+3.01,+21.481, +8.000,+1.070
1708556880,+3.01,+21.473, +8.011,+1.071
1708556940,+3.01,+21.498, +7.997,+1.070
1708557000,+3.01,+21.481, +8.009,+1.071
1708557060,+3.01,+21.481, +8.004,+1.071
1708557120,+3.01,+21.515, +8.000,+1.071
1708557180,+3.01,+21.481, +8.006,+1.071
1708557240,+3.01,+21.507, +8.007,+1.071
1708557300,+3.01,+21.498, +8.006,+1.071
1708557360,+3.01,+21.490, +8.005,+1.070
1708557420,+3.01,+21.507, +7.997,+1.070
1708557480,+3.01,+21.498, +8.003,+1.071
1708557540,+3.01,+21.507, +8.009,+1.071
1708557600,+3.01,+21.490, +8.003,+1.071
1708557660,+3.01,+21.507, +8.003,+1.071
1708557720,+3.01,+21.498, +8.006,+1.071
1708557780,+3.01,+21.507, +8.004,+1.071
1708557840,+3.01,+21.515, +8.002,+1.071
1708557900,+3.01,+21.507, +8.007,+1.071
1708557960,+3.01,+21.498, +8.010,+1.071
1708558020,+3.01,+21.515, +8.007,+1.071
1708558080,+3.01,+21.498, +8.005,+1.071
1708558140,+3.01,+21.507, +8.013,+1.071
1708558200,+3.01,+21.507, +8.010,+1.071
1708558260,+3.01,+21.515, +8.004,+1.071
1708558320,+3.01,+21.523, +8.002,+1.071
1708558380,+3.01,+21.498, +8.003,+1.071
1708558440,+3.01,+21.498, +8.009,+1.071
1708558500,+3.01,+21.498, +8.004,+1.070
1708558560,+3.01,+21.507, +8.009,+1.071
1708558620,+3.01,+21.498, +8.003,+1.071
1708558680,+3.01,+21.507, +8.003,+1.071
1708558740,+3.01,+21.515, +7.995,+1.071
1708558800,+3.01,+21.507, +7.995,+1.070
1708558860,+3.01,+21.532, +7.993,+1.071
1708558920,+3.01,+21.523, +8.004,+1.071
1708558980,+3.01,+21.507, +8.000,+1.071
1708559040,+3.01,+21.515, +7.999,+1.071
1708559100,+3.01,+21.515, +7.990,+1.070
1708559160,+3.01,+21.523, +7.998,+1.071
1708559220,+3.01,+21.523, +8.001,+1.071
1708559280,+3.01,+21.507, +7.993,+1.070
1708559340,+3.01,+21.532, +7.996,+1.071
1708559400,+3.01,+21.523, +8.011,+1.072
1708559460,+3.01,+21.507, +8.000,+1.071
1708559520,+3.01,+21.507, +8.007,+1.071
1708559580,+3.01,+21.507, +8.002,+1.071
1708559640,+3.01,+21.523, +8.001,+1.071
1708559700,+3.01,+21.515, +7.994,+1.070
1708559760,+3.01,+21.507, +8.004,+1.071
1708559820,+3.01,+21.523, +7.999,+1.071
1708559880,+3.01,+21.498, +8.007,+1.071
1708559940,+3.01,+21.523, +8.001,+1.071
1708560000,+3.01,+21.523, +8.003,+1.071
1708560060,+3.01,+21.507, +8.002,+1.071
1708560120,+3.01,+21.498, +8.005,+1.071
1708560180,+3.01,+21.515, +7.996,+1.071
1708560240,+3.01,+21.498, +7.998,+1.070
1708560300,+3.01,+21.498, +8.001,+1.070
1708560360,+3.01,+21.507, +8.006,+1.071
1708560420,+3.01,+21.507, +8.002,+1.071
1708560480,+3.01,+21.507, +8.002,+1.071
1708560540,+3.01,+21.507, +8.004,+1.071
1708560600,+3.01,+21.490, +8.007,+1.071
1708560660,+3.01,+21.490, +8.008,+1.071
1708560720,+3.01,+21.515, +8.007,+1.071
1708560780,+3.01,+21.498, +8.002,+1.071
1708560840,+3.01,+21.481, +8.007,+1.071
1708560900,+3.01,+21.507, +8.006,+1.071
1708560960,+3.01,+21.498, +8.001,+1.070
1708561020,+3.01,+21.507, +8.005,+1.071
1708561080,+3.01,+21.498, +8.004,+1.071
1708561140,+3.01,+21.532, +7.994,+1.071
1708561200,+3.01,+21.507, +8.001,+1.071
1708561260,+3.01,+21.498, +8.000,+1.070
1708561320,+3.01,+21.507, +8.013,+1.071
1708561380,+3.01,+21.490, +8.006,+1.070
1708561440,+3.01,+21.507, +8.001,+1.071
1708561500,+3.01,+21.507, +8.006,+1.071
1708561560,+3.01,+21.490, +8.003,+1.070
1708561620,+3.01,+21.498, +8.003,+1.071
1708561680,+3.01,+21.490, +8.012,+1.071
1708561740,+3.01,+21.498, +7.998,+1.070
1708561800,+3.01,+21.507, +8.001,+1.071
1708561860,+3.01,+21.498, +8.012,+1.071
1708561920,+3.01,+21.498, +8.003,+1.070
1708561980,+3.01,+21.507, +8.000,+1.071
1708562040,+3.01,+21.515, +8.008,+1.071
1708562100,+3.01,+21.507, +8.010,+1.071
1708562160,+3.01,+21.507, +8.013,+1.071
1708562220,+3.01,+21.498, +8.008,+1.071
1708562280,+3.01,+21.490, +8.014,+1.071
1708562340,+3.01,+21.507, +8.008,+1.071
1708562400,+3.01,+21.498, +8.008,+1.071
1708562460,+3.01,+21.498, +8.011,+1.071
1708562520,+3.01,+21.507, +8.008,+1.071
1708562580,+3.01,+21.490, +8.011,+1.071
1708562640,+3.01,+21.515, +8.013,+1.072
1708562700,+3.01,+21.507, +8.006,+1.071
1708562760,+3.01,+21.498, +8.014,+1.071
1708562820,+3.01,+21.498, +8.008,+1.071
1708562880,+3.01,+21.507, +8.002,+1.071
1708562940,+3.01,+21.481, +8.014,+1.071
1708563000,+3.01,+21.498, +8.004,+1.071
1708563060,+3.01,+21.481, +8.015,+1.071
1708563120,+3.01,+21.498, +8.012,+1.071
1708563180,+3.01,+21.498, +8.005,+1.071
1708563240,+3.01,+21.498, +8.012,+1.071
1708563300,+3.01,+21.490, +8.006,+1.070
1708563360,+3.01,+21.507, +8.007,+1.071
1708563420,+3.01,+21.473, +8.016,+1.071
1708563480,+3.01,+21.490, +8.012,+1.071
1708563540,+3.01,+21.490, +8.014,+1.071
1708563600,+3.01,+21.498, +8.008,+1.071
1708563660,+3.01,+21.481, +8.023,+1.072
1708563720,+3.01,+21.490, +8.008,+1.071
1708563780,+3.01,+21.498, +8.008,+1.071
1708563840,+3.01,+21.507, +8.003,+1.071
1708563900,+3.01,+21.481, +8.011,+1.071
1708563960,+3.01,+21.490, +8.014,+1.071
1708564020,+3.01,+21.498, +8.010,+1.071
1708564080,+3.01,+21.490, +8.012,+1.071
1708564140,+3.01,+21.498, +8.007,+1.071
1708564200,+3.01,+21.507, +8.008,+1.071
1708564260,+3.01,+21.507, +8.010,+1.071
1708564320,+3.01,+21.498, +8.017,+1.072
1708564380,+3.01,+21.481, +8.012,+1.071
1708564440,+3.01,+21.515, +8.005,+1.071
1708564500,+3.01,+21.490, +8.011,+1.071
1708564560,+3.01,+21.490, +8.006,+1.070
1708564620,+3.01,+21.490, +8.013,+1.071
1708564680,+3.01,+21.498, +8.010,+1.071
1708564740,+3.01,+21.507, +8.004,+1.071
1708564800,+3.01,+21.507, +8.013,+1.071
1708564860,+3.01,+21.515, +8.005,+1.071
1708564920,+3.01,+21.507, +8.008,+1.071
1708564980,+3.01,+21.498, +8.020,+1.071
1708565040,+3.01,+21.498, +8.011,+1.071
1708565100,+3.01,+21.498, +8.012,+1.071
1708565160,+3.01,+21.498, +8.016,+1.071
1708565220,+3.01,+21.498, +8.007,+1.071
1708565280,+3.01,+21.515, +8.006,+1.071
1708565340,+3.01,+21.498, +8.016,+1.071
1708565400,+3.01,+21.515, +8.006,+1.071
1708565460,+3.01,+21.515, +8.013,+1.071
1708565520,+3.01,+21.498, +8.017,+1.071
1708565580,+3.01,+21.498, +8.018,+1.072
1708565640,+3.01,+21.498, +8.014,+1.071
1708565700,+3.01,+21.507, +8.008,+1.071
1708565760,+3.01,+21.532, +7.999,+1.071
1708565820,+3.01,+21.507, +8.010,+1.071
1708565880,+3.01,+21.523, +8.003,+1.071
1708565940,+3.01,+21.515, +8.007,+1.071
1708566000,+3.01,+21.507, +8.007,+1.071
1708566060,+3.01,+21.515, +8.008,+1.071
1708566120,+3.01,+21.515, +8.014,+1.071
1708566180,+3.01,+21.515, +8.002,+1.070
1708566240,+3.01,+21.507, +8.013,+1.071
1708566300,+3.01,+21.515, +8.009,+1.071
1708566360,+3.01,+21.507, +8.011,+1.071
1708566420,+3.01,+21.515, +8.011,+1.071
1708566480,+3.01,+21.515, +8.005,+1.071
1708566540,+3.01,+21.507, +8.013,+1.071
1708566600,+3.01,+21.515, +7.999,+1.071
1708566660,+3.01,+21.532, +8.004,+1.071
1708566720,+3.01,+21.507, +8.008,+1.071
1708566780,+3.01,+21.515, +8.002,+1.071
1708566840,+3.01,+21.532, +7.994,+1.070
1708566900,+3.01,+21.523, +7.997,+1.071
1708566960,+3.01,+21.540, +7.995,+1.071
1708567020,+3.01,+21.532, +8.012,+1.072
1708567080,+3.01,+21.523, +8.000,+1.071
1708567140,+3.01,+21.532, +8.006,+1.071
1708567200,+3.01,+21.523, +8.003,+1.071
1708567260,+3.01,+21.507, +8.013,+1.071
1708567320,+3.01,+21.540, +7.998,+1.071
1708567380,+3.01,+21.532, +8.002,+1.071
1708567440,+3.01,+21.523, +8.003,+1.071
1708567500,+3.01,+21.523, +8.007,+1.071
1708567560,+3.01,+21.523, +8.005,+1.071
1708567620,+3.01,+21.540, +7.998,+1.071
1708567680,+3.01,+21.532, +8.000,+1.071
1708567740,+3.01,+21.515, +8.006,+1.071
1708567800,+3.01,+21.515, +8.010,+1.071
1708567860,+3.01,+21.532, +8.012,+1.071
1708567920,+3.01,+21.523, +8.005,+1.071
1708567980,+3.01,+21.532, +8.007,+1.071
1708568040,+3.01,+21.523, +8.009,+1.071
1708568100,+3.01,+21.532, +8.006,+1.071
1708568160,+3.01,+21.523, +8.002,+1.070
1708568220,+3.01,+21.532, +8.002,+1.071
1708568280,+3.01,+21.548, +8.002,+1.071
1708568340,+3.01,+21.548, +7.991,+1.070
1708568400,+3.01,+21.532, +8.006,+1.071
1708568460,+3.01,+21.540, +8.009,+1.071
1708568520,+3.01,+21.557, +7.990,+1.070
1708568580,+3.01,+21.548, +8.008,+1.071
1708568640,+3.01,+21.540, +8.004,+1.071
1708568700,+3.01,+21.557, +8.002,+1.071
1708568760,+3.01,+21.557, +8.008,+1.071
1708568820,+3.01,+21.557, +8.007,+1.071
1708568880,+3.01,+21.582, +7.991,+1.071
1708568940,+3.01,+21.582, +7.992,+1.071
1708569000,+3.01,+21.573, +7.992,+1.071
1708569060,+3.01,+21.573, +8.001,+1.071
1708569120,+3.01,+21.573, +7.990,+1.070
1708569180,+3.01,+21.590, +8.000,+1.071
1708569240,+3.01,+21.582, +7.994,+1.071
1708569300,+3.01,+21.573, +8.004,+1.071
1708569360,+3.01,+21.582, +7.993,+1.071
1708569420,+3.01,+21.582, +8.003,+1.072
1708569480,+3.01,+21.590, +7.995,+1.071
1708569540,+3.01,+21.582, +7.994,+1.071
1708569600,+3.01,+21.607, +7.982,+1.070
1708569660,+3.01,+21.607, +7.993,+1.071
1708569720,+3.01,+21.599, +7.997,+1.071
1708569780,+3.01,+21.599, +7.995,+1.071
1708569840,+3.01,+21.607, +7.993,+1.071
1708569900,+3.01,+21.599, +7.995,+1.071
1708569960,+3.01,+21.607, +7.995,+1.071
1708570020,+3.01,+21.607, +7.994,+1.071
1708570080,+3.01,+21.632, +7.985,+1.071
1708570140,+3.01,+21.615, +7.986,+1.071
1708570200,+3.01,+21.624, +7.977,+1.070
1708570260,+3.01,+21.615, +7.991,+1.071
1708570320,+3.01,+21.632, +7.987,+1.071
1708570380,+3.01,+21.640, +7.984,+1.071
1708570440,+3.01,+21.640, +7.992,+1.071
1708570500,+3.01,+21.632, +7.993,+1.071
1708570560,+3.01,+21.649, +7.995,+1.072
1708570620,+3.01,+21.657, +7.971,+1.070
1708570680,+3.01,+21.649, +7.984,+1.071
1708570740,+3.01,+21.657, +7.979,+1.071
1708570800,+3.01,+21.657, +7.977,+1.071
1708570860,+3.01,+21.657, +7.989,+1.071
1708570920,+3.01,+21.649, +7.980,+1.071
1708570980,+3.01,+21.649, +7.981,+1.071
1708571040,+3.01,+21.657, +7.986,+1.071
1708571100,+3.01,+21.657, +7.993,+1.072
1708571160,+3.01,+21.649, +7.986,+1.071
1708571220,+3.01,+21.682, +7.983,+1.071
1708571280,+3.01,+21.665, +7.977,+1.070
1708571340,+3.01,+21.682, +7.978,+1.071
1708571400,+3.01,+21.682, +7.978,+1.071
1708571460,+3.01,+21.699, +7.976,+1.071
1708571520,+3.01,+21.674, +7.981,+1.071
1708571580,+3.01,+21.674, +7.979,+1.071
1708571640,+3.01,+21.691, +7.986,+1.071
1708571700,+3.01,+21.699, +7.970,+1.070
1708571760,+3.01,+21.691, +7.978,+1.071
1708571820,+3.01,+21.691, +7.982,+1.071
1708571880,+3.01,+21.716, +7.964,+1.070
1708571940,+3.01,+21.707, +7.973,+1.071
1708572000,+3.01,+21.707, +7.976,+1.071
1708572060,+3.01,+21.716, +7.977,+1.071
1708572120,+3.01,+21.716, +7.971,+1.071
1708572180,+3.01,+21.724, +7.966,+1.071
1708572240,+3.01,+21.716, +7.978,+1.071
1708572300,+3.01,+21.716, +7.970,+1.071
1708572360,+3.01,+21.716, +7.969,+1.071
1708572420,+3.01,+21.749, +7.972,+1.072
1708572480,+3.01,+21.716, +7.971,+1.071
1708572540,+3.01,+21.724, +7.980,+1.071
1708572600,+3.01,+21.716, +7.974,+1.071
1708572660,+3.01,+21.741, +7.979,+1.072
1708572720,+3.01,+21.757, +7.969,+1.072
1708572780,+3.01,+21.741, +7.971,+1.071
1708572840,+3.01,+21.741, +7.973,+1.071
1708572900,+3.01,+21.749, +7.970,+1.071
1708572960,+3.01,+21.741, +7.971,+1.071
1708573020,+3.01,+21.749, +7.962,+1.071
1708573080,+3.01,+21.741, +7.974,+1.071
1708573140,+3.01,+21.766, +7.968,+1.071
1708573200,+3.01,+21.766, +7.971,+1.071
1708573260,+3.01,+21.766, +7.965,+1.071
1708573320,+3.01,+21.766, +7.965,+1.071
1708573380,+3.01,+21.774, +7.966,+1.071
1708573440,+3.01,+21.766, +7.963,+1.071
1708573500,+3.01,+21.783, +7.967,+1.071
1708573560,+3.01,+21.774, +7.968,+1.071
1708573620,+3.01,+21.783, +7.952,+1.070
1708573680,+3.01,+21.774, +7.964,+1.071
1708573740,+3.01,+21.791, +7.967,+1.071
1708573800,+3.01,+21.774, +7.976,+1.071
1708573860,+3.01,+21.783, +7.957,+1.070
1708573920,+3.01,+21.791, +7.957,+1.071
1708573980,+3.01,+21.791, +7.960,+1.071
1708574040,+3.01,+21.799, +7.957,+1.071
1708574100,+3.01,+21.799, +7.960,+1.071
1708574160,+3.01,+21.799, +7.957,+1.071
1708574220,+3.01,+21.808, +7.959,+1.071
1708574280,+3.01,+21.799, +7.962,+1.071
1708574340,+3.01,+21.808, +7.956,+1.071
1708574400,+3.01,+21.808, +7.965,+1.072
1708574460,+3.01,+21.808, +7.970,+1.072
1708574520,+3.01,+21.808, +7.957,+1.071
1708574580,+3.01,+21.799, +7.962,+1.071
1708574640,+3.01,+21.816, +7.954,+1.071
1708574700,+3.01,+21.799, +7.964,+1.071
1708574760,+3.01,+21.808, +7.957,+1.071
1708574820,+3.01,+21.833, +7.957,+1.071
1708574880,+3.01,+21.833, +7.965,+1.072
1708574940,+3.01,+21.816, +7.964,+1.071
1708575000,+3.01,+21.824, +7.956,+1.071
1708575060,+3.01,+21.824, +7.963,+1.071
1708575120,+3.01,+21.858, +7.946,+1.071
1708575180,+3.01,+21.833, +7.957,+1.071
1708575240,+3.01,+21.858, +7.946,+1.071
1708575300,+3.01,+21.849, +7.957,+1.071
1708575360,+3.01,+21.849, +7.955,+1.071
1708575420,+3.01,+21.849, +7.955,+1.071
1708575480,+3.01,+21.849, +7.963,+1.072
1708575540,+3.01,+21.849, +7.949,+1.071
1708575600,+3.01,+21.866, +7.949,+1.071
1708575660,+3.01,+21.866, +7.948,+1.071
1708575720,+3.01,+21.875, +7.949,+1.071
1708575780,+3.01,+21.875, +7.956,+1.072
1708575840,+3.01,+21.866, +7.953,+1.071
1708575900,+3.01,+21.875, +7.946,+1.071
1708575960,+3.01,+21.891, +7.943,+1.071
1708576020,+3.01,+21.891, +7.952,+1.072
1708576080,+3.01,+21.883, +7.947,+1.071
1708576140,+3.01,+21.875, +7.950,+1.071
1708576200,+3.01,+21.891, +7.942,+1.071
1708576260,+3.01,+21.891, +7.953,+1.072
1708576320,+3.01,+21.883, +7.953,+1.071
1708576380,+3.01,+21.900, +7.945,+1.071
1708576440,+3.01,+21.908, +7.946,+1.071
1708576500,+3.01,+21.891, +7.941,+1.071
1708576560,+3.01,+21.900, +7.942,+1.071
1708576620,+3.01,+21.908, +7.945,+1.071
1708576680,+3.01,+21.891, +7.940,+1.071
1708576740,+3.01,+21.900, +7.940,+1.071
1708576800,+3.01,+21.891, +7.942,+1.071
1708576860,+3.01,+21.908, +7.948,+1.072
1708576920,+3.01,+21.900, +7.946,+1.071
1708576980,+3.01,+21.900, +7.939,+1.071
1708577040,+3.01,+21.900, +7.943,+1.071
1708577100,+3.01,+21.891, +7.940,+1.071
1708577160,+3.01,+21.891, +7.947,+1.071
1708577220,+3.01,+21.891, +7.946,+1.071
1708577280,+3.01,+21.916, +7.933,+1.071
1708577340,+3.01,+21.900, +7.942,+1.071
1708577400,+3.01,+21.891, +7.941,+1.071
1708577460,+3.01,+21.883, +7.950,+1.071
1708577520,+3.01,+21.900, +7.944,+1.071
1708577580,+3.01,+21.900, +7.949,+1.072
1708577640,+3.01,+21.891, +7.948,+1.071
1708577700,+3.01,+21.891, +7.947,+1.071
1708577760,+3.01,+21.900, +7.945,+1.071
1708577820,+3.01,+21.900, +7.941,+1.071
1708577880,+3.01,+21.900, +7.950,+1.072
1708577940,+3.01,+21.908, +7.945,+1.071
1708578000,+3.01,+21.900, +7.948,+1.071
1708578060,+3.01,+21.916, +7.934,+1.071
1708578120,+3.01,+21.916, +7.938,+1.071
1708578180,+3.01,+21.900, +7.933,+1.071
1708578240,+3.01,+21.900, +7.948,+1.071
1708578300,+3.01,+21.900, +7.949,+1.072
1708578360,+3.01,+21.925, +7.934,+1.071
1708578420,+3.01,+21.900, +7.953,+1.072
1708578480,+3.01,+21.916, +7.938,+1.071
1708578540,+3.01,+21.900, +7.947,+1.071
1708578600,+3.01,+21.916, +7.945,+1.072
1708578660,+3.01,+21.908, +7.942,+1.071
1708578720,+3.01,+21.908, +7.942,+1.071
1708578780,+3.01,+21.900, +7.942,+1.071
1708578840,+3.01,+21.900, +7.939,+1.071
1708578900,+3.01,+21.916, +7.936,+1.071
1708578960,+3.01,+21.908, +7.943,+1.071
1708579020,+3.01,+21.900, +7.942,+1.071
1708579080,+3.01,+21.916, +7.939,+1.071
1708579140,+3.01,+21.925, +7.936,+1.071
1708579200,+3.01,+21.900, +7.947,+1.072
1708579260,+3.01,+21.916, +7.954,+1.072
1708579320,+3.01,+21.891, +7.944,+1.071
1708579380,+3.01,+21.900, +7.943,+1.071
1708579440,+3.01,+21.925, +7.936,+1.071
1708579500,+3.01,+21.916, +7.930,+1.071
1708579560,+3.01,+21.908, +7.936,+1.071
1708579620,+3.01,+21.900, +7.940,+1.071
1708579680,+3.01,+21.900, +7.938,+1.071
1708579740,+3.01,+21.916, +7.943,+1.072
1708579800,+3.01,+21.925, +7.944,+1.072
1708579860,+3.01,+21.908, +7.951,+1.072
1708579920,+3.01,+21.908, +7.939,+1.071
1708579980,+3.01,+21.908, +7.937,+1.071
1708580040,+3.01,+21.908, +7.944,+1.072
1708580100,+3.01,+21.908, +7.934,+1.071
1708580160,+3.01,+21.908, +7.942,+1.072
1708580220,+3.01,+21.908, +7.941,+1.071
1708580280,+3.01,+21.916, +7.940,+1.071
1708580340,+3.01,+21.891, +7.944,+1.072
1708580400,+3.01,+21.900, +7.937,+1.071
1708580460,+3.01,+21.908, +7.939,+1.071
1708580520,+3.01,+21.891, +7.942,+1.071
1708580580,+3.01,+21.883, +7.941,+1.071
1708580640,+3.01,+21.900, +7.942,+1.071
1708580700,+3.01,+21.900, +7.943,+1.072
1708580760,+3.01,+21.891, +7.948,+1.072
1708580820,+3.01,+21.908, +7.950,+1.072
1708580880,+3.01,+21.900, +7.941,+1.071
1708580940,+3.01,+21.916, +7.936,+1.071
1708581000,+3.01,+21.908, +7.937,+1.071
1708581060,+3.01,+21.908, +7.930,+1.071
1708581120,+3.01,+21.916, +7.939,+1.071
1708581180,+3.01,+21.891, +7.949,+1.072
1708581240,+3.01,+21.891, +7.942,+1.071
1708581300,+3.01,+21.891, +7.941,+1.071
1708581360,+3.01,+21.900, +7.946,+1.072
1708581420,+3.01,+21.900, +7.937,+1.071
1708581480,+3.01,+21.883, +7.939,+1.071
1708581540,+3.01,+21.891, +7.933,+1.071
1708581600,+3.01,+21.891, +7.939,+1.071
1708581660,+3.01,+21.875, +7.952,+1.072
1708581720,+3.01,+21.883, +7.940,+1.071
1708581780,+3.01,+21.891, +7.942,+1.072
1708581840,+3.01,+21.883, +7.945,+1.072
1708581900,+3.01,+21.875, +7.939,+1.071
1708581960,+3.01,+21.883, +7.935,+1.071
1708582020,+3.01,+21.891, +7.941,+1.071
1708582080,+3.01,+21.875, +7.946,+1.072
1708582140,+3.01,+21.866, +7.947,+1.071
1708582200,+3.01,+21.858, +7.943,+1.071
1708582260,+3.01,+21.883, +7.944,+1.072
1708582320,+3.01,+21.883, +7.934,+1.071
1708582380,+3.01,+21.866, +7.947,+1.072
1708582440,+3.01,+21.891, +7.936,+1.071
1708582500,+3.01,+21.875, +7.935,+1.071
1708582560,+3.01,+21.866, +7.947,+1.072
1708582620,+3.01,+21.858, +7.949,+1.072
1708582680,+3.01,+21.866, +7.940,+1.071
1708582740,+3.01,+21.883, +7.939,+1.071
1708582800,+3.01,+21.866, +7.936,+1.071
1708582860,+3.01,+21.875, +7.936,+1.071
1708582920,+3.01,+21.875, +7.942,+1.072
1708582980,+3.01,+21.866, +7.937,+1.071
1708583040,+3.01,+21.849, +7.949,+1.071
1708583100,+3.01,+21.866, +7.942,+1.071
1708583160,+3.01,+21.841, +7.954,+1.072
1708583220,+3.01,+21.866, +7.942,+1.071
1708583280,+3.01,+21.858, +7.944,+1.071
1708583340,+3.01,+21.866, +7.938,+1.071
1708583400,+3.01,+21.866, +7.948,+1.072
1708583460,+3.01,+21.849, +7.945,+1.071
1708583520,+3.01,+21.866, +7.940,+1.071
1708583580,+3.01,+21.858, +7.941,+1.071
1708583640,+3.01,+21.858, +7.938,+1.071
1708583700,+3.01,+21.849, +7.939,+1.071
1708583760,+3.01,+21.858, +7.942,+1.071
1708583820,+3.01,+21.849, +7.952,+1.072
1708583880,+3.01,+21.841, +7.952,+1.072
1708583940,+3.01,+21.866, +7.935,+1.071
1708584000,+3.01,+21.841, +7.945,+1.071
1708584060,+3.01,+21.858, +7.942,+1.071
1708584120,+3.01,+21.849, +7.945,+1.071
1708584180,+3.01,+21.858, +7.942,+1.071
1708584240,+3.01,+21.858, +7.935,+1.071
1708584300,+3.01,+21.841, +7.953,+1.072
1708584360,+3.01,+21.841, +7.939,+1.071
1708584420,+3.01,+21.849, +7.944,+1.071
1708584480,+3.01,+21.841, +7.944,+1.071
1708584540,+3.01,+21.849, +7.940,+1.071
1708584600,+3.01,+21.858, +7.940,+1.071
1708584660,+3.01,+21.849, +7.942,+1.071
1708584720,+3.01,+21.841, +7.943,+1.071
1708584780,+3.01,+21.858, +7.942,+1.071
1708584840,+3.01,+21.841, +7.937,+1.071
1708584900,+3.01,+21.849, +7.946,+1.071
1708584960,+3.01,+21.841, +7.942,+1.071
1708585020,+3.01,+21.841, +7.941,+1.071
1708585080,+3.01,+21.824, +7.945,+1.071
1708585140,+3.01,+21.833, +7.943,+1.071
1708585200,+3.01,+21.833, +7.945,+1.071
1708585260,+3.01,+21.841, +7.938,+1.071
1708585320,+3.01,+21.841, +7.941,+1.071
1708585380,+3.01,+21.824, +7.949,+1.071
1708585440,+3.01,+21.833, +7.949,+1.071
1708585500,+3.01,+21.833, +7.945,+1.071
1708585560,+3.01,+21.841, +7.945,+1.071
1708585620,+3.01,+21.824, +7.938,+1.071
1708585680,+3.01,+21.816, +7.953,+1.072
1708585740,+3.01,+21.824, +7.948,+1.071
1708585800,+3.01,+21.833, +7.949,+1.071
1708585860,+3.01,+21.833, +7.949,+1.071
1708585920,+3.01,+21.833, +7.946,+1.071
1708585980,+3.01,+21.833, +7.946,+1.071
1708586040,+3.01,+21.833, +7.943,+1.071
1708586100,+3.01,+21.841, +7.948,+1.072
1708586160,+3.01,+21.833, +7.947,+1.071
1708586220,+3.01,+21.824, +7.952,+1.072
1708586280,+3.01,+21.816, +7.955,+1.072
1708586340,+3.01,+21.841, +7.938,+1.071
1708586400,+3.01,+21.824, +7.944,+1.071
1708586460,+3.01,+21.824, +7.945,+1.071
1708586520,+3.01,+21.824, +7.945,+1.071
1708586580,+3.01,+21.824, +7.947,+1.071
1708586640,+3.01,+21.824, +7.948,+1.071
1708586700,+3.01,+21.824, +7.950,+1.072
1708586760,+3.01,+21.808, +7.951,+1.071
1708586820,+3.01,+21.824, +7.952,+1.072
1708586880,+3.01,+21.816, +7.948,+1.071
1708586940,+3.01,+21.808, +7.955,+1.072
1708587000,+3.01,+21.833, +7.940,+1.071
1708587060,+3.01,+21.808, +7.949,+1.071
1708587120,+3.01,+21.833, +7.936,+1.070
1708587180,+3.01,+21.816, +7.948,+1.071
1708587240,+3.01,+21.816, +7.953,+1.072
1708587300,+3.01,+21.824, +7.954,+1.072
1708587360,+3.01,+21.816, +7.947,+1.071
1708587420,+3.01,+21.816, +7.944,+1.071
1708587480,+3.01,+21.816, +7.953,+1.072
1708587540,+3.01,+21.816, +7.946,+1.071
1708587600,+3.01,+21.808, +7.947,+1.071
1708587660,+3.01,+21.816, +7.950,+1.071
1708587720,+3.01,+21.824, +7.948,+1.072
1708587780,+3.01,+21.824, +7.940,+1.071
1708587840,+3.01,+21.824, +7.949,+1.071
1708587900,+3.01,+21.808, +7.946,+1.071
1708587960,+3.01,+21.808, +7.954,+1.072
1708588020,+3.01,+21.808, +7.944,+1.071
1708588080,+3.01,+21.816, +7.943,+1.071
1708588140,+3.01,+21.799, +7.954,+1.072
1708588200,+3.01,+21.816, +7.944,+1.071
1708588260,+3.01,+21.816, +7.947,+1.072
1708588320,+3.01,+21.799, +7.949,+1.071
1708588380,+3.01,+21.808, +7.937,+1.071
1708588440,+3.01,+21.808, +7.940,+1.071
1708588500,+3.01,+21.816, +7.950,+1.072
1708588560,+3.01,+21.799, +7.951,+1.071
1708588620,+3.01,+21.824, +7.939,+1.071
1708588680,+3.01,+21.824, +7.944,+1.071
1708588740,+3.01,+21.791, +7.949,+1.071
1708588800,+3.01,+21.808, +7.943,+1.071
1708588860,+3.01,+21.816, +7.945,+1.071
1708588920,+3.01,+21.808, +7.944,+1.071
1708588980,+3.01,+21.816, +7.943,+1.071
1708589040,+3.01,+21.808, +7.947,+1.072
1708589100,+3.01,+21.816, +7.951,+1.072
1708589160,+3.01,+21.824, +7.942,+1.072
1708589220,+3.01,+21.816, +7.947,+1.071
1708589280,+3.01,+21.816, +7.936,+1.071
1708589340,+3.01,+21.824, +7.940,+1.071
1708589400,+3.01,+21.808, +7.949,+1.072
1708589460,+3.01,+21.816, +7.940,+1.071
1708589520,+3.01,+21.808, +7.943,+1.071
1708589580,+3.01,+21.808, +7.950,+1.072
1708589640,+3.01,+21.816, +7.949,+1.072
1708589700,+3.01,+21.808, +7.938,+1.071
1708589760,+3.01,+21.799, +7.943,+1.071
1708589820,+3.01,+21.808, +7.947,+1.072
1708589880,+3.01,+21.816, +7.942,+1.071
1708589940,+3.01,+21.799, +7.945,+1.071
1708590000,+3.01,+21.816, +7.944,+1.071
1708590060,+3.01,+21.808, +7.944,+1.071
1708590120,+3.01,+21.816, +7.941,+1.071
1708590180,+3.01,+21.808, +7.950,+1.072
1708590240,+3.01,+21.808, +7.948,+1.072
1708590300,+3.01,+21.808, +7.945,+1.071
1708590360,+3.01,+21.824, +7.932,+1.071
1708590420,+3.01,+21.808, +7.944,+1.071
1708590480,+3.01,+21.816, +7.942,+1.071
1708590540,+3.01,+21.816, +7.937,+1.071
1708590600,+3.01,+21.808, +7.943,+1.071
1708590660,+3.01,+21.816, +7.938,+1.071
1708590720,+3.01,+21.808, +7.936,+1.071
1708590780,+3.01,+21.791, +7.948,+1.071
1708590840,+3.01,+21.808, +7.947,+1.072
1708590900,+3.01,+21.833, +7.938,+1.072
1708590960,+3.01,+21.808, +7.941,+1.071
1708591020,+3.01,+21.816, +7.945,+1.071
1708591080,+3.01,+21.808, +7.939,+1.071
1708591140,+3.01,+21.808, +7.943,+1.071
1708591200,+3.01,+21.799, +7.945,+1.071
1708591260,+3.01,+21.799, +7.946,+1.071
1708591320,+3.01,+21.808, +7.944,+1.071
1708591380,+3.01,+21.808, +7.942,+1.071
1708591440,+3.01,+21.808, +7.945,+1.071
1708591500,+3.01,+21.808, +7.939,+1.071
1708591560,+3.01,+21.799, +7.946,+1.072
1708591620,+3.01,+21.816, +7.948,+1.072
1708591680,+3.01,+21.808, +7.942,+1.071
1708591740,+3.01,+21.791, +7.954,+1.072
1708591800,+3.01,+21.799, +7.932,+1.070
1708591860,+3.01,+21.808, +7.947,+1.072
1708591920,+3.01,+21.808, +7.938,+1.071
1708591980,+3.01,+21.816, +7.942,+1.071
1708592040,+3.01,+21.808, +7.946,+1.072
1708592100,+3.01,+21.808, +7.946,+1.072
1708592160,+3.01,+21.799, +7.945,+1.071
1708592220,+3.01,+21.799, +7.943,+1.071
1708592280,+3.01,+21.799, +7.948,+1.072
1708592340,+3.01,+21.799, +7.941,+1.071
1708592400,+3.01,+21.799, +7.942,+1.071
1708592460,+3.01,+21.816, +7.944,+1.071
1708592520,+3.01,+21.816, +7.942,+1.071
1708592580,+3.01,+21.799, +7.937,+1.071
1708592640,+3.01,+21.808, +7.941,+1.071
1708592700,+3.01,+21.808, +7.934,+1.071
1708592760,+3.01,+21.824, +7.939,+1.071
1708592820,+3.01,+21.808, +7.938,+1.071
1708592880,+3.01,+21.799, +7.937,+1.071
1708592940,+3.01,+21.816, +7.934,+1.071
1708593000,+3.01,+21.799, +7.944,+1.071
1708593060,+3.01,+21.799, +7.938,+1.071
1708593120,+3.01,+21.824, +7.931,+1.071
1708593180,+3.01,+21.799, +7.945,+1.072
1708593240,+3.01,+21.808, +7.939,+1.071
1708593300,+3.01,+21.816, +7.945,+1.072
1708593360,+3.01,+21.791, +7.947,+1.072
1708593420,+3.01,+21.808, +7.946,+1.072
1708593480,+3.01,+21.783, +7.946,+1.071
1708593540,+3.01,+21.816, +7.934,+1.071
1708593600,+3.01,+21.824, +7.930,+1.071
1708593660,+3.01,+21.816, +7.945,+1.072
1708593720,+3.01,+21.808, +7.939,+1.071
1708593780,+3.01,+21.808, +7.928,+1.070
1708593840,+3.01,+21.791, +7.943,+1.072
1708593900,+3.01,+21.808, +7.937,+1.071
1708593960,+3.01,+21.816, +7.939,+1.071
1708594020,+3.01,+21.808, +7.932,+1.071
1708594080,+3.01,+21.799, +7.944,+1.071
1708594140,+3.01,+21.808, +7.943,+1.072
1708594200,+3.01,+21.799, +7.939,+1.071
1708594260,+3.01,+21.799, +7.939,+1.071
1708594320,+3.01,+21.799, +7.937,+1.071
1708594380,+3.01,+21.799, +7.936,+1.071
1708594440,+3.01,+21.774, +7.949,+1.071
1708594500,+3.01,+21.816, +7.931,+1.071
1708594560,+3.01,+21.808, +7.946,+1.072
1708594620,+3.01,+21.799, +7.937,+1.071
1708594680,+3.01,+21.799, +7.940,+1.071
1708594740,+3.01,+21.791, +7.947,+1.072
1708594800,+3.01,+21.816, +7.942,+1.072
1708594860,+3.01,+21.816, +7.937,+1.071
1708594920,+3.01,+21.791, +7.943,+1.071
1708594980,+3.01,+21.808, +7.938,+1.071
1708595040,+3.01,+21.816, +7.932,+1.071
1708595100,+3.01,+21.808, +7.940,+1.072
1708595160,+3.01,+21.808, +7.944,+1.072
1708595220,+3.01,+21.799, +7.940,+1.071
1708595280,+3.01,+21.791, +7.940,+1.071
1708595340,+3.01,+21.799, +7.936,+1.071
1708595400,+3.01,+21.799, +7.944,+1.072
1708595460,+3.01,+21.791, +7.938,+1.071
1708595520,+3.01,+21.808, +7.942,+1.072
1708595580,+3.01,+21.816, +7.943,+1.072
1708595640,+3.01,+21.791, +7.943,+1.072
1708595700,+3.01,+21.799, +7.944,+1.072
1708595760,+3.01,+21.799, +7.937,+1.071
1708595820,+3.01,+21.808, +7.929,+1.071
1708595880,+3.01,+21.816, +7.937,+1.072
1708595940,+3.01,+21.816, +7.930,+1.071
1708596000,+3.01,+21.783, +7.947,+1.072
1708596060,+3.01,+21.816, +7.921,+1.070
1708596120,+3.01,+21.808, +7.938,+1.071
1708596180,+3.01,+21.799, +7.938,+1.071
1708596240,+3.01,+21.816, +7.943,+1.072
1708596300,+3.01,+21.799, +7.936,+1.071
1708596360,+3.01,+21.808, +7.938,+1.072
1708596420,+3.01,+21.799, +7.933,+1.071
1708596480,+3.01,+21.808, +7.928,+1.071
1708596540,+3.01,+21.783, +7.945,+1.071
1708596600,+3.01,+21.808, +7.934,+1.071
1708596660,+3.01,+21.808, +7.934,+1.071
1708596720,+3.01,+21.791, +7.940,+1.071
1708596780,+3.01,+21.799, +7.935,+1.071
1708596840,+3.01,+21.808, +7.938,+1.071
1708596900,+3.01,+21.799, +7.932,+1.071
1708596960,+3.01,+21.799, +7.939,+1.072
1708597020,+3.01,+21.799, +7.941,+1.072
1708597080,+3.01,+21.799, +7.934,+1.071
1708597140,+3.01,+21.816, +7.930,+1.071
1708597200,+3.01,+21.808, +7.942,+1.072
1708597260,+3.01,+21.799, +7.937,+1.071
1708597320,+3.01,+21.799, +7.933,+1.071
1708597380,+3.01,+21.808, +7.932,+1.071
1708597440,+3.01,+21.816, +7.944,+1.072
1708597500,+3.01,+21.808, +7.940,+1.072
1708597560,+3.01,+21.799, +7.929,+1.071
1708597620,+3.01,+21.783, +7.944,+1.071
1708597680,+3.01,+21.799, +7.937,+1.071
1708597740,+3.01,+21.808, +7.928,+1.071
1708597800,+3.01,+21.816, +7.926,+1.071
1708597860,+3.01,+21.799, +7.935,+1.071
1708597920,+3.01,+21.799, +7.935,+1.071
1708597980,+3.01,+21.791, +7.943,+1.072
1708598040,+3.01,+21.791, +7.938,+1.071
1708598100,+3.01,+21.816, +7.938,+1.071
1708598160,+3.01,+21.808, +7.934,+1.071
1708598220,+3.01,+21.799, +7.943,+1.071
1708598280,+3.01,+21.808, +7.946,+1.072
1708598340,+3.01,+21.799, +7.935,+1.071
1708598400,+3.01,+21.799, +7.940,+1.071
1708598460,+3.01,+21.783, +7.947,+1.072
1708598520,+3.01,+21.791, +7.941,+1.071
1708598580,+3.01,+21.808, +7.933,+1.071
1708598640,+3.01,+21.816, +7.936,+1.072
1708598700,+3.01,+21.816, +7.927,+1.071
1708598760,+3.01,+21.808, +7.931,+1.071
1708598820,+3.01,+21.808, +7.936,+1.071
1708598880,+3.01,+21.799, +7.940,+1.072
1708598940,+3.01,+21.799, +7.936,+1.071
1708599000,+3.01,+21.791, +7.935,+1.071
1708599060,+3.01,+21.816, +7.934,+1.071
1708599120,+3.01,+21.808, +7.933,+1.071
1708599180,+3.01,+21.808, +7.942,+1.072
1708599240,+3.01,+21.799, +7.934,+1.071
1708599300,+3.01,+21.824, +7.926,+1.071
1708599360,+3.01,+21.808, +7.931,+1.071
1708599420,+3.01,+21.791, +7.934,+1.071
1708599480,+3.01,+21.808, +7.934,+1.071
1708599540,+3.01,+21.799, +7.930,+1.071
1708599600,+3.01,+21.808, +7.931,+1.071
1708599660,+3.01,+21.808, +7.946,+1.072
1708599720,+3.01,+21.808, +7.926,+1.071
1708599780,+3.01,+21.799, +7.931,+1.071
1708599840,+3.01,+21.808, +7.938,+1.072
1708599900,+3.01,+21.791, +7.933,+1.071
1708599960,+3.01,+21.799, +7.933,+1.071
1708600020,+3.01,+21.791, +7.935,+1.071
1708600080,+3.01,+21.808, +7.930,+1.071
1708600140,+3.01,+21.799, +7.935,+1.071
1708600200,+3.01,+21.808, +7.934,+1.071
1708600260,+3.01,+21.808, +7.934,+1.071
1708600320,+3.01,+21.816, +7.934,+1.071
1708600380,+3.01,+21.816, +7.935,+1.072
1708600440,+3.01,+21.816, +7.926,+1.071
1708600500,+3.01,+21.799, +7.934,+1.071
1708600560,+3.01,+21.816, +7.924,+1.071
1708600620,+3.01,+21.816, +7.927,+1.071
1708600680,+3.01,+21.799, +7.931,+1.071
1708600740,+3.01,+21.824, +7.921,+1.071
1708600800,+3.01,+21.816, +7.937,+1.072
1708600860,+3.01,+21.808, +7.928,+1.071
1708600920,+3.01,+21.816, +7.933,+1.072
1708600980,+3.01,+21.808, +7.925,+1.071
1708601040,+3.01,+21.808, +7.932,+1.071
1708601100,+3.01,+21.816, +7.926,+1.071
1708601160,+3.01,+21.799, +7.933,+1.072
1708601220,+3.01,+21.824, +7.923,+1.071
1708601280,+3.01,+21.808, +7.926,+1.071
1708601340,+3.01,+21.816, +7.931,+1.072
1708601400,+3.01,+21.799, +7.929,+1.071
1708601460,+3.01,+21.824, +7.919,+1.071
1708601520,+3.01,+21.808, +7.928,+1.071
1708601580,+3.01,+21.799, +7.933,+1.072
1708601640,+3.01,+21.791, +7.933,+1.072
1708601700,+3.01,+21.799, +7.931,+1.072
1708601760,+3.01,+21.799, +7.928,+1.071
1708601820,+3.01,+21.816, +7.922,+1.071
1708601880,+3.01,+21.816, +7.929,+1.072
1708601940,+3.01,+21.799, +7.929,+1.071
1708602000,+3.01,+21.808, +7.930,+1.071
1708602060,+3.01,+21.816, +7.929,+1.072
1708602120,+3.01,+21.824, +7.929,+1.072
1708602180,+3.01,+21.808, +7.928,+1.071
1708602240,+3.01,+21.808, +7.923,+1.071
1708602300,+3.01,+21.799, +7.927,+1.071
1708602360,+3.01,+21.808, +7.921,+1.071
1708602420,+3.01,+21.824, +7.921,+1.071
1708602480,+3.01,+21.808, +7.924,+1.071
1708602540,+3.01,+21.808, +7.925,+1.071
1708602600,+3.01,+21.824, +7.925,+1.071
1708602660,+3.01,+21.824, +7.922,+1.071
1708602720,+3.01,+21.791, +7.933,+1.071
1708602780,+3.01,+21.791, +7.931,+1.071
1708602840,+3.01,+21.816, +7.923,+1.071
1708602900,+3.01,+21.791, +7.919,+1.070
1708602960,+3.01,+21.808, +7.925,+1.071
1708603020,+3.01,+21.799, +7.918,+1.070
1708603080,+3.01,+21.791, +7.926,+1.071
1708603140,+3.01,+21.799, +7.926,+1.071
1708603200,+3.01,+21.808, +7.920,+1.071
1708603260,+3.01,+21.799, +7.931,+1.072
1708603320,+3.01,+21.808, +7.928,+1.072
1708603380,+3.01,+21.799, +7.929,+1.071
1708603440,+3.01,+21.799, +7.932,+1.072
1708603500,+3.01,+21.808, +7.935,+1.072
1708603560,+3.01,+21.791, +7.930,+1.071
1708603620,+3.01,+21.799, +7.933,+1.072
1708603680,+3.01,+21.824, +7.912,+1.071
1708603740,+3.01,+21.791, +7.929,+1.071
1708603800,+3.01,+21.824, +7.918,+1.071
1708603860,+3.01,+21.791, +7.931,+1.072
1708603920,+3.01,+21.816, +7.915,+1.071
1708603980,+3.01,+21.791, +7.933,+1.072
1708604040,+3.01,+21.808, +7.924,+1.071
1708604100,+3.01,+21.824, +7.921,+1.072
1708604160,+3.01,+21.816, +7.922,+1.071
1708604220,+3.01,+21.799, +7.923,+1.071
1708604280,+3.01,+21.799, +7.920,+1.071
1708604340,+3.01,+21.799, +7.926,+1.071
1708604400,+3.01,+21.799, +7.933,+1.072
1708604460,+3.01,+21.808, +7.921,+1.071
1708604520,+3.01,+21.799, +7.924,+1.071
1708604580,+3.01,+21.799, +7.922,+1.071
1708604640,+3.01,+21.799, +7.929,+1.072
1708604700,+3.01,+21.833, +7.914,+1.071
1708604760,+3.01,+21.816, +7.928,+1.072
1708604820,+3.01,+21.824, +7.915,+1.071
1708604880,+3.01,+21.808, +7.926,+1.072
1708604940,+3.01,+21.816, +7.923,+1.072
1708605000,+3.01,+21.808, +7.920,+1.071
1708605060,+3.01,+21.799, +7.920,+1.071
1708605120,+3.01,+21.791, +7.920,+1.071
1708605180,+3.01,+21.799, +7.916,+1.071
1708605240,+3.01,+21.799, +7.928,+1.072
1708605300,+3.01,+21.808, +7.923,+1.072
1708605360,+3.01,+21.799, +7.917,+1.071
1708605420,+3.01,+21.799, +7.923,+1.072
1708605480,+3.01,+21.799, +7.921,+1.071
1708605540,+3.01,+21.816, +7.916,+1.071
1708605600,+3.01,+21.816, +7.916,+1.071
1708605660,+3.01,+21.816, +7.916,+1.071
1708605720,+3.01,+21.816, +7.917,+1.071
1708605780,+3.01,+21.799, +7.920,+1.071
1708605840,+3.01,+21.824, +7.905,+1.071
1708605900,+3.01,+21.816, +7.907,+1.071
1708605960,+3.01,+21.799, +7.922,+1.071
1708606020,+3.01,+21.783, +7.925,+1.071
1708606080,+3.01,+21.808, +7.918,+1.071
1708606140,+3.01,+21.816, +7.918,+1.072
1708606200,+3.01,+21.799, +7.920,+1.071
1708606260,+3.01,+21.791, +7.924,+1.071
1708606320,+3.01,+21.808, +7.921,+1.072
1708606380,+3.01,+21.816, +7.915,+1.071
1708606440,+3.01,+21.791, +7.923,+1.071
1708606500,+3.01,+21.791, +7.921,+1.071
1708606560,+3.01,+21.808, +7.916,+1.071
1708606620,+3.01,+21.783, +7.914,+1.071
1708606680,+3.01,+21.808, +7.914,+1.071
1708606740,+3.01,+21.824, +7.913,+1.071
1708606800,+3.01,+21.791, +7.920,+1.071
1708606860,+3.01,+21.808, +7.908,+1.071
1708606920,+3.01,+21.824, +7.905,+1.071
1708606980,+3.01,+21.791, +7.925,+1.071
1708607040,+3.01,+21.808, +7.920,+1.071
1708607100,+3.01,+21.799, +7.912,+1.071
1708607160,+3.01,+21.791, +7.921,+1.071
1708607220,+3.01,+21.791, +7.913,+1.071
1708607280,+3.01,+21.808, +7.918,+1.072
1708607340,+3.01,+21.791, +7.918,+1.071
1708607400,+3.01,+21.808, +7.921,+1.072
1708607460,+3.01,+21.808, +7.920,+1.072
1708607520,+3.01,+21.808, +7.903,+1.070
1708607580,+3.01,+21.799, +7.922,+1.071
1708607640,+3.01,+21.808, +7.914,+1.071
1708607700,+3.01,+21.816, +7.915,+1.071
1708607760,+3.01,+21.808, +7.917,+1.071
1708607820,+3.01,+21.799, +7.918,+1.071
1708607880,+3.01,+21.799, +7.919,+1.071
1708607940,+3.01,+21.799, +7.919,+1.072
1708608000,+3.01,+21.808, +7.908,+1.071
1708608060,+3.01,+21.808, +7.914,+1.071
1708608120,+3.01,+21.816, +7.914,+1.071
1708608180,+3.01,+21.799, +7.911,+1.071
1708608240,+3.01,+21.824, +7.915,+1.071
1708608300,+3.01,+21.816, +7.912,+1.071
1708608360,+3.01,+21.816, +7.914,+1.071
1708608420,+3.01,+21.791, +7.920,+1.071
1708608480,+3.01,+21.833, +7.915,+1.072
1708608540,+3.01,+21.824, +7.907,+1.071
1708608600,+3.01,+21.824, +7.912,+1.071
1708608660,+3.01,+21.799, +7.917,+1.071
1708608720,+3.01,+21.824, +7.921,+1.072
1708608780,+3.01,+21.816, +7.917,+1.071
1708608840,+3.01,+21.808, +7.921,+1.071
1708608900,+3.01,+21.833, +7.915,+1.071
1708608960,+3.01,+21.816, +7.923,+1.072
1708609020,+3.01,+21.816, +7.917,+1.071
1708609080,+3.01,+21.833, +7.915,+1.071
1708609140,+3.01,+21.808, +7.928,+1.072
1708609200,+3.01,+21.833, +7.911,+1.071
1708609260,+3.01,+21.841, +7.914,+1.071
1708609320,+3.01,+21.841, +7.912,+1.071
1708609380,+3.01,+21.833, +7.915,+1.071
1708609440,+3.01,+21.849, +7.906,+1.071
1708609500,+3.01,+21.833, +7.918,+1.071
1708609560,+3.01,+21.833, +7.914,+1.071
1708609620,+3.01,+21.858, +7.912,+1.072
1708609680,+3.01,+21.841, +7.910,+1.071
1708609740,+3.01,+21.841, +7.912,+1.071
1708609800,+3.01,+21.849, +7.914,+1.071
1708609860,+3.01,+21.841, +7.910,+1.071
1708609920,+3.01,+21.849, +7.918,+1.072
1708609980,+3.01,+21.866, +7.912,+1.072
1708610040,+3.01,+21.858, +7.911,+1.072
1708610100,+3.01,+21.866, +7.902,+1.071
1708610160,+3.01,+21.858, +7.915,+1.072
1708610220,+3.01,+21.858, +7.916,+1.072
1708610280,+3.01,+21.866, +7.917,+1.072
1708610340,+3.01,+21.875, +7.904,+1.071
1708610400,+3.01,+21.883, +7.897,+1.071
1708610460,+3.01,+21.858, +7.907,+1.071
1708610520,+3.01,+21.883, +7.898,+1.071
1708610580,+3.01,+21.875, +7.913,+1.072
1708610640,+3.01,+21.866, +7.908,+1.071
1708610700,+3.01,+21.883, +7.908,+1.071
1708610760,+3.01,+21.883, +7.898,+1.071
1708610820,+3.01,+21.891, +7.901,+1.071
1708610880,+3.01,+21.875, +7.909,+1.071
1708610940,+3.01,+21.900, +7.908,+1.072
1708611000,+3.01,+21.883, +7.906,+1.071
1708611060,+3.01,+21.908, +7.898,+1.071
1708611120,+3.01,+21.908, +7.897,+1.071
1708611180,+3.00,+21.900, +7.904,+1.071
1708611240,+3.01,+21.900, +7.897,+1.071
1708611300,+3.01,+21.908, +7.897,+1.071
1708611360,+3.01,+21.916, +7.900,+1.071
1708611420,+3.01,+21.925, +7.900,+1.071
1708611480,+3.01,+21.900, +7.910,+1.072
1708611540,+3.00,+21.908, +7.906,+1.071
1708611600,+3.01,+21.916, +7.899,+1.071
1708611660,+3.00,+21.941, +7.891,+1.071
1708611720,+3.01,+21.950, +7.894,+1.071
1708611780,+3.01,+21.916, +7.904,+1.072
1708611840,+3.01,+21.925, +7.899,+1.071
1708611900,+3.00,+21.925, +7.896,+1.071
1708611960,+3.01,+21.933, +7.891,+1.071
1708612020,+3.01,+21.925, +7.901,+1.072
1708612080,+3.01,+21.916, +7.901,+1.071
1708612140,+3.01,+21.933, +7.893,+1.071
1708612200,+3.01,+21.925, +7.903,+1.071
1708612260,+3.01,+21.925, +7.899,+1.071
1708612320,+3.01,+21.933, +7.901,+1.072
1708612380,+3.01,+21.916, +7.900,+1.071
1708612440,+3.01,+21.941, +7.890,+1.071
1708612500,+3.01,+21.941, +7.887,+1.071
1708612560,+3.01,+21.925, +7.894,+1.071
1708612620,+3.01,+21.941, +7.888,+1.071
1708612680,+3.01,+21.925, +7.892,+1.071
1708612740,+3.01,+21.925, +7.893,+1.071
1708612800,+3.01,+21.941, +7.888,+1.071
1708612860,+3.01,+21.925, +7.892,+1.071
1708612920,+3.01,+21.950, +7.888,+1.071
1708612980,+3.01,+21.933, +7.896,+1.071
1708613040,+3.00,+21.925, +7.901,+1.072
1708613100,+3.00,+21.925, +7.892,+1.071
1708613160,+3.01,+21.908, +7.894,+1.071
1708613220,+3.01,+21.941, +7.896,+1.072
1708613280,+3.01,+21.925, +7.893,+1.071
1708613340,+3.00,+21.933, +7.884,+1.071
1708613400,+3.01,+21.941, +7.883,+1.071
1708613460,+3.01,+21.941, +7.888,+1.071
1708613520,+3.01,+21.933, +7.891,+1.071
1708613580,+3.01,+21.933, +7.884,+1.070
1708613640,+3.01,+21.950, +7.887,+1.071
1708613700,+3.01,+21.941, +7.883,+1.071
1708613760,+3.01,+21.933, +7.883,+1.071
1708613820,+3.01,+21.933, +7.897,+1.072
1708613880,+3.01,+21.925, +7.897,+1.071
1708613940,+3.01,+21.941, +7.884,+1.071
1708614000,+3.01,+21.933, +7.895,+1.072
1708614060,+3.01,+21.933, +7.894,+1.071
1708614120,+3.01,+21.933, +7.900,+1.072
1708614180,+3.01,+21.933, +7.887,+1.071
1708614240,+3.01,+21.916, +7.898,+1.071
1708614300,+3.01,+21.933, +7.890,+1.071
1708614360,+3.01,+21.933, +7.888,+1.071
1708614420,+3.01,+21.941, +7.894,+1.072
1708614480,+3.01,+21.925, +7.895,+1.071
1708614540,+3.01,+21.916, +7.892,+1.071
1708614600,+3.01,+21.941, +7.882,+1.071
1708614660,+3.01,+21.925, +7.895,+1.072
1708614720,+3.01,+21.933, +7.886,+1.071
1708614780,+3.01,+21.925, +7.896,+1.072
1708614840,+3.01,+21.925, +7.890,+1.071
1708614900,+3.01,+21.916, +7.905,+1.072
1708614960,+3.01,+21.925, +7.900,+1.072
1708615020,+3.00,+21.950, +7.881,+1.071
1708615080,+3.01,+21.925, +7.892,+1.071
1708615140,+3.01,+21.933, +7.884,+1.071
1708615200,+3.00,+21.941, +7.890,+1.071
1708615260,+3.01,+21.950, +7.883,+1.071
1708615320,+3.00,+21.925, +7.885,+1.071
1708615380,+3.01,+21.925, +7.889,+1.071
1708615440,+3.01,+21.941, +7.889,+1.071
1708615500,+3.01,+21.950, +7.891,+1.072
1708615560,+3.01,+21.950, +7.880,+1.071
1708615620,+3.01,+21.933, +7.888,+1.071
1708615680,+3.01,+21.941, +7.883,+1.071
1708615740,+3.01,+21.950, +7.885,+1.071
1708615800,+3.00,+21.941, +7.879,+1.071
1708615860,+3.00,+21.925, +7.887,+1.071
1708615920,+3.00,+21.941, +7.882,+1.071
1708615980,+3.00,+21.950, +7.882,+1.071
1708616040,+3.01,+21.933, +7.889,+1.071
1708616100,+3.01,+21.941, +7.889,+1.071
1708616160,+3.00,+21.958, +7.883,+1.071
1708616220,+3.01,+21.925, +7.893,+1.071
1708616280,+3.01,+21.933, +7.888,+1.071
1708616340,+3.00,+21.950, +7.882,+1.071
1708616400,+3.01,+21.916, +7.887,+1.071
1708616460,+3.01,+21.950, +7.887,+1.071
1708616520,+3.00,+21.950, +7.883,+1.071
1708616580,+3.01,+21.925, +7.881,+1.071
1708616640,+3.01,+21.941, +7.886,+1.071
1708616700,+3.00,+21.941, +7.888,+1.071
1708616760,+3.01,+21.958, +7.881,+1.071
1708616820,+3.01,+21.925, +7.885,+1.071
1708616880,+3.01,+21.950, +7.888,+1.071
1708616940,+3.01,+21.941, +7.879,+1.071
1708617000,+3.01,+21.950, +7.883,+1.071
1708617060,+3.00,+21.950, +7.882,+1.071
1708617120,+3.01,+21.941, +7.885,+1.071
1708617180,+3.01,+21.933, +7.891,+1.071
1708617240,+3.01,+21.941, +7.889,+1.072
1708617300,+3.01,+21.941, +7.891,+1.072
1708617360,+3.01,+21.958, +7.877,+1.071
1708617420,+3.00,+21.950, +7.882,+1.071
1708617480,+3.01,+21.950, +7.893,+1.072
1708617540,+3.00,+21.950, +7.876,+1.070
1708617600,+3.01,+21.941, +7.879,+1.071
1708617660,+3.01,+21.941, +7.880,+1.071
1708617720,+3.00,+21.950, +7.879,+1.071
1708617780,+3.01,+21.950, +7.877,+1.071
1708617840,+3.00,+21.950, +7.887,+1.072
1708617900,+3.00,+21.967, +7.872,+1.071
1708617960,+3.00,+21.958, +7.876,+1.071
1708618020,+3.01,+21.975, +7.866,+1.070
1708618080,+3.01,+21.967, +7.876,+1.071
1708618140,+3.00,+21.958, +7.887,+1.071
1708618200,+3.00,+21.950, +7.884,+1.071
1708618260,+3.01,+21.967, +7.875,+1.071
1708618320,+3.01,+21.950, +7.887,+1.072
1708618380,+3.00,+21.975, +7.871,+1.071
1708618440,+3.01,+21.967, +7.881,+1.071
1708618500,+3.01,+21.950, +7.877,+1.071
1708618560,+3.00,+21.967, +7.879,+1.071
1708618620,+3.01,+21.958, +7.873,+1.071
1708618680,+3.00,+21.967, +7.884,+1.071
1708618740,+3.00,+21.975, +7.881,+1.071
1708618800,+3.00,+21.967, +7.884,+1.072
1708618860,+3.00,+21.992, +7.872,+1.071
1708618920,+3.00,+21.958, +7.876,+1.071
1708618980,+3.00,+21.983, +7.879,+1.071
1708619040,+3.01,+21.967, +7.879,+1.071
1708619100,+3.00,+21.975, +7.877,+1.071
1708619160,+3.00,+21.975, +7.870,+1.071
1708619220,+3.00,+21.967, +7.880,+1.071
1708619280,+3.00,+21.967, +7.877,+1.071
1708619340,+3.00,+21.983, +7.879,+1.072
1708619400,+3.00,+21.983, +7.870,+1.071
1708619460,+3.00,+21.992, +7.870,+1.071
1708619520,+3.00,+21.983, +7.863,+1.070
1708619580,+3.00,+21.967, +7.875,+1.071
1708619640,+3.00,+22.000, +7.875,+1.072
1708619700,+3.00,+21.983, +7.875,+1.071
1708619760,+3.00,+21.992, +7.863,+1.071
1708619820,+3.00,+21.992, +7.868,+1.071
1708619880,+3.01,+22.017, +7.854,+1.070
1708619940,+3.00,+22.000, +7.874,+1.071
1708620000,+3.00,+21.992, +7.865,+1.071
1708620060,+3.00,+22.025, +7.861,+1.071
1708620120,+3.00,+22.000, +7.859,+1.071
1708620180,+3.00,+21.992, +7.866,+1.071
1708620240,+3.00,+21.992, +7.868,+1.071
1708620300,+3.00,+22.008, +7.866,+1.071
1708620360,+3.00,+22.000, +7.869,+1.071
1708620420,+3.00,+22.000, +7.865,+1.071
1708620480,+3.00,+22.000, +7.870,+1.071
1708620540,+3.00,+21.975, +7.868,+1.071
1708620600,+3.01,+22.008, +7.863,+1.071
1708620660,+3.00,+21.983, +7.871,+1.071
1708620720,+3.00,+21.992, +7.865,+1.071
1708620780,+3.01,+22.025, +7.860,+1.071
1708620840,+3.00,+21.983, +7.862,+1.071
1708620900,+3.01,+21.983, +7.862,+1.071
1708620960,+3.00,+21.983, +7.868,+1.071
1708621020,+3.00,+21.983, +7.869,+1.071
1708621080,+3.00,+21.992, +7.859,+1.071
1708621140,+3.01,+21.983, +7.865,+1.071
1708621200,+3.00,+21.975, +7.868,+1.071
1708621260,+3.00,+21.992, +7.864,+1.071
1708621320,+3.00,+21.967, +7.860,+1.071
1708621380,+3.01,+22.000, +7.857,+1.071
1708621440,+3.00,+21.975, +7.866,+1.071
1708621500,+3.00,+21.983, +7.858,+1.071
1708621560,+3.00,+21.975, +7.865,+1.071
1708621620,+3.00,+21.975, +7.867,+1.071
1708621680,+3.00,+21.967, +7.865,+1.071
1708621740,+3.01,+21.941, +7.869,+1.071
1708621800,+3.00,+21.967, +7.862,+1.071
1708621860,+3.00,+21.975, +7.855,+1.070
1708621920,+3.00,+21.967, +7.864,+1.071
1708621980,+3.00,+21.950, +7.872,+1.071
1708622040,+3.00,+21.958, +7.861,+1.071
1708622100,+3.01,+21.958, +7.864,+1.071
1708622160,+3.00,+21.967, +7.864,+1.071
1708622220,+3.00,+21.950, +7.868,+1.071
1708622280,+3.00,+21.933, +7.867,+1.071
1708622340,+3.01,+21.967, +7.860,+1.071
1708622400,+3.01,+21.925, +7.870,+1.071
1708622460,+3.01,+21.958, +7.861,+1.071
1708622520,+3.00,+21.925, +7.873,+1.071
1708622580,+3.01,+21.933, +7.872,+1.071
1708622640,+3.01,+21.925, +7.864,+1.071
1708622700,+3.01,+21.925, +7.871,+1.071
1708622760,+3.00,+21.916, +7.869,+1.071
1708622820,+3.00,+21.925, +7.866,+1.070
1708622880,+3.01,+21.933, +7.863,+1.071
1708622940,+3.00,+21.933, +7.861,+1.070
1708623000,+3.00,+21.933, +7.862,+1.071
1708623060,+3.00,+21.908, +7.866,+1.070
1708623120,+3.01,+21.933, +7.867,+1.071
1708623180,+3.00,+21.925, +7.864,+1.070
1708623240,+3.01,+21.916, +7.864,+1.070
1708623300,+3.01,+21.908, +7.873,+1.071
1708623360,+3.01,+21.908, +7.861,+1.070
1708623420,+3.00,+21.908, +7.866,+1.070
1708623480,+3.01,+21.916, +7.869,+1.071
1708623540,+3.00,+21.891, +7.862,+1.070
1708623600,+3.01,+21.908, +7.873,+1.071
1708623660,+3.01,+21.891, +7.866,+1.070
1708623720,+3.01,+21.900, +7.871,+1.071
1708623780,+3.01,+21.900, +7.865,+1.070
1708623840,+3.01,+21.925, +7.857,+1.070
1708623900,+3.01,+21.916, +7.864,+1.070
1708623960,+3.01,+21.908, +7.871,+1.071
1708624020,+3.01,+21.916, +7.863,+1.070
1708624080,+3.01,+21.925, +7.867,+1.071
1708624140,+3.01,+21.891, +7.863,+1.070
1708624200,+3.01,+21.891, +7.876,+1.071
1708624260,+3.01,+21.908, +7.867,+1.070
1708624320,+3.01,+21.908, +7.866,+1.070
1708624380,+3.00,+21.925, +7.866,+1.071
1708624440,+3.00,+21.908, +7.863,+1.070
1708624500,+3.01,+21.908, +7.863,+1.070
1708624560,+3.01,+21.908, +7.861,+1.070
1708624620,+3.01,+21.933, +7.862,+1.070
1708624680,+3.01,+21.933, +7.857,+1.070
1708624740,+3.01,+21.900, +7.864,+1.070
1708624800,+3.00,+21.950, +7.849,+1.070
1708624860,+3.01,+21.925, +7.860,+1.070
1708624920,+3.01,+21.925, +7.862,+1.070
1708624980,+3.01,+21.916, +7.861,+1.070
1708625040,+3.01,+21.916, +7.860,+1.070
1708625100,+3.01,+21.908, +7.865,+1.071
1708625160,+3.01,+21.925, +7.859,+1.070
1708625220,+3.00,+21.933, +7.854,+1.070
1708625280,+3.01,+21.925, +7.860,+1.070
1708625340,+3.01,+21.916, +7.862,+1.070
1708625400,+3.00,+21.933, +7.858,+1.070
1708625460,+3.01,+21.925, +7.864,+1.071
1708625520,+3.01,+21.933, +7.858,+1.070
1708625580,+3.00,+21.925, +7.866,+1.071
1708625640,+3.00,+21.941, +7.857,+1.070
1708625700,+3.00,+21.925, +7.864,+1.070
1708625760,+3.00,+21.925, +7.871,+1.071
1708625820,+3.00,+21.941, +7.860,+1.070
1708625880,+3.00,+21.933, +7.863,+1.070
1708625940,+3.00,+21.933, +7.855,+1.070
1708626000,+3.00,+21.933, +7.857,+1.070
1708626060,+3.00,+21.941, +7.857,+1.070
1708626120,+3.00,+21.933, +7.858,+1.070
1708626180,+3.00,+21.941, +7.856,+1.070
1708626240,+3.00,+21.933, +7.850,+1.069
1708626300,+3.00,+21.933, +7.861,+1.070
1708626360,+3.00,+21.925, +7.863,+1.070
1708626420,+3.01,+21.933, +7.858,+1.070
1708626480,+3.01,+21.925, +7.867,+1.070
1708626540,+3.01,+21.958, +7.858,+1.070
1708626600,+3.00,+21.958, +7.857,+1.070
1708626660,+3.00,+21.941, +7.859,+1.070
1708626720,+3.00,+21.941, +7.857,+1.070
1708626780,+3.00,+21.941, +7.861,+1.070
1708626840,+3.00,+21.941, +7.862,+1.070
1708626900,+3.01,+21.958, +7.865,+1.071
1708626960,+3.00,+21.950, +7.861,+1.070
1708627020,+3.00,+21.975, +7.848,+1.069
1708627080,+3.00,+21.958, +7.859,+1.070
1708627140,+3.00,+21.975, +7.853,+1.070
1708627200,+3.00,+21.958, +7.854,+1.070
1708627260,+3.00,+21.975, +7.851,+1.070
1708627320,+3.00,+21.967, +7.851,+1.070
1708627380,+3.00,+21.958, +7.864,+1.070
1708627440,+3.00,+21.967, +7.846,+1.069
1708627500,+3.00,+21.950, +7.857,+1.070
1708627560,+3.00,+21.958, +7.860,+1.070
1708627620,+3.00,+21.958, +7.858,+1.070
1708627680,+3.00,+21.958, +7.861,+1.070
1708627740,+3.00,+21.967, +7.854,+1.069
1708627800,+3.01,+21.975, +7.864,+1.070
1708627860,+3.00,+21.958, +7.862,+1.070
1708627920,+3.00,+21.975, +7.862,+1.070
1708627980,+3.00,+21.950, +7.869,+1.070
1708628040,+3.00,+21.958, +7.863,+1.070
1708628100,+3.00,+21.967, +7.869,+1.070
1708628160,+3.00,+21.983, +7.859,+1.070
1708628220,+3.00,+21.992, +7.869,+1.070
1708628280,+3.00,+21.983, +7.865,+1.070
1708628340,+3.00,+21.975, +7.863,+1.070
1708628400,+3.00,+21.983, +7.860,+1.069
1708628460,+3.00,+22.008, +7.863,+1.070
1708628520,+3.00,+21.992, +7.863,+1.070
1708628580,+3.00,+21.967, +7.878,+1.070
1708628640,+3.00,+21.992, +7.866,+1.070
1708628700,+3.00,+21.992, +7.867,+1.069
1708628760,+3.00,+21.983, +7.868,+1.069
1708628820,+3.00,+21.992, +7.881,+1.070
1708628880,+3.00,+22.000, +7.875,+1.070
1708628940,+3.00,+22.000, +7.880,+1.070
1708629000,+3.00,+21.992, +7.887,+1.070
1708629060,+3.00,+21.992, +7.884,+1.070
1708629120,+3.00,+22.000, +7.878,+1.070
1708629180,+3.00,+22.017, +7.883,+1.070
1708629240,+3.00,+22.017, +7.877,+1.069
1708629300,+3.00,+22.000, +7.878,+1.069
1708629360,+3.00,+22.000, +7.893,+1.070
1708629420,+3.00,+22.000, +7.893,+1.070
1708629480,+3.00,+22.000, +7.894,+1.070
1708629540,+3.00,+22.017, +7.880,+1.069
1708629600,+3.00,+22.017, +7.896,+1.070
1708629660,+3.00,+22.025, +7.893,+1.070
1708629720,+3.00,+22.017, +7.898,+1.070
1708629780,+3.00,+22.025, +7.906,+1.070
1708629840,+3.00,+22.025, +7.901,+1.070
1708629900,+3.00,+22.008, +7.903,+1.070
1708629960,+3.00,+22.025, +7.894,+1.069
1708630020,+3.00,+22.042, +7.902,+1.070
1708630080,+3.00,+22.025, +7.897,+1.069
1708630140,+3.00,+22.017, +7.906,+1.070
1708630200,+3.00,+22.033, +7.910,+1.070
1708630260,+3.00,+22.042, +7.902,+1.069
1708630320,+3.00,+22.017, +7.914,+1.070
1708630380,+3.00,+22.050, +7.912,+1.070
1708630440,+3.00,+22.025, +7.917,+1.070
1708630500,+3.00,+22.042, +7.909,+1.070
1708630560,+3.00,+22.042, +7.910,+1.070
1708630620,+3.00,+22.067, +7.904,+1.070
1708630680,+3.00,+22.059, +7.910,+1.070
1708630740,+3.00,+22.050, +7.910,+1.069
1708630800,+3.00,+22.059, +7.912,+1.070
1708630860,+3.00,+22.050, +7.912,+1.069
1708630920,+3.00,+22.042, +7.920,+1.070
1708630980,+3.00,+22.042, +7.918,+1.069
1708631040,+3.00,+22.067, +7.924,+1.070
1708631100,+3.00,+22.050, +7.923,+1.070
1708631160,+3.00,+22.059, +7.913,+1.069
1708631220,+3.00,+22.067, +7.919,+1.070
1708631280,+3.00,+22.042, +7.934,+1.070
1708631340,+3.00,+22.067, +7.922,+1.070
1708631400,+3.00,+22.042, +7.928,+1.070
1708631460,+3.00,+22.075, +7.921,+1.070
1708631520,+3.00,+22.059, +7.925,+1.070
1708631580,+3.00,+22.075, +7.925,+1.070
1708631640,+3.00,+22.059, +7.922,+1.069
1708631700,+3.00,+22.075, +7.931,+1.070
1708631760,+3.00,+22.067, +7.928,+1.070
1708631820,+3.00,+22.084, +7.929,+1.070
1708631880,+3.00,+22.075, +7.925,+1.070
1708631940,+3.00,+22.067, +7.934,+1.070
1708632000,+3.00,+22.067, +7.928,+1.069
1708632060,+3.00,+22.067, +7.927,+1.069
1708632120,+3.00,+22.084, +7.926,+1.070
1708632180,+3.00,+22.084, +7.929,+1.070
1708632240,+3.00,+22.084, +7.924,+1.069
1708632300,+3.00,+22.050, +7.947,+1.070
1708632360,+3.00,+22.084, +7.932,+1.070
1708632420,+3.00,+22.092, +7.927,+1.069
1708632480,+3.00,+22.075, +7.928,+1.069
1708632540,+3.00,+22.100, +7.920,+1.069
1708632600,+3.00,+22.092, +7.933,+1.070
1708632660,+3.00,+22.109, +7.925,+1.069
1708632720,+3.00,+22.075, +7.937,+1.069
1708632780,+3.00,+22.084, +7.938,+1.070
1708632840,+3.00,+22.100, +7.927,+1.069
1708632900,+3.00,+22.100, +7.934,+1.070
1708632960,+3.00,+22.100, +7.938,+1.070
1708633020,+3.00,+22.092, +7.939,+1.070
1708633080,+3.00,+22.100, +7.932,+1.069
1708633140,+3.00,+22.109, +7.934,+1.070
1708633200,+3.00,+22.100, +7.934,+1.070
1708633260,+3.00,+22.109, +7.935,+1.070
1708633320,+3.00,+22.084, +7.945,+1.070
1708633380,+3.00,+22.075, +7.949,+1.070
1708633440,+3.00,+22.100, +7.943,+1.070
1708633500,+3.00,+22.092, +7.936,+1.069
1708633560,+3.00,+22.109, +7.935,+1.070
1708633620,+3.00,+22.092, +7.945,+1.070
1708633680,+3.00,+22.117, +7.933,+1.070
1708633740,+3.00,+22.092, +7.945,+1.070
1708633800,+3.00,+22.117, +7.933,+1.069
1708633860,+3.00,+22.109, +7.933,+1.069
1708633920,+3.00,+22.100, +7.939,+1.069
1708633980,+3.00,+22.092, +7.942,+1.070
1708634040,+3.00,+22.100, +7.937,+1.069
1708634100,+3.00,+22.092, +7.938,+1.069
1708634160,+3.00,+22.092, +7.947,+1.070
1708634220,+3.00,+22.117, +7.939,+1.069
1708634280,+3.00,+22.117, +7.933,+1.069
1708634340,+3.00,+22.100, +7.944,+1.069
1708634400,+3.00,+22.100, +7.946,+1.070
1708634460,+3.00,+22.100, +7.942,+1.069
1708634520,+3.00,+22.109, +7.949,+1.070
1708634580,+3.00,+22.125, +7.941,+1.070
1708634640,+3.00,+22.084, +7.952,+1.069
1708634700,+3.00,+22.092, +7.950,+1.070
1708634760,+3.00,+22.075, +7.961,+1.070
1708634820,+3.00,+22.117, +7.941,+1.069
