7450-695497
OS REV: 1.05 Sensor Cal: 1618510905
Time (sec),  BV (Volts),  T (deg C),  DO (mg/l),  Q ()
1637631240,+3.11, +6.302, +9.524,+0.983
1637631840,+3.11, +6.263, +9.510,+0.983
1637632440,+3.11, +6.234, +9.506,+0.983
1637633040,+3.11, +6.205, +9.554,+0.983
1637633640,+3.11, +6.195, +9.529,+0.983
1637634240,+3.11, +6.185, +9.543,+0.983
1637634840,+3.11, +6.146, +9.509,+0.983
1637635440,+3.11, +6.117, +9.495,+0.983
1637636040,+3.11, +6.107, +9.496,+0.983
1637636640,+3.11, +6.068, +9.479,+0.983
1637637240,+3.11, +6.068, +9.395,+0.983
1637637840,+3.11, +6.039, +9.401,+0.983
1637638440,+3.11, +5.970, +9.319,+0.983
1637639040,+3.11, +5.970, +9.327,+0.983
1637639640,+3.11, +5.941, +9.370,+0.983
1637640240,+3.11, +5.921, +9.423,+0.983
1637640840,+3.11, +5.902, +9.495,+0.983
1637641440,+3.11, +5.882, +9.528,+0.983
1637642040,+3.11, +5.882, +9.571,+0.983
1637642640,+3.11, +5.843, +9.613,+0.983
1637643240,+3.11, +5.813, +9.631,+0.983
1637643840,+3.11, +5.813, +9.652,+0.983
1637644440,+3.11, +5.764, +9.648,+0.983
1637645040,+3.11, +5.764, +9.614,+0.983
1637645640,+3.11, +5.754, +9.619,+0.983
1637646240,+3.11, +5.715, +9.696,+0.983
1637646840,+3.11, +5.695, +9.730,+0.983
1637647440,+3.11, +5.666, +9.720,+0.983
1637648040,+3.11, +5.646, +9.702,+0.983
1637648640,+3.11, +5.666, +9.747,+0.983
1637649240,+3.11, +5.616, +9.782,+0.983
1637649840,+3.11, +5.597, +9.773,+0.983
1637650440,+3.11, +5.597, +9.760,+0.983
1637651040,+3.11, +5.577, +9.765,+0.983
1637651640,+3.11, +5.557, +9.805,+0.983
1637652240,+3.11, +5.547, +9.852,+0.983
1637652840,+3.11, +5.518, +9.900,+0.983
1637653440,+3.11, +5.488, +9.948,+0.983
1637654040,+3.11, +5.488, +9.961,+0.983
1637654640,+3.11, +5.449,+10.011,+0.983
1637655240,+3.11, +5.419, +9.997,+0.983
1637655840,+3.11, +5.409, +9.991,+0.982
1637656440,+3.11, +5.369,+10.027,+0.983
1637657040,+3.11, +5.350, +9.966,+0.983
1637657640,+3.11, +5.359, +9.939,+0.983
1637658240,+3.11, +5.340, +9.979,+0.983
1637658840,+3.11, +5.290, +9.983,+0.983
1637659440,+3.11, +5.280, +9.942,+0.983
1637660040,+3.11, +5.250, +9.963,+0.983
1637660640,+3.11, +5.240,+10.003,+0.982
1637661240,+3.11, +5.181,+10.031,+0.983
1637661840,+3.11, +5.191,+10.057,+0.983
1637662440,+3.11, +5.211,+10.076,+0.982
1637663040,+3.11, +5.111,+10.112,+0.982
1637663640,+3.11, +5.141,+10.108,+0.983
1637664240,+3.11, +5.131,+10.086,+0.983
1637664840,+3.11, +5.071,+10.127,+0.983
1637665440,+3.11, +5.091,+10.101,+0.982
1637666040,+3.11, +5.031,+10.149,+0.983
1637666640,+3.11, +4.992,+10.392,+0.983
1637667240,+3.11, +4.982,+10.377,+0.982
1637667840,+3.11, +4.992,+10.390,+0.983
1637668440,+3.11, +5.002,+10.328,+0.984
1637669040,+3.11, +4.922,+10.353,+0.983
1637669640,+3.11, +4.942,+10.342,+0.983
1637670240,+3.11, +4.942,+10.270,+0.983
1637670840,+3.11, +4.902,+10.209,+0.983
1637671440,+3.11, +4.912,+10.138,+0.983
1637672040,+3.11, +4.882,+10.186,+0.983
1637672640,+3.11, +4.862,+10.287,+0.983
1637673240,+3.11, +4.862,+10.371,+0.983
1637673840,+3.11, +4.872,+10.409,+0.983
1637674440,+3.11, +4.862,+10.451,+0.982
1637675040,+3.11, +4.852,+10.500,+0.983
1637675640,+3.11, +4.842,+10.512,+0.983
1637676240,+3.11, +4.822,+10.525,+0.982
1637676840,+3.11, +4.872,+10.518,+0.982
1637677440,+3.11, +4.822,+10.515,+0.983
1637678040,+3.11, +4.802,+10.558,+0.983
1637678640,+3.11, +4.792,+10.601,+0.983
1637679240,+3.11, +4.802,+10.620,+0.982
1637679840,+3.11, +4.812,+10.617,+0.982
1637680440,+3.11, +4.772,+10.628,+0.983
1637681040,+3.11, +4.792,+10.601,+0.983
1637681640,+3.11, +4.802,+10.614,+0.983
1637682240,+3.11, +4.802,+10.619,+0.983
1637682840,+3.11, +4.812,+10.606,+0.982
1637683440,+3.11, +4.792,+10.625,+0.983
1637684040,+3.11, +4.792,+10.633,+0.983
1637684640,+3.11, +4.822,+10.652,+0.983
1637685240,+3.11, +4.832,+10.650,+0.983
1637685840,+3.11, +4.852,+10.622,+0.983
1637686440,+3.11, +4.852,+10.628,+0.983
1637687040,+3.11, +4.852,+10.648,+0.983
1637687640,+3.11, +4.852,+10.659,+0.983
1637688240,+3.11, +4.832,+10.653,+0.983
1637688840,+3.11, +4.862,+10.635,+0.983
1637689440,+3.11, +4.812,+10.649,+0.982
1637690040,+3.11, +4.842,+10.647,+0.983
1637690640,+3.11, +4.852,+10.630,+0.983
1637691240,+3.11, +4.842,+10.621,+0.983
1637691840,+3.11, +4.812,+10.639,+0.983
1637692440,+3.11, +4.862,+10.593,+0.982
1637693040,+3.11, +4.872,+10.583,+0.983
1637693640,+3.11, +4.882,+10.577,+0.983
1637694240,+3.11, +4.852,+10.588,+0.983
1637694840,+3.11, +4.852,+10.594,+0.983
1637695440,+3.11, +4.852,+10.577,+0.983
1637696040,+3.11, +4.842,+10.546,+0.983
1637696640,+3.11, +4.842,+10.482,+0.983
1637697240,+3.11, +4.842,+10.467,+0.983
1637697840,+3.11, +4.872,+10.432,+0.983
1637698440,+3.11, +4.892,+10.336,+0.983
1637699040,+3.11, +4.852,+10.372,+0.983
1637699640,+3.11, +4.852,+10.400,+0.983
1637700240,+3.11, +4.872,+10.420,+0.983
1637700840,+3.11, +4.862,+10.425,+0.983
1637701440,+3.11, +4.852,+10.384,+0.983
1637702040,+3.11, +4.872,+10.375,+0.983
1637702640,+3.11, +4.842,+10.416,+0.983
1637703240,+3.11, +4.852,+10.435,+0.982
1637703840,+3.11, +4.842,+10.461,+0.983
1637704440,+3.11, +4.872,+10.474,+0.983
1637705040,+3.11, +4.842,+10.479,+0.983
1637705640,+3.11, +4.892,+10.476,+0.983
1637706240,+3.11, +4.842,+10.475,+0.983
1637706840,+3.11, +4.812,+10.510,+0.983
1637707440,+3.11, +4.832,+10.484,+0.983
1637708040,+3.11, +4.812,+10.445,+0.983
1637708640,+3.11, +4.802,+10.471,+0.983
1637709240,+3.11, +4.812,+10.466,+0.983
1637709840,+3.11, +4.792,+10.481,+0.983
1637710440,+3.11, +4.802,+10.459,+0.982
1637711040,+3.11, +4.792,+10.473,+0.983
1637711640,+3.11, +4.792,+10.450,+0.983
1637712240,+3.11, +4.782,+10.438,+0.983
1637712840,+3.11, +4.742,+10.469,+0.983
1637713440,+3.11, +4.752,+10.455,+0.983
1637714040,+3.11, +4.772,+10.441,+0.983
1637714640,+3.11, +4.721,+10.465,+0.983
1637715240,+3.11, +4.711,+10.466,+0.983
1637715840,+3.11, +4.681,+10.499,+0.983
1637716440,+3.11, +4.691,+10.487,+0.982
1637717040,+3.11, +4.711,+10.462,+0.982
1637717640,+3.11, +4.691,+10.448,+0.982
