7450-695497
OS REV: 1.05 Sensor Cal: 1618510905
Time (sec),  BV (Volts),  T (deg C),  DO (mg/l),  Q ()
1638240240,+3.11, +4.288,+10.578,+0.982
1638240840,+3.11, +4.278,+10.575,+0.982
1638241440,+3.11, +4.238,+10.601,+0.982
1638242040,+3.11, +4.217,+10.629,+0.982
1638242640,+3.11, +4.207,+10.647,+0.982
1638243240,+3.11, +4.197,+10.667,+0.982
1638243840,+3.11, +4.177,+10.677,+0.982
1638244440,+3.11, +4.167,+10.700,+0.982
1638245040,+3.11, +4.136,+10.727,+0.982
1638245640,+3.11, +4.157,+10.737,+0.982
1638246240,+3.11, +4.167,+10.715,+0.982
1638246840,+3.11, +4.136,+10.725,+0.982
1638247440,+3.11, +4.187,+10.686,+0.982
1638248040,+3.11, +4.197,+10.677,+0.982
1638248640,+3.11, +4.197,+10.666,+0.982
1638249240,+3.11, +4.177,+10.658,+0.982
1638249840,+3.11, +4.147,+10.629,+0.982
1638250440,+3.11, +4.167,+10.592,+0.982
1638251040,+3.11, +4.157,+10.567,+0.982
1638251640,+3.11, +4.167,+10.544,+0.983
1638252240,+3.11, +4.136,+10.513,+0.982
1638252840,+3.11, +4.147,+10.495,+0.982
1638253440,+3.11, +4.147,+10.478,+0.982
1638254040,+3.11, +4.136,+10.471,+0.983
1638254640,+3.11, +4.136,+10.443,+0.982
1638255240,+3.11, +4.157,+10.445,+0.983
1638255840,+3.11, +4.177,+10.436,+0.982
1638256440,+3.11, +4.167,+10.469,+0.982
1638257040,+3.11, +4.167,+10.475,+0.982
1638257640,+3.11, +4.167,+10.490,+0.983
1638258240,+3.11, +4.177,+10.496,+0.983
1638258840,+3.11, +4.126,+10.520,+0.982
1638259440,+3.11, +4.126,+10.546,+0.982
1638260040,+3.11, +4.157,+10.530,+0.982
1638260640,+3.11, +4.167,+10.531,+0.982
1638261240,+3.11, +4.167,+10.559,+0.983
1638261840,+3.11, +4.177,+10.533,+0.982
1638262440,+3.11, +4.147,+10.523,+0.983
1638263040,+3.11, +4.136,+10.518,+0.983
1638263640,+3.11, +4.147,+10.490,+0.982
1638264240,+3.11, +4.136,+10.506,+0.982
1638264840,+3.11, +4.136,+10.520,+0.982
1638265440,+3.11, +4.157,+10.533,+0.982
1638266040,+3.11, +4.147,+10.549,+0.982
1638266640,+3.11, +4.167,+10.553,+0.982
1638267240,+3.11, +4.147,+10.553,+0.982
1638267840,+3.11, +4.157,+10.557,+0.982
1638268440,+3.11, +4.136,+10.560,+0.982
1638269040,+3.11, +4.147,+10.553,+0.982
1638269640,+3.11, +4.126,+10.575,+0.982
1638270240,+3.11, +4.126,+10.577,+0.982
1638270840,+3.11, +4.086,+10.582,+0.982
1638271440,+3.11, +4.106,+10.570,+0.982
1638272040,+3.11, +4.106,+10.555,+0.982
1638272640,+3.11, +4.096,+10.550,+0.982
1638273240,+3.11, +4.116,+10.545,+0.982
1638273840,+3.11, +4.106,+10.552,+0.983
1638274440,+3.11, +4.075,+10.550,+0.982
1638275040,+3.11, +4.086,+10.541,+0.982
1638275640,+3.11, +4.075,+10.546,+0.982
1638276240,+3.11, +4.086,+10.534,+0.982
1638276840,+3.11, +4.035,+10.548,+0.982
1638277440,+3.11, +4.035,+10.540,+0.982
1638278040,+3.11, +4.055,+10.535,+0.982
1638278640,+3.11, +4.055,+10.536,+0.982
1638279240,+3.11, +4.025,+10.546,+0.982
1638279840,+3.11, +4.014,+10.526,+0.982
1638280440,+3.11, +4.004,+10.523,+0.982
1638281040,+3.11, +4.045,+10.526,+0.982
1638281640,+3.11, +4.035,+10.548,+0.982
1638282240,+3.11, +4.025,+10.553,+0.982
1638282840,+3.11, +4.014,+10.572,+0.983
1638283440,+3.11, +4.045,+10.526,+0.982
1638284040,+3.11, +4.055,+10.478,+0.982
1638284640,+3.11, +4.035,+10.470,+0.982
1638285240,+3.11, +4.126,+10.477,+0.983
1638285840,+3.11, +4.096,+10.392,+0.982
1638286440,+3.11, +4.055,+10.209,+0.983
1638287040,+3.11, +4.096,+10.219,+0.982
1638287640,+3.11, +4.147,+10.204,+0.982
1638288240,+3.11, +4.136,+10.046,+0.983
1638288840,+3.11, +4.228,+10.082,+0.983
1638289440,+3.11, +4.430,+10.351,+0.983
1638290040,+3.11, +4.228,+10.453,+0.982
1638290640,+3.11, +4.228,+10.684,+0.982
1638291240,+3.11, +4.288,+10.540,+0.983
1638291840,+3.11, +4.268,+10.287,+0.983
1638292440,+3.11, +4.268,+10.228,+0.982
1638293040,+3.11, +4.258,+10.097,+0.982
1638293640,+3.11, +4.278,+10.338,+0.982
1638294240,+3.11, +4.319,+10.504,+0.982
1638294840,+3.11, +4.339,+10.657,+0.982
1638295440,+3.11, +4.349,+10.749,+0.982
1638296040,+3.11, +4.359,+10.763,+0.982
1638296640,+3.11, +4.389,+10.765,+0.983
1638297240,+3.11, +4.410,+10.741,+0.982
1638297840,+3.11, +4.440,+10.744,+0.982
1638298440,+3.11, +4.470,+10.749,+0.982
1638299040,+3.11, +4.490,+10.732,+0.982
1638299640,+3.10, +4.510,+10.735,+0.982
1638300240,+3.11, +4.541,+10.717,+0.982
1638300840,+3.10, +4.551,+10.718,+0.982
1638301440,+3.10, +4.591,+10.685,+0.982
1638302040,+3.10, +4.601,+10.677,+0.982
1638302640,+3.10, +4.631,+10.666,+0.983
1638303240,+3.10, +4.641,+10.647,+0.982
1638303840,+3.10, +4.651,+10.639,+0.982
1638304440,+3.10, +4.671,+10.631,+0.982
1638305040,+3.10, +4.681,+10.645,+0.982
1638305640,+3.10, +4.691,+10.650,+0.982
1638306240,+3.10, +4.731,+10.630,+0.982
1638306840,+3.10, +4.742,+10.621,+0.982
1638307440,+3.10, +4.762,+10.537,+0.982
1638308040,+3.10, +4.772,+10.517,+0.982
1638308640,+3.10, +4.782,+10.536,+0.982
1638309240,+3.10, +4.792,+10.499,+0.982
1638309840,+3.10, +4.792,+10.515,+0.982
1638310440,+3.10, +4.822,+10.516,+0.982
1638311040,+3.10, +4.812,+10.552,+0.982
1638311640,+3.10, +4.812,+10.588,+0.982
1638312240,+3.10, +4.812,+10.606,+0.982
1638312840,+3.10, +4.832,+10.593,+0.982
1638313440,+3.10, +4.832,+10.581,+0.982
1638314040,+3.10, +4.812,+10.598,+0.982
1638314640,+3.10, +4.822,+10.605,+0.983
1638315240,+3.10, +4.822,+10.591,+0.982
1638315840,+3.10, +4.812,+10.581,+0.982
1638316440,+3.10, +4.812,+10.558,+0.983
1638317040,+3.10, +4.842,+10.493,+0.982
1638317640,+3.10, +4.822,+10.481,+0.983
1638318240,+3.10, +4.842,+10.466,+0.982
1638318840,+3.10, +4.812,+10.484,+0.982
1638319440,+3.10, +4.822,+10.469,+0.982
1638320040,+3.10, +4.822,+10.456,+0.982
1638320640,+3.10, +4.832,+10.427,+0.982
1638321240,+3.10, +4.802,+10.430,+0.982
1638321840,+3.10, +4.792,+10.430,+0.982
1638322440,+3.10, +4.792,+10.410,+0.982
1638323040,+3.10, +4.812,+10.398,+0.983
1638323640,+3.10, +4.802,+10.382,+0.982
1638324240,+3.10, +4.832,+10.387,+0.982
1638324840,+3.10, +4.802,+10.447,+0.983
1638325440,+3.10, +4.802,+10.400,+0.982
1638326040,+3.10, +4.792,+10.352,+0.982
1638326640,+3.10, +4.782,+10.329,+0.982
