7450-695497
OS REV: 1.05 Sensor Cal: 1618510905
Time (sec),  BV (Volts),  T (deg C),  DO (mg/l),  Q ()
1628977980,+3.52,+18.782, +1.586,+0.981
1628978580,+3.52,+18.782, +1.571,+0.980
1628979180,+3.52,+18.774, +1.552,+0.980
1628979780,+3.52,+18.791, +1.565,+0.980
1628980380,+3.52,+18.782, +1.590,+0.980
1628980980,+3.52,+18.766, +1.610,+0.980
1628981580,+3.52,+18.782, +1.621,+0.981
1628982180,+3.52,+18.766, +1.723,+0.980
1628982780,+3.52,+18.766, +1.742,+0.981
1628983380,+3.52,+18.757, +1.714,+0.981
1628983980,+3.52,+18.774, +1.705,+0.981
1628984580,+3.52,+18.774, +1.676,+0.981
1628985180,+3.52,+18.757, +1.636,+0.981
1628985780,+3.52,+18.766, +1.572,+0.980
1628986380,+3.52,+18.766, +1.554,+0.980
1628986980,+3.52,+18.766, +1.533,+0.980
1628987580,+3.52,+18.774, +1.570,+0.980
1628988180,+3.52,+18.749, +1.673,+0.981
1628988780,+3.52,+18.757, +1.640,+0.981
1628989380,+3.52,+18.749, +1.633,+0.980
1628989980,+3.52,+18.782, +1.670,+0.981
1628990580,+3.52,+18.917, +2.157,+0.981
1628991180,+3.52,+19.009, +2.838,+0.983
1628991780,+3.52,+18.992, +2.590,+0.982
1628992380,+3.52,+18.984, +2.821,+0.983
1628992980,+3.52,+18.976, +2.649,+0.983
1628993580,+3.52,+19.018, +3.220,+0.983
1628994180,+3.52,+19.009, +2.948,+0.982
1628994780,+3.52,+18.984, +2.767,+0.983
1628995380,+3.52,+18.984, +2.654,+0.983
1628995980,+3.52,+18.967, +2.652,+0.982
1628996580,+3.52,+18.967, +2.641,+0.982
1628997180,+3.52,+18.967, +2.690,+0.982
1628997780,+3.52,+18.950, +2.637,+0.982
1628998380,+3.52,+18.950, +2.589,+0.983
1628998980,+3.52,+18.925, +2.493,+0.982
1628999580,+3.52,+18.917, +2.368,+0.982
1629000180,+3.52,+18.925, +2.456,+0.982
1629000780,+3.52,+18.917, +2.393,+0.982
1629001380,+3.52,+18.917, +2.463,+0.982
1629001980,+3.52,+18.908, +2.399,+0.982
1629002580,+3.52,+18.892, +2.431,+0.982
1629003180,+3.52,+18.917, +2.424,+0.982
1629003780,+3.52,+18.917, +2.407,+0.982
1629004380,+3.52,+18.908, +2.417,+0.982
1629004980,+3.52,+18.925, +2.376,+0.982
1629005580,+3.52,+18.925, +2.370,+0.982
1629006180,+3.52,+18.908, +2.370,+0.982
1629006780,+3.52,+18.917, +2.274,+0.982
1629007380,+3.52,+18.908, +2.268,+0.982
1629007980,+3.52,+18.917, +2.265,+0.982
1629008580,+3.52,+18.892, +2.306,+0.982
1629009180,+3.52,+18.908, +2.336,+0.982
1629009780,+3.52,+18.908, +2.356,+0.982
1629010380,+3.52,+18.883, +2.354,+0.982
1629010980,+3.52,+18.900, +2.330,+0.982
1629011580,+3.52,+18.858, +2.376,+0.982
1629012180,+3.52,+18.875, +2.345,+0.982
1629012780,+3.52,+18.875, +2.391,+0.982
1629013380,+3.52,+18.875, +2.386,+0.982
1629013980,+3.52,+18.841, +2.397,+0.982
1629014580,+3.52,+18.950, +2.935,+0.982
1629015180,+3.52,+18.892, +2.973,+0.982
1629015780,+3.52,+18.892, +2.912,+0.983
1629016380,+3.52,+18.883, +2.758,+0.983
1629016980,+3.52,+18.858, +2.649,+0.982
1629017580,+3.52,+18.850, +2.601,+0.982
1629018180,+3.52,+18.824, +2.562,+0.982
1629018780,+3.52,+18.841, +2.621,+0.982
1629019380,+3.52,+18.833, +2.586,+0.982
1629019980,+3.52,+18.816, +2.583,+0.982
1629020580,+3.52,+18.816, +2.538,+0.982
1629021180,+3.52,+18.799, +2.449,+0.982
1629021780,+3.52,+18.799, +2.373,+0.982
1629022380,+3.52,+18.774, +2.213,+0.982
1629022980,+3.52,+18.791, +2.167,+0.982
1629023580,+3.52,+18.766, +2.160,+0.982
1629024180,+3.52,+18.766, +2.116,+0.982
1629024780,+3.52,+18.749, +2.062,+0.982
1629025380,+3.52,+18.740, +2.007,+0.982
1629025980,+3.52,+18.723, +1.985,+0.981
1629026580,+3.52,+18.715, +2.010,+0.981
1629027180,+3.52,+18.707, +1.959,+0.982
1629027780,+3.52,+18.707, +1.952,+0.982
1629028380,+3.52,+18.707, +2.173,+0.982
1629028980,+3.52,+18.698, +2.059,+0.982
1629029580,+3.52,+18.698, +2.040,+0.982
1629030180,+3.52,+18.681, +2.029,+0.982
1629030780,+3.52,+18.681, +1.960,+0.981
1629031380,+3.52,+18.690, +1.957,+0.982
1629031980,+3.52,+18.656, +2.063,+0.982
1629032580,+3.52,+18.690, +2.187,+0.982
1629033180,+3.52,+18.665, +2.188,+0.982
1629033780,+3.52,+18.673, +2.208,+0.982
1629034380,+3.52,+18.656, +2.277,+0.982
1629034980,+3.52,+18.665, +2.347,+0.982
1629035580,+3.52,+18.648, +2.208,+0.982
1629036180,+3.52,+18.665, +2.146,+0.982
1629036780,+3.52,+18.665, +2.006,+0.982
1629037380,+3.52,+18.648, +2.002,+0.982
1629037980,+3.52,+18.656, +1.992,+0.981
1629038580,+3.52,+18.665, +1.929,+0.982
1629039180,+3.52,+18.665, +1.838,+0.981
1629039780,+3.52,+18.656, +1.747,+0.981
1629040380,+3.52,+18.673, +1.688,+0.981
1629040980,+3.52,+18.665, +1.590,+0.980
1629041580,+3.52,+18.673, +1.682,+0.981
1629042180,+3.52,+18.656, +1.635,+0.980
1629042780,+3.52,+18.673, +1.728,+0.981
1629043380,+3.52,+18.673, +1.728,+0.981
1629043980,+3.52,+18.707, +1.732,+0.981
1629044580,+3.52,+18.681, +1.701,+0.981
1629045180,+3.52,+18.690, +1.614,+0.981
1629045780,+3.52,+18.690, +1.584,+0.980
1629046380,+3.52,+18.698, +1.558,+0.980
1629046980,+3.52,+18.690, +1.712,+0.981
1629047580,+3.52,+18.698, +1.842,+0.981
1629048180,+3.52,+18.681, +1.912,+0.981
1629048780,+3.52,+18.690, +1.937,+0.982
1629049380,+3.52,+18.698, +2.007,+0.982
1629049980,+3.52,+18.681, +2.059,+0.982
1629050580,+3.52,+18.681, +1.945,+0.980
1629051180,+3.52,+18.681, +1.995,+0.982
1629051780,+3.52,+18.690, +2.014,+0.982
1629052380,+3.52,+18.681, +2.013,+0.982
1629052980,+3.52,+18.673, +1.960,+0.982
1629053580,+3.52,+18.681, +1.987,+0.982
1629054180,+3.52,+18.665, +1.979,+0.982
1629054780,+3.52,+18.681, +1.910,+0.981
1629055380,+3.52,+18.681, +1.834,+0.981
1629055980,+3.52,+18.690, +1.773,+0.981
1629056580,+3.52,+18.690, +1.781,+0.981
1629057180,+3.52,+18.673, +1.912,+0.981
1629057780,+3.52,+18.681, +1.955,+0.982
1629058380,+3.52,+18.681, +1.867,+0.981
1629058980,+3.52,+18.665, +1.846,+0.981
1629059580,+3.52,+18.656, +1.861,+0.981
1629060180,+3.52,+18.665, +1.838,+0.981
1629060780,+3.52,+18.681, +1.826,+0.981
1629061380,+3.52,+18.656, +1.792,+0.981
1629061980,+3.52,+18.656, +1.825,+0.981
1629062580,+3.52,+18.673, +1.888,+0.981
1629063180,+3.52,+18.673, +1.891,+0.981
1629063780,+3.52,+18.673, +1.893,+0.981
1629064380,+3.52,+18.656, +1.965,+0.982
