7450-695497
OS REV: 1.05 Sensor Cal: 1618510905
Time (sec),  BV (Volts),  T (deg C),  DO (mg/l),  Q ()
1638849240,+3.09, +7.629, +7.975,+0.983
1638849840,+3.09, +7.591, +7.928,+0.983
1638850440,+3.09, +7.572, +8.137,+0.984
1638851040,+3.09, +7.515, +8.341,+0.983
1638851640,+3.09, +7.506, +8.235,+0.983
1638852240,+3.09, +7.468, +8.319,+0.983
1638852840,+3.09, +7.439, +8.297,+0.983
1638853440,+3.09, +7.410, +8.312,+0.983
1638854040,+3.09, +7.372, +8.406,+0.983
1638854640,+3.09, +7.353, +8.513,+0.983
1638855240,+3.09, +7.305, +8.544,+0.983
1638855840,+3.09, +7.305, +8.620,+0.984
1638856440,+3.09, +7.238, +8.669,+0.983
1638857040,+3.09, +7.210, +8.630,+0.984
1638857640,+3.10, +7.171, +8.666,+0.984
1638858240,+3.10, +7.133, +8.751,+0.984
1638858840,+3.10, +7.085, +8.782,+0.983
1638859440,+3.10, +7.066, +8.758,+0.983
1638860040,+3.10, +7.008, +8.744,+0.984
1638860640,+3.10, +6.979, +8.704,+0.983
1638861240,+3.10, +6.970, +8.750,+0.983
1638861840,+3.10, +6.931, +8.783,+0.983
1638862440,+3.10, +6.931, +8.827,+0.983
1638863040,+3.10, +6.883, +8.862,+0.984
1638863640,+3.10, +6.845, +8.955,+0.983
1638864240,+3.10, +6.835, +8.985,+0.984
1638864840,+3.10, +6.835, +9.029,+0.984
1638865440,+3.10, +6.806, +9.181,+0.983
1638866040,+3.10, +6.767, +9.341,+0.983
1638866640,+3.10, +6.738, +9.181,+0.983
1638867240,+3.10, +6.680, +9.322,+0.984
1638867840,+3.10, +6.651, +9.746,+0.983
1638868440,+3.10, +6.622, +9.858,+0.984
1638869040,+3.10, +6.603, +9.880,+0.984
1638869640,+3.10, +6.584, +9.894,+0.983
1638870240,+3.10, +6.555, +9.930,+0.984
1638870840,+3.10, +6.506, +9.963,+0.984
1638871440,+3.10, +6.487, +9.952,+0.984
1638872040,+3.10, +6.458, +9.969,+0.984
1638872640,+3.09, +6.351, +9.948,+0.983
1638873240,+3.09, +6.283, +9.911,+0.983
1638873840,+3.09, +6.263, +9.897,+0.983
1638874440,+3.09, +6.224, +9.904,+0.983
1638875040,+3.09, +6.205, +9.939,+0.983
1638875640,+3.09, +6.146, +9.970,+0.983
1638876240,+3.10, +6.117, +9.967,+0.983
1638876840,+3.10, +6.088, +9.984,+0.983
1638877440,+3.10, +6.068,+10.002,+0.983
1638878040,+3.10, +6.039,+10.035,+0.983
1638878640,+3.10, +6.048,+10.031,+0.983
1638879240,+3.10, +6.019,+10.048,+0.983
1638879840,+3.10, +5.980,+10.083,+0.983
1638880440,+3.10, +5.951,+10.093,+0.983
1638881040,+3.10, +5.911,+10.115,+0.983
1638881640,+3.10, +5.892,+10.105,+0.983
1638882240,+3.10, +5.872,+10.102,+0.983
1638882840,+3.10, +5.862,+10.112,+0.983
1638883440,+3.10, +5.872,+10.120,+0.983
1638884040,+3.10, +5.843,+10.165,+0.984
1638884640,+3.10, +5.843,+10.166,+0.983
1638885240,+3.10, +5.833,+10.173,+0.983
1638885840,+3.10, +5.843,+10.190,+0.983
1638886440,+3.10, +5.902,+10.204,+0.983
1638887040,+3.10, +5.882,+10.216,+0.984
1638887640,+3.10, +5.872,+10.175,+0.984
1638888240,+3.10, +5.882,+10.180,+0.983
1638888840,+3.10, +5.872,+10.173,+0.983
1638889440,+3.10, +5.852,+10.188,+0.983
1638890040,+3.10, +5.823,+10.232,+0.983
1638890640,+3.10, +5.833,+10.227,+0.983
1638891240,+3.10, +5.803,+10.235,+0.983
1638891840,+3.10, +5.774,+10.254,+0.983
1638892440,+3.10, +5.872,+10.270,+0.983
1638893040,+3.10, +5.803,+10.267,+0.983
1638893640,+3.10, +5.774,+10.287,+0.983
1638894240,+3.10, +5.970,+10.319,+0.984
1638894840,+3.10, +5.931,+10.290,+0.984
1638895440,+3.10, +5.941,+10.304,+0.984
1638896040,+3.10, +5.882,+10.343,+0.983
1638896640,+3.10, +5.862,+10.310,+0.983
1638897240,+3.10, +5.794,+10.306,+0.983
1638897840,+3.10, +5.794,+10.310,+0.983
1638898440,+3.10, +5.803,+10.284,+0.983
1638899040,+3.10, +5.803,+10.267,+0.983
1638899640,+3.10, +5.794,+10.265,+0.983
1638900240,+3.10, +5.803,+10.254,+0.983
1638900840,+3.10, +5.813,+10.257,+0.983
1638901440,+3.10, +5.784,+10.255,+0.983
1638902040,+3.10, +5.764,+10.246,+0.983
1638902640,+3.10, +5.784,+10.242,+0.983
1638903240,+3.10, +5.794,+10.219,+0.983
1638903840,+3.10, +5.784,+10.211,+0.983
1638904440,+3.10, +5.784,+10.213,+0.983
1638905040,+3.10, +5.784,+10.198,+0.983
1638905640,+3.10, +5.774,+10.201,+0.983
1638906240,+3.10, +5.774,+10.194,+0.982
1638906840,+3.10, +5.784,+10.203,+0.983
1638907440,+3.10, +5.813,+10.190,+0.983
1638908040,+3.10, +5.803,+10.210,+0.983
1638908640,+3.10, +5.803,+10.204,+0.983
1638909240,+3.10, +5.784,+10.197,+0.983
1638909840,+3.10, +5.774,+10.194,+0.983
1638910440,+3.10, +5.784,+10.175,+0.983
1638911040,+3.10, +5.764,+10.185,+0.983
1638911640,+3.10, +5.744,+10.186,+0.983
1638912240,+3.10, +5.744,+10.193,+0.983
1638912840,+3.10, +5.715,+10.204,+0.983
1638913440,+3.10, +5.695,+10.203,+0.983
1638914040,+3.10, +5.695,+10.208,+0.983
1638914640,+3.10, +5.676,+10.178,+0.983
1638915240,+3.10, +5.656,+10.201,+0.983
1638915840,+3.10, +5.666,+10.189,+0.983
1638916440,+3.10, +5.607,+10.219,+0.983
1638917040,+3.10, +5.616,+10.217,+0.983
1638917640,+3.10, +5.626,+10.222,+0.983
1638918240,+3.10, +5.587,+10.228,+0.983
1638918840,+3.10, +5.577,+10.239,+0.983
1638919440,+3.10, +5.567,+10.242,+0.983
1638920040,+3.10, +5.537,+10.256,+0.983
1638920640,+3.10, +5.528,+10.245,+0.983
1638921240,+3.10, +5.518,+10.244,+0.983
1638921840,+3.10, +5.478,+10.267,+0.983
1638922440,+3.10, +5.488,+10.274,+0.984
1638923040,+3.10, +5.458,+10.267,+0.983
1638923640,+3.10, +5.478,+10.257,+0.983
1638924240,+3.10, +5.429,+10.294,+0.983
1638924840,+3.10, +5.429,+10.293,+0.983
1638925440,+3.10, +5.409,+10.302,+0.983
1638926040,+3.10, +5.389,+10.311,+0.983
1638926640,+3.10, +5.359,+10.323,+0.983
1638927240,+3.10, +5.419,+10.302,+0.983
1638927840,+3.10, +5.359,+10.300,+0.983
1638928440,+3.10, +5.310,+10.339,+0.983
1638929040,+3.10, +5.290,+10.339,+0.982
1638929640,+3.10, +5.300,+10.352,+0.983
1638930240,+3.10, +5.280,+10.371,+0.983
1638930840,+3.10, +5.270,+10.359,+0.983
1638931440,+3.10, +5.250,+10.372,+0.983
1638932040,+3.10, +5.250,+10.364,+0.983
1638932640,+3.10, +5.260,+10.364,+0.983
1638933240,+3.10, +5.230,+10.366,+0.983
1638933840,+3.10, +5.211,+10.385,+0.983
1638934440,+3.10, +5.201,+10.378,+0.982
1638935040,+3.10, +5.181,+10.391,+0.983
1638935640,+3.10, +5.181,+10.393,+0.983
