7450-695497
OS REV: 1.05 Sensor Cal: 1618510905
Time (sec),  BV (Volts),  T (deg C),  DO (mg/l),  Q ()
1633033740,+3.16,+15.331, +7.326,+0.983
1633034340,+3.16,+15.339, +7.300,+0.983
1633034940,+3.16,+15.339, +7.330,+0.983
1633035540,+3.15,+15.331, +7.324,+0.984
1633036140,+3.15,+15.339, +7.337,+0.984
1633036740,+3.15,+15.348, +7.253,+0.983
1633037340,+3.15,+15.348, +7.234,+0.983
1633037940,+3.15,+15.331, +7.256,+0.983
1633038540,+3.15,+15.314, +7.278,+0.983
1633039140,+3.15,+15.314, +7.271,+0.983
1633039740,+3.15,+15.331, +7.237,+0.983
1633040340,+3.15,+15.322, +7.262,+0.984
1633040940,+3.16,+15.305, +7.294,+0.983
1633041540,+3.16,+15.305, +7.326,+0.983
1633042140,+3.15,+15.314, +7.315,+0.983
1633042740,+3.16,+15.305, +7.261,+0.983
1633043340,+3.15,+15.314, +7.145,+0.983
1633043940,+3.16,+15.296, +7.166,+0.983
1633044540,+3.15,+15.271, +7.118,+0.984
1633045140,+3.16,+15.245, +6.992,+0.983
1633045740,+3.16,+15.254, +6.786,+0.983
1633046340,+3.16,+15.219, +6.617,+0.983
1633046940,+3.16,+15.176, +6.763,+0.983
1633047540,+3.16,+15.142, +6.857,+0.983
1633048140,+3.16,+15.133, +6.998,+0.983
1633048740,+3.16,+15.099, +7.039,+0.983
1633049340,+3.16,+15.073, +6.951,+0.983
1633049940,+3.16,+15.030, +7.007,+0.983
1633050540,+3.16,+15.004, +7.008,+0.984
1633051140,+3.16,+14.961, +7.017,+0.983
1633051740,+3.16,+14.944, +7.002,+0.983
1633052340,+3.16,+14.901, +6.990,+0.983
1633052940,+3.16,+14.909, +7.033,+0.983
1633053540,+3.16,+14.866, +7.158,+0.983
1633054140,+3.16,+14.841, +7.138,+0.983
1633054740,+3.16,+14.797, +7.133,+0.984
1633055340,+3.16,+14.797, +7.157,+0.984
1633055940,+3.16,+14.772, +7.191,+0.984
1633056540,+3.16,+14.746, +7.087,+0.983
1633057140,+3.16,+14.720, +7.149,+0.984
1633057740,+3.16,+14.677, +7.405,+0.983
1633058340,+3.16,+14.659, +7.410,+0.983
1633058940,+3.16,+14.642, +7.284,+0.984
1633059540,+3.16,+14.616, +7.335,+0.983
1633060140,+3.16,+14.582, +7.230,+0.983
1633060740,+3.15,+14.547, +7.176,+0.983
1633061340,+3.15,+14.521, +7.223,+0.983
1633061940,+3.15,+14.504, +7.384,+0.984
1633062540,+3.15,+14.487, +7.401,+0.984
1633063140,+3.15,+14.452, +7.442,+0.984
1633063740,+3.15,+14.452, +7.450,+0.984
1633064340,+3.15,+14.435, +7.483,+0.984
1633064940,+3.15,+14.383, +7.488,+0.983
1633065540,+3.15,+14.383, +7.452,+0.984
1633066140,+3.15,+14.391, +7.384,+0.984
1633066740,+3.15,+14.339, +7.319,+0.984
1633067340,+3.15,+14.331, +7.314,+0.983
1633067940,+3.15,+14.296, +7.381,+0.983
1633068540,+3.15,+14.279, +7.413,+0.983
1633069140,+3.16,+14.279, +7.419,+0.984
1633069740,+3.16,+14.235, +7.363,+0.984
1633070340,+3.16,+14.209, +7.491,+0.983
1633070940,+3.16,+14.183, +7.542,+0.984
1633071540,+3.16,+14.175, +7.576,+0.984
1633072140,+3.16,+14.175, +7.535,+0.983
1633072740,+3.16,+14.149, +7.452,+0.984
1633073340,+3.16,+14.097, +7.452,+0.984
1633073940,+3.16,+14.088, +7.475,+0.984
1633074540,+3.16,+14.062, +7.613,+0.984
1633075140,+3.16,+14.010, +7.636,+0.984
1633075740,+3.16,+13.992, +7.671,+0.984
1633076340,+3.16,+13.984, +7.560,+0.984
1633076940,+3.16,+13.923, +7.609,+0.984
1633077540,+3.16,+13.905, +7.579,+0.984
1633078140,+3.16,+13.879, +7.612,+0.984
1633078740,+3.16,+13.871, +7.565,+0.984
1633079340,+3.16,+13.827, +7.613,+0.984
1633079940,+3.16,+13.784, +7.551,+0.984
1633080540,+3.16,+13.758, +7.581,+0.984
1633081140,+3.16,+13.714, +7.745,+0.984
1633081740,+3.16,+13.697, +7.756,+0.984
1633082340,+3.16,+13.653, +7.747,+0.983
1633082940,+3.16,+13.618, +7.778,+0.984
1633083540,+3.16,+13.592, +7.770,+0.984
1633084140,+3.16,+13.566, +7.749,+0.984
1633084740,+3.16,+13.522, +7.827,+0.984
1633085340,+3.16,+13.461, +7.802,+0.984
1633085940,+3.15,+13.435, +7.804,+0.984
1633086540,+3.15,+13.417, +7.866,+0.984
1633087140,+3.15,+13.365, +7.961,+0.984
1633087740,+3.15,+13.330, +7.889,+0.984
1633088340,+3.16,+13.303, +7.884,+0.984
1633088940,+3.16,+13.286, +7.903,+0.984
1633089540,+3.16,+13.260, +7.925,+0.984
1633090140,+3.16,+13.216, +7.968,+0.984
1633090740,+3.16,+13.207, +8.011,+0.984
1633091340,+3.16,+13.172, +8.047,+0.984
1633091940,+3.16,+13.172, +8.062,+0.984
1633092540,+3.16,+13.146, +8.128,+0.984
1633093140,+3.16,+13.137, +8.099,+0.984
1633093740,+3.16,+13.119, +8.052,+0.984
1633094340,+3.16,+13.119, +7.963,+0.984
1633094940,+3.16,+13.119, +7.936,+0.984
1633095540,+3.16,+13.128, +7.991,+0.984
1633096140,+3.16,+13.102, +8.022,+0.984
1633096740,+3.16,+13.137, +8.004,+0.984
1633097340,+3.16,+13.146, +8.022,+0.984
1633097940,+3.16,+13.137, +8.090,+0.984
1633098540,+3.16,+13.172, +8.118,+0.984
1633099140,+3.16,+13.181, +8.150,+0.984
1633099740,+3.16,+13.198, +8.169,+0.984
1633100340,+3.16,+13.233, +8.133,+0.984
1633100940,+3.16,+13.260, +8.088,+0.984
1633101540,+3.15,+13.321, +8.054,+0.985
1633102140,+3.15,+13.347, +8.051,+0.984
1633102740,+3.15,+13.365, +8.071,+0.985
1633103340,+3.15,+13.417, +7.998,+0.984
1633103940,+3.16,+13.470, +8.030,+0.984
1633104540,+3.16,+13.478, +8.098,+0.984
1633105140,+3.16,+13.470, +8.006,+0.984
1633105740,+3.16,+13.522, +8.104,+0.984
1633106340,+3.16,+13.531, +8.185,+0.984
1633106940,+3.16,+13.574, +8.140,+0.984
1633107540,+3.16,+13.618, +8.049,+0.984
1633108140,+3.16,+13.635, +8.120,+0.984
1633108740,+3.16,+13.644, +8.110,+0.984
1633109340,+3.16,+13.644, +8.085,+0.984
1633109940,+3.16,+13.662, +8.004,+0.984
1633110540,+3.16,+13.688, +8.047,+0.984
1633111140,+3.16,+13.697, +8.056,+0.984
1633111740,+3.16,+13.740, +8.080,+0.983
1633112340,+3.16,+13.766, +8.120,+0.984
1633112940,+3.16,+13.784, +8.084,+0.983
1633113540,+3.16,+13.818, +8.025,+0.984
1633114140,+3.16,+13.827, +7.958,+0.984
1633114740,+3.16,+13.871, +8.004,+0.984
1633115340,+3.16,+13.871, +7.879,+0.984
1633115940,+3.16,+13.905, +7.975,+0.984
1633116540,+3.16,+13.923, +7.965,+0.984
1633117140,+3.16,+13.949, +7.905,+0.984
1633117740,+3.16,+13.966, +7.883,+0.984
1633118340,+3.16,+14.010, +7.808,+0.984
1633118940,+3.16,+14.001, +7.797,+0.984
1633119540,+3.16,+14.027, +7.838,+0.984
1633120140,+3.16,+14.027, +7.795,+0.984
