7450-695497
OS REV: 1.05 Sensor Cal: 1618510905
Time (sec),  BV (Volts),  T (deg C),  DO (mg/l),  Q ()
1642590240,+3.08, +1.511,+12.338,+0.980
1642590840,+3.08, +1.500,+12.350,+0.980
1642591440,+3.08, +1.490,+12.352,+0.980
1642592040,+3.08, +1.543,+12.326,+0.980
1642592640,+3.08, +1.500,+12.359,+0.980
1642593240,+3.08, +1.522,+12.347,+0.980
1642593840,+3.08, +1.511,+12.348,+0.980
1642594440,+3.08, +1.511,+12.350,+0.980
1642595040,+3.08, +1.511,+12.346,+0.980
1642595640,+3.08, +1.511,+12.348,+0.980
1642596240,+3.08, +1.511,+12.368,+0.980
1642596840,+3.08, +1.533,+12.337,+0.979
1642597440,+3.08, +1.543,+12.327,+0.980
1642598040,+3.08, +1.554,+12.343,+0.980
1642598640,+3.08, +1.543,+12.342,+0.980
1642599240,+3.08, +1.575,+12.337,+0.980
1642599840,+3.08, +1.586,+12.340,+0.980
1642600440,+3.08, +1.586,+12.326,+0.980
1642601040,+3.08, +1.629,+12.309,+0.979
1642601640,+3.08, +1.629,+12.334,+0.980
1642602240,+3.08, +1.671,+12.330,+0.980
1642602840,+3.07, +1.693,+12.317,+0.980
1642603440,+3.08, +1.714,+12.301,+0.980
1642604040,+3.07, +1.735,+12.305,+0.980
1642604640,+3.07, +1.757,+12.315,+0.980
1642605240,+3.07, +1.778,+12.302,+0.980
1642605840,+3.07, +1.831,+12.283,+0.980
1642606440,+3.07, +1.831,+12.297,+0.980
1642607040,+3.07, +1.906,+12.278,+0.981
1642607640,+3.07, +1.937,+12.263,+0.980
1642608240,+3.07, +1.959,+12.262,+0.980
1642608840,+3.07, +2.012,+12.248,+0.981
1642609440,+3.07, +2.022,+12.213,+0.980
1642610040,+3.07, +2.043,+12.218,+0.981
1642610640,+3.07, +2.096,+12.216,+0.981
1642611240,+3.07, +2.117,+12.192,+0.981
1642611840,+3.07, +2.096,+12.189,+0.981
1642612440,+3.07, +2.128,+12.197,+0.981
1642613040,+3.07, +2.149,+12.174,+0.981
1642613640,+3.07, +2.170,+12.163,+0.981
1642614240,+3.07, +2.181,+12.149,+0.981
1642614840,+3.07, +2.213,+12.120,+0.981
1642615440,+3.07, +2.202,+12.123,+0.981
1642616040,+3.07, +2.223,+12.111,+0.980
1642616640,+3.07, +2.202,+12.112,+0.981
1642617240,+3.07, +2.244,+12.083,+0.981
1642617840,+3.07, +2.234,+12.090,+0.981
1642618440,+3.07, +2.223,+12.092,+0.980
1642619040,+3.07, +2.244,+12.091,+0.981
1642619640,+3.07, +2.255,+12.081,+0.981
1642620240,+3.07, +2.276,+12.075,+0.981
1642620840,+3.07, +2.286,+12.055,+0.981
1642621440,+3.07, +2.276,+12.059,+0.981
1642622040,+3.07, +2.265,+12.064,+0.981
1642622640,+3.07, +2.297,+12.052,+0.981
1642623240,+3.07, +2.297,+12.057,+0.981
1642623840,+3.07, +2.307,+12.052,+0.981
1642624440,+3.07, +2.318,+12.035,+0.981
1642625040,+3.07, +2.318,+12.051,+0.981
1642625640,+3.07, +2.328,+12.027,+0.981
1642626240,+3.07, +2.318,+12.039,+0.981
1642626840,+3.07, +2.318,+12.041,+0.981
1642627440,+3.07, +2.328,+12.041,+0.981
1642628040,+3.07, +2.339,+12.034,+0.981
1642628640,+3.07, +2.339,+12.037,+0.981
1642629240,+3.07, +2.318,+12.039,+0.981
1642629840,+3.07, +2.328,+12.040,+0.981
1642630440,+3.07, +2.349,+12.019,+0.981
1642631040,+3.07, +2.349,+12.018,+0.981
1642631640,+3.07, +2.339,+12.037,+0.981
1642632240,+3.07, +2.349,+12.016,+0.981
1642632840,+3.07, +2.328,+12.022,+0.980
1642633440,+3.07, +2.349,+12.006,+0.981
1642634040,+3.07, +2.370,+12.018,+0.981
1642634640,+3.07, +2.349,+12.023,+0.981
1642635240,+3.07, +2.349,+12.007,+0.981
1642635840,+3.07, +2.360,+12.018,+0.981
1642636440,+3.07, +2.370,+12.009,+0.981
1642637040,+3.07, +2.349,+12.031,+0.981
1642637640,+3.07, +2.381,+12.010,+0.981
1642638240,+3.07, +2.392,+12.007,+0.981
1642638840,+3.07, +2.370,+12.018,+0.981
1642639440,+3.07, +2.381,+11.991,+0.981
1642640040,+3.07, +2.381,+12.001,+0.981
1642640640,+3.07, +2.370,+12.008,+0.981
1642641240,+3.07, +2.381,+11.999,+0.981
1642641840,+3.07, +2.381,+11.991,+0.981
1642642440,+3.07, +2.392,+11.981,+0.981
1642643040,+3.07, +2.392,+11.980,+0.981
1642643640,+3.07, +2.392,+11.983,+0.981
1642644240,+3.07, +2.370,+12.013,+0.981
1642644840,+3.07, +2.392,+11.997,+0.981
1642645440,+3.07, +2.402,+11.982,+0.981
1642646040,+3.07, +2.392,+11.989,+0.981
1642646640,+3.07, +2.413,+11.972,+0.981
1642647240,+3.07, +2.392,+11.980,+0.981
1642647840,+3.07, +2.392,+11.991,+0.981
1642648440,+3.07, +2.392,+11.983,+0.981
1642649040,+3.07, +2.381,+11.988,+0.981
1642649640,+3.07, +2.402,+11.989,+0.981
1642650240,+3.07, +2.402,+11.988,+0.981
1642650840,+3.07, +2.402,+11.982,+0.981
1642651440,+3.07, +2.423,+11.974,+0.981
1642652040,+3.07, +2.413,+11.995,+0.981
1642652640,+3.07, +2.413,+11.978,+0.981
1642653240,+3.07, +2.402,+11.971,+0.981
1642653840,+3.07, +2.423,+11.962,+0.981
1642654440,+3.07, +2.413,+11.960,+0.980
1642655040,+3.07, +2.423,+11.961,+0.980
1642655640,+3.07, +2.413,+11.979,+0.981
1642656240,+3.07, +2.444,+11.975,+0.981
1642656840,+3.07, +2.444,+11.972,+0.981
1642657440,+3.07, +2.434,+11.969,+0.981
1642658040,+3.07, +2.455,+11.959,+0.981
1642658640,+3.07, +2.496,+11.935,+0.981
1642659240,+3.07, +2.455,+11.934,+0.981
1642659840,+3.07, +2.465,+11.937,+0.981
1642660440,+3.07, +2.476,+11.945,+0.981
1642661040,+3.07, +2.496,+11.938,+0.981
1642661640,+3.07, +2.465,+11.939,+0.981
1642662240,+3.07, +2.486,+11.940,+0.981
1642662840,+3.07, +2.496,+11.931,+0.981
1642663440,+3.07, +2.496,+11.935,+0.981
1642664040,+3.07, +2.476,+11.925,+0.981
1642664640,+3.07, +2.496,+11.907,+0.981
1642665240,+3.07, +2.486,+11.906,+0.981
1642665840,+3.07, +2.528,+11.861,+0.981
1642666440,+3.07, +2.528,+11.888,+0.981
1642667040,+3.07, +2.486,+11.920,+0.981
1642667640,+3.07, +2.528,+11.932,+0.981
1642668240,+3.07, +2.517,+11.931,+0.981
1642668840,+3.07, +2.549,+11.906,+0.981
1642669440,+3.07, +2.507,+11.935,+0.981
1642670040,+3.07, +2.517,+11.927,+0.981
1642670640,+3.07, +2.517,+11.952,+0.981
1642671240,+3.07, +2.496,+11.966,+0.981
1642671840,+3.07, +2.507,+11.964,+0.981
1642672440,+3.07, +2.517,+11.952,+0.981
1642673040,+3.07, +2.496,+11.968,+0.981
1642673640,+3.07, +2.496,+11.973,+0.981
1642674240,+3.07, +2.507,+11.969,+0.981
1642674840,+3.07, +2.496,+11.975,+0.981
1642675440,+3.07, +2.507,+11.973,+0.981
1642676040,+3.07, +2.528,+11.982,+0.982
1642676640,+3.07, +2.528,+11.969,+0.981
