7450-695497
OS REV: 1.05 Sensor Cal: 1618510905
Time (sec),  BV (Volts),  T (deg C),  DO (mg/l),  Q ()
1654807260,+3.16,+23.745, +7.502,+0.984
1654807320,+3.16,+22.791, +7.815,+0.984
1654807380,+3.17,+22.189, +7.955,+0.985
1654807440,+3.17,+21.905, +8.103,+0.986
1654807500,+3.17,+21.788, +8.166,+0.986
1654807560,+3.17,+21.721, +8.202,+0.987
1654807620,+3.17,+21.629, +8.227,+0.987
1654807680,+3.17,+21.621, +8.232,+0.987
1654807740,+3.17,+21.604, +8.250,+0.988
1654807800,+3.17,+21.587, +8.252,+0.988
1654807860,+3.17,+21.604, +8.257,+0.988
1654807920,+3.17,+21.638, +8.245,+0.988
1654807980,+3.17,+21.671, +8.240,+0.988
1654808040,+3.17,+21.730, +8.243,+0.989
1654808100,+3.17,+21.788, +8.229,+0.989
1654808160,+3.17,+21.847, +8.223,+0.989
1654808220,+3.17,+21.913, +8.224,+0.990
1654808280,+3.17,+21.980, +8.206,+0.990
1654808340,+3.17,+22.030, +8.191,+0.989
1654808400,+3.17,+22.097, +8.172,+0.990
1654808460,+3.17,+22.147, +8.163,+0.989
1654808520,+3.17,+22.206, +8.152,+0.990
1654808580,+3.17,+22.248, +8.150,+0.990
1654808640,+3.17,+22.315, +8.131,+0.990
1654808700,+3.17,+22.356, +8.135,+0.991
1654808760,+3.17,+22.398, +8.112,+0.990
1654808820,+3.17,+22.423, +8.108,+0.990
1654808880,+3.17,+22.482, +8.087,+0.990
1654808940,+3.17,+22.515, +8.080,+0.990
1654809000,+3.17,+22.549, +8.080,+0.991
1654809060,+3.17,+22.565, +8.070,+0.990
1654809120,+3.17,+22.616, +8.058,+0.991
1654809180,+3.17,+22.641, +8.044,+0.990
1654809240,+3.17,+22.657, +8.037,+0.990
1654809300,+3.17,+22.691, +8.019,+0.990
1654809360,+3.17,+22.716, +8.018,+0.990
1654809420,+3.17,+22.733, +8.011,+0.990
1654809480,+3.17,+22.758, +8.008,+0.991
1654809540,+3.17,+22.783, +7.995,+0.990
1654809600,+3.17,+22.783, +7.999,+0.991
1654809660,+3.17,+22.825, +7.980,+0.991
1654809720,+3.17,+22.816, +7.979,+0.991
1654809780,+3.17,+22.841, +7.958,+0.990
1654809840,+3.17,+22.841, +7.958,+0.990
1654809900,+3.17,+22.850, +7.961,+0.991
1654809960,+3.17,+22.875, +7.942,+0.990
1654810020,+3.17,+22.875, +7.946,+0.990
1654810080,+3.17,+22.908, +7.942,+0.991
1654810140,+3.17,+22.900, +7.939,+0.991
1654810200,+3.17,+22.917, +7.929,+0.991
1654810260,+3.17,+22.917, +7.930,+0.991
1654810320,+3.17,+22.933, +7.916,+0.990
1654810380,+3.17,+22.942, +7.911,+0.991
1654810440,+3.17,+22.958, +7.898,+0.990
1654810500,+3.17,+22.958, +7.909,+0.991
1654810560,+3.17,+22.958, +7.904,+0.991
1654810620,+3.17,+22.992, +7.894,+0.991
1654810680,+3.17,+22.984, +7.888,+0.990
1654810740,+3.17,+23.000, +7.879,+0.990
1654810800,+3.17,+22.992, +7.880,+0.990
1654810860,+3.16,+23.009, +7.887,+0.991
1654810920,+3.16,+23.025, +7.864,+0.990
1654810980,+3.16,+23.017, +7.873,+0.990
1654811040,+3.16,+23.042, +7.866,+0.990
1654811100,+3.16,+23.042, +7.868,+0.990
1654811160,+3.16,+23.059, +7.864,+0.991
1654811220,+3.16,+23.050, +7.860,+0.990
1654811280,+3.16,+23.059, +7.856,+0.990
1654811340,+3.16,+23.050, +7.863,+0.991
1654811400,+3.17,+23.059, +7.846,+0.990
1654811460,+3.17,+23.059, +7.852,+0.991
1654811520,+3.17,+23.059, +7.835,+0.989
1654811580,+3.16,+23.059, +7.848,+0.991
1654811640,+3.16,+23.050, +7.834,+0.990
1654811700,+3.16,+23.059, +7.843,+0.991
1654811760,+3.16,+23.050, +7.837,+0.990
1654811820,+3.16,+23.050, +7.837,+0.990
1654811880,+3.16,+23.042, +7.832,+0.990
1654811940,+3.16,+23.042, +7.831,+0.990
1654812000,+3.16,+23.050, +7.830,+0.990
1654812060,+3.16,+23.025, +7.834,+0.990
1654812120,+3.16,+23.025, +7.826,+0.990
1654812180,+3.16,+23.025, +7.826,+0.990
1654812240,+3.16,+23.025, +7.828,+0.990
1654812300,+3.16,+23.034, +7.833,+0.991
1654812360,+3.16,+23.009, +7.832,+0.990
1654812420,+3.16,+23.009, +7.829,+0.990
1654812480,+3.16,+23.009, +7.818,+0.990
1654812540,+3.16,+23.009, +7.834,+0.991
1654812600,+3.16,+23.009, +7.820,+0.990
1654812660,+3.16,+23.009, +7.823,+0.990
1654812720,+3.17,+22.992, +7.829,+0.991
1654812780,+3.16,+22.992, +7.824,+0.990
1654812840,+3.17,+22.967, +7.824,+0.990
1654812900,+3.17,+22.984, +7.823,+0.990
1654812960,+3.17,+22.992, +7.814,+0.990
1654813020,+3.16,+22.975, +7.828,+0.991
1654813080,+3.17,+22.967, +7.817,+0.989
1654813140,+3.17,+22.967, +7.817,+0.990
1654813200,+3.17,+22.958, +7.830,+0.991
1654813260,+3.17,+22.958, +7.829,+0.991
1654813320,+3.17,+22.942, +7.822,+0.990
1654813380,+3.17,+22.925, +7.825,+0.990
1654813440,+3.17,+22.950, +7.814,+0.990
1654813500,+3.17,+22.925, +7.824,+0.990
1654813560,+3.17,+22.942, +7.819,+0.991
1654813620,+3.17,+22.925, +7.812,+0.990
1654813680,+3.17,+22.917, +7.823,+0.990
1654813740,+3.17,+22.925, +7.822,+0.991
1654813800,+3.17,+22.900, +7.825,+0.990
1654813860,+3.17,+22.908, +7.823,+0.990
1654813920,+3.17,+22.883, +7.821,+0.990
1654813980,+3.17,+22.875, +7.815,+0.990
1654814040,+3.17,+22.866, +7.826,+0.990
1654814100,+3.17,+22.875, +7.819,+0.990
1654814160,+3.17,+22.850, +7.818,+0.990
1654814220,+3.17,+22.858, +7.827,+0.991
1654814280,+3.17,+22.841, +7.810,+0.989
1654814340,+3.17,+22.825, +7.829,+0.990
1654814400,+3.17,+22.816, +7.814,+0.990
1654814460,+3.17,+22.808, +7.823,+0.990
1654814520,+3.17,+22.791, +7.821,+0.990
1654814580,+3.17,+22.783, +7.829,+0.990
1654814640,+3.17,+22.766, +7.832,+0.990
1654814700,+3.17,+22.758, +7.827,+0.990
1654814760,+3.17,+22.758, +7.822,+0.990
1654814820,+3.17,+22.741, +7.827,+0.990
1654814880,+3.17,+22.758, +7.817,+0.990
1654814940,+3.17,+22.741, +7.821,+0.990
1654815000,+3.17,+22.733, +7.835,+0.990
1654815060,+3.17,+22.716, +7.831,+0.990
1654815120,+3.17,+22.716, +7.831,+0.990
1654815180,+3.17,+22.716, +7.822,+0.990
1654815240,+3.17,+22.699, +7.821,+0.989
1654815300,+3.17,+22.666, +7.850,+0.991
1654815360,+3.17,+22.674, +7.832,+0.990
1654815420,+3.17,+22.649, +7.842,+0.990
1654815480,+3.17,+22.666, +7.831,+0.990
1654815540,+3.17,+22.649, +7.833,+0.990
1654815600,+3.17,+22.624, +7.851,+0.991
1654815660,+3.17,+22.624, +7.839,+0.990
1654815720,+3.17,+22.590, +7.836,+0.990
1654815780,+3.17,+22.590, +7.842,+0.990
1654815840,+3.17,+22.582, +7.847,+0.990
1654815900,+3.17,+22.565, +7.854,+0.990
1654815960,+3.17,+22.565, +7.844,+0.990
1654816020,+3.17,+22.565, +7.836,+0.989
1654816080,+3.17,+22.557, +7.845,+0.990
1654816140,+3.17,+22.540, +7.847,+0.990
1654816200,+3.17,+22.515, +7.845,+0.990
1654816260,+3.17,+22.507, +7.843,+0.990
1654816320,+3.17,+22.524, +7.846,+0.990
1654816380,+3.17,+22.524, +7.854,+0.990
1654816440,+3.17,+22.524, +7.854,+0.990
1654816500,+3.17,+22.532, +7.856,+0.990
1654816560,+3.17,+22.532, +7.856,+0.990
1654816620,+3.17,+22.515, +7.858,+0.990
1654816680,+3.17,+22.490, +7.865,+0.990
1654816740,+3.17,+22.515, +7.852,+0.990
1654816800,+3.17,+22.490, +7.850,+0.990
1654816860,+3.17,+22.465, +7.860,+0.990
1654816920,+3.17,+22.473, +7.860,+0.990
1654816980,+3.17,+22.465, +7.857,+0.990
1654817040,+3.17,+22.448, +8.112,+0.992
1654817100,+3.17,+23.402, +7.997,+0.994
1654817160,+3.16,+24.114, +7.811,+0.994
1654817220,+3.17,+24.575, +7.702,+0.994
1654817280,+3.16,+24.886, +7.637,+0.994
1654817340,+3.16,+25.113, +7.594,+0.994
1654817400,+3.16,+25.273, +7.558,+0.994
1654817460,+3.16,+25.374, +7.533,+0.994
1654817520,+3.17,+25.450, +7.506,+0.993
1654817580,+3.17,+25.492, +7.492,+0.993
1654817640,+3.17,+25.509, +7.484,+0.993
1654817700,+3.17,+25.517, +7.472,+0.992
1654817760,+3.17,+25.526, +7.466,+0.992
1654817820,+3.17,+25.517, +7.463,+0.992
1654817880,+3.17,+25.517, +7.452,+0.992
1654817940,+3.17,+25.509, +7.456,+0.992
1654818000,+3.17,+25.492, +7.452,+0.992
1654818060,+3.17,+25.475, +7.453,+0.992
1654818120,+3.17,+25.467, +7.444,+0.991
1654818180,+3.17,+25.450, +7.447,+0.991
1654818240,+3.17,+25.441, +7.448,+0.992
1654818300,+3.17,+25.425, +7.444,+0.991
1654818360,+3.16,+25.399, +7.449,+0.992
1654818420,+3.16,+25.383, +7.448,+0.991
1654818480,+3.16,+25.366, +7.447,+0.992
1654818540,+3.16,+25.340, +7.442,+0.991
1654818600,+3.16,+25.315, +7.437,+0.991
1654818660,+3.16,+25.290, +7.440,+0.991
1654818720,+3.16,+25.256, +7.447,+0.991
1654818780,+3.16,+25.231, +7.445,+0.991
1654818840,+3.16,+25.239, +7.440,+0.991
1654818900,+3.16,+25.197, +7.453,+0.991
1654818960,+3.16,+25.164, +7.450,+0.991
1654819020,+3.16,+25.147, +7.415,+0.990
1654819080,+3.16,+25.113, +7.373,+0.990
1654819140,+3.16,+25.080, +7.328,+0.991
1654819200,+3.16,+25.021, +7.282,+0.991
1654819260,+3.16,+25.004, +7.244,+0.991
1654819320,+3.16,+24.970, +7.203,+0.990
1654819380,+3.16,+24.928, +7.169,+0.991
1654819440,+3.17,+24.869, +7.127,+0.990
1654819500,+3.17,+24.836, +7.090,+0.990
1654819560,+3.17,+24.794, +7.039,+0.990
1654819620,+3.17,+24.769, +6.983,+0.990
1654819680,+3.17,+24.710, +6.927,+0.990
1654819740,+3.17,+24.659, +6.856,+0.990
1654819800,+3.17,+24.609, +6.791,+0.990
1654819860,+3.17,+24.584, +6.703,+0.990
1654819920,+3.17,+24.542, +6.613,+0.990
1654819980,+3.17,+24.500, +6.520,+0.990
1654820040,+3.17,+24.458, +6.419,+0.989
1654820100,+3.17,+24.416, +6.322,+0.990
1654820160,+3.17,+24.374, +6.252,+0.990
1654820220,+3.17,+24.324, +6.126,+0.990
1654820280,+3.17,+24.315, +6.005,+0.990
1654820340,+3.16,+24.273, +5.889,+0.990
1654820400,+3.16,+24.273, +5.765,+0.990
1654820460,+3.16,+24.265, +5.655,+0.990
1654820520,+3.16,+24.231, +5.562,+0.990
1654820580,+3.16,+24.198, +5.430,+0.990
1654820640,+3.16,+24.156, +5.269,+0.990
1654820700,+3.16,+24.148, +5.128,+0.991
1654820760,+3.16,+24.106, +4.957,+0.991
1654820820,+3.16,+24.114, +4.780,+0.991
1654820880,+3.16,+24.081, +4.615,+0.991
1654820940,+3.16,+24.055, +4.455,+0.990
1654821000,+3.16,+24.022, +4.294,+0.990
1654821060,+3.16,+23.997, +4.115,+0.990
1654821120,+3.16,+23.988, +3.922,+0.989
1654821180,+3.16,+24.064, +7.236,+0.990
1654821240,+3.17,+23.930, +7.606,+0.991
1654821300,+3.17,+22.908, +7.487,+0.986
1654821360,+3.17,+21.663, +7.771,+0.985
1654821420,+3.17,+20.877, +8.018,+0.986
1654821480,+3.17,+20.542, +8.144,+0.986
1654821540,+3.17,+20.350, +8.193,+0.986
1654821600,+3.17,+20.216, +8.238,+0.987
1654821660,+3.17,+20.090, +8.278,+0.987
1654821720,+3.17,+20.024, +8.294,+0.988
1654821780,+3.17,+19.948, +8.304,+0.988
1654821840,+3.17,+19.890, +8.299,+0.988
1654821900,+3.17,+19.839, +8.306,+0.989
1654821960,+3.17,+19.797, +8.295,+0.989
1654822020,+3.17,+19.739, +8.288,+0.989
1654822080,+3.17,+19.672, +8.286,+0.988
1654822140,+3.17,+19.638, +8.285,+0.989
1654822200,+3.17,+19.596, +8.277,+0.989
1654822260,+3.17,+19.554, +8.269,+0.989
1654822320,+3.17,+19.538, +8.258,+0.989
1654822380,+3.17,+19.479, +8.259,+0.990
1654822440,+3.17,+19.479, +8.245,+0.990
1654822500,+3.17,+19.445, +8.243,+0.990
1654822560,+3.17,+19.395, +8.241,+0.990
1654822620,+3.17,+19.387, +8.233,+0.990
1654822680,+3.17,+19.370, +8.230,+0.990
1654822740,+3.17,+19.320, +8.235,+0.990
1654822800,+3.17,+19.303, +8.221,+0.990
1654822860,+3.17,+19.253, +8.246,+0.991
1654822920,+3.17,+19.253, +8.229,+0.990
1654822980,+3.17,+19.219, +8.235,+0.990
1654823040,+3.17,+19.202, +8.229,+0.990
1654823100,+3.17,+19.185, +8.232,+0.990
1654823160,+3.17,+19.143, +8.240,+0.990
1654823220,+3.17,+19.143, +8.240,+0.990
1654823280,+3.17,+19.135, +8.242,+0.991
1654823340,+3.17,+19.110, +8.247,+0.990
1654823400,+3.17,+19.093, +8.241,+0.990
1654823460,+3.17,+19.085, +8.239,+0.990
1654823520,+3.17,+19.059, +8.252,+0.990
1654823580,+3.17,+19.059, +8.261,+0.991
1654823640,+3.17,+19.043, +8.249,+0.990
1654823700,+3.17,+19.026, +8.256,+0.991
1654823760,+3.17,+19.009, +8.258,+0.990
1654823820,+3.17,+19.001, +8.256,+0.990
1654823880,+3.17,+18.992, +8.255,+0.990
1654823940,+3.17,+18.984, +8.272,+0.991
1654824000,+3.17,+18.976, +8.267,+0.991
1654824060,+3.17,+18.950, +8.268,+0.990
1654824120,+3.17,+18.950, +8.273,+0.991
1654824180,+3.17,+18.934, +8.268,+0.991
1654824240,+3.17,+18.917, +8.271,+0.990
1654824300,+3.17,+18.908, +8.271,+0.990
1654824360,+3.17,+18.900, +8.273,+0.990
1654824420,+3.17,+18.892, +8.285,+0.991
1654824480,+3.17,+18.883, +8.274,+0.990
1654824540,+3.17,+18.858, +8.289,+0.990
1654824600,+3.17,+18.850, +8.286,+0.990
1654824660,+3.17,+18.841, +8.297,+0.991
1654824720,+3.17,+18.824, +8.288,+0.990
1654824780,+3.17,+18.816, +8.295,+0.991
1654824840,+3.17,+18.808, +8.292,+0.990
1654824900,+3.17,+18.799, +8.299,+0.991
1654824960,+3.17,+18.782, +8.301,+0.990
1654825020,+3.17,+18.782, +8.295,+0.990
1654825080,+3.17,+18.757, +8.301,+0.990
1654825140,+3.17,+18.757, +8.302,+0.990
1654825200,+3.17,+18.740, +8.309,+0.990
1654825260,+3.17,+18.732, +8.313,+0.991
1654825320,+3.17,+18.715, +8.315,+0.991
1654825380,+3.17,+18.673, +8.321,+0.990
1654825440,+3.17,+18.698, +8.314,+0.990
1654825500,+3.17,+18.665, +8.330,+0.991
1654825560,+3.17,+18.656, +8.328,+0.991
1654825620,+3.17,+18.639, +8.327,+0.991
1654825680,+3.17,+18.648, +8.321,+0.990
1654825740,+3.17,+18.623, +8.324,+0.990
1654825800,+3.17,+18.623, +8.323,+0.990
1654825860,+3.17,+18.614, +8.325,+0.990
1654825920,+3.17,+18.614, +8.322,+0.990
1654825980,+3.17,+18.589, +8.333,+0.991
1654826040,+3.17,+18.572, +8.328,+0.990
1654826100,+3.17,+18.564, +8.326,+0.990
1654826160,+3.17,+18.555, +8.330,+0.990
1654826220,+3.17,+18.555, +8.337,+0.991
1654826280,+3.17,+18.539, +8.334,+0.990
1654826340,+3.17,+18.522, +8.345,+0.991
1654826400,+3.17,+18.522, +8.345,+0.991
1654826460,+3.17,+18.505, +8.340,+0.990
1654826520,+3.17,+18.496, +8.339,+0.991
1654826580,+3.17,+18.480, +8.337,+0.990
1654826640,+3.17,+18.446, +8.350,+0.991
1654826700,+3.17,+18.454, +8.337,+0.990
1654826760,+3.17,+18.446, +8.347,+0.991
1654826820,+3.17,+18.421, +8.347,+0.990
1654826880,+3.17,+18.395, +8.359,+0.991
1654826940,+3.17,+18.379, +8.348,+0.990
1654827000,+3.17,+18.370, +8.348,+0.990
1654827060,+3.17,+18.387, +8.344,+0.991
1654827120,+3.17,+18.345, +8.354,+0.991
1654827180,+3.17,+18.320, +8.351,+0.990
1654827240,+3.17,+18.320, +8.353,+0.991
1654827300,+3.17,+18.311, +8.350,+0.991
1654827360,+3.17,+18.303, +8.345,+0.990
1654827420,+3.17,+18.269, +8.356,+0.991
1654827480,+3.17,+18.252, +8.342,+0.990
1654827540,+3.17,+18.252, +8.345,+0.990
1654827600,+3.17,+18.252, +8.352,+0.991
1654827660,+3.17,+18.236, +8.346,+0.990
1654827720,+3.17,+18.219, +8.348,+0.990
1654827780,+3.17,+18.202, +8.352,+0.990
1654827840,+3.17,+18.185, +8.355,+0.991
1654827900,+3.17,+18.168, +8.369,+0.991
1654827960,+3.17,+18.160, +8.366,+0.991
1654828020,+3.17,+18.143, +8.351,+0.990
1654828080,+3.17,+18.126, +8.361,+0.990
1654828140,+3.17,+18.118, +8.360,+0.990
1654828200,+3.17,+18.126, +8.354,+0.990
1654828260,+3.17,+18.101, +8.362,+0.990
1654828320,+3.17,+18.084, +8.358,+0.990
1654828380,+3.17,+18.067, +8.357,+0.990
1654828440,+3.17,+18.067, +8.357,+0.990
1654828500,+3.17,+18.033, +8.367,+0.990
1654828560,+3.17,+18.025, +8.369,+0.990
1654828620,+3.17,+18.025, +8.361,+0.990
1654828680,+3.17,+18.000, +8.362,+0.990
1654828740,+3.17,+17.991, +8.371,+0.991
1654828800,+3.18,+17.974, +8.367,+0.990
1654828860,+3.18,+17.957, +8.365,+0.990
1654828920,+3.17,+17.932, +8.368,+0.990
1654828980,+3.17,+17.915, +8.362,+0.990
1654829040,+3.17,+17.898, +8.366,+0.990
1654829100,+3.17,+17.881, +8.374,+0.991
1654829160,+3.17,+17.865, +8.368,+0.990
1654829220,+3.17,+17.848, +8.371,+0.990
1654829280,+3.17,+17.831, +8.364,+0.990
1654829340,+3.17,+17.814, +8.369,+0.990
1654829400,+3.17,+17.831, +8.354,+0.990
1654829460,+3.17,+17.789, +8.368,+0.990
1654829520,+3.17,+17.797, +8.361,+0.990
1654829580,+3.17,+17.780, +8.366,+0.990
1654829640,+3.17,+17.789, +8.357,+0.990
1654829700,+3.17,+17.755, +8.365,+0.990
1654829760,+3.17,+17.730, +8.378,+0.991
1654829820,+3.17,+17.704, +8.374,+0.990
1654829880,+3.17,+17.704, +8.372,+0.990
1654829940,+3.17,+17.713, +8.369,+0.990
1654830000,+3.17,+17.687, +8.371,+0.990
1654830060,+3.17,+17.662, +8.373,+0.990
1654830120,+3.17,+17.654, +8.374,+0.990
1654830180,+3.17,+17.654, +8.367,+0.990
1654830240,+3.17,+17.628, +8.375,+0.990
1654830300,+3.17,+17.628, +8.382,+0.991
1654830360,+3.17,+17.611, +8.380,+0.990
1654830420,+3.17,+17.611, +8.380,+0.990
1654830480,+3.17,+17.594, +8.380,+0.990
1654830540,+3.17,+17.594, +8.382,+0.990
1654830600,+3.17,+17.552, +8.391,+0.990
1654830660,+3.17,+17.561, +8.382,+0.990
1654830720,+3.17,+17.544, +8.382,+0.990
1654830780,+3.17,+17.518, +8.389,+0.991
1654830840,+3.17,+17.510, +8.391,+0.990
1654830900,+3.17,+17.485, +8.379,+0.990
1654830960,+3.17,+17.485, +8.395,+0.991
1654831020,+3.17,+17.476, +8.383,+0.990
1654831080,+3.17,+17.442, +8.388,+0.990
1654831140,+3.17,+17.442, +8.379,+0.990
1654831200,+3.17,+17.408, +8.393,+0.990
1654831260,+3.17,+17.417, +8.384,+0.990
1654831320,+3.17,+17.392, +8.386,+0.990
1654831380,+3.17,+17.383, +8.386,+0.990
1654831440,+3.17,+17.358, +8.404,+0.991
1654831500,+3.17,+17.332, +8.395,+0.990
1654831560,+3.17,+17.332, +8.395,+0.991
1654831620,+3.17,+17.315, +8.391,+0.990
1654831680,+3.17,+17.315, +8.388,+0.990
1654831740,+3.17,+17.299, +8.387,+0.990
1654831800,+3.17,+17.265, +8.400,+0.990
1654831860,+3.17,+17.273, +8.396,+0.990
1654831920,+3.17,+17.248, +8.393,+0.990
1654831980,+3.17,+17.231, +8.405,+0.990
1654832040,+3.17,+17.231, +8.400,+0.990
1654832100,+3.17,+17.197, +8.397,+0.990
1654832160,+3.17,+17.197, +8.399,+0.990
1654832220,+3.17,+17.172, +8.398,+0.990
1654832280,+3.17,+17.172, +8.404,+0.991
1654832340,+3.17,+17.155, +8.398,+0.990
1654832400,+3.17,+17.138, +8.401,+0.990
1654832460,+3.17,+17.129, +8.393,+0.989
1654832520,+3.17,+17.112, +8.399,+0.990
1654832580,+3.17,+17.070, +8.408,+0.990
1654832640,+3.17,+17.078, +8.404,+0.990
1654832700,+3.17,+17.053, +8.407,+0.990
1654832760,+3.17,+17.061, +8.407,+0.990
1654832820,+3.17,+17.053, +8.396,+0.990
1654832880,+3.18,+17.036, +8.406,+0.991
1654832940,+3.18,+17.027, +8.391,+0.990
1654833000,+3.18,+17.011, +8.401,+0.990
1654833060,+3.17,+16.994, +8.402,+0.990
1654833120,+3.18,+16.985, +8.405,+0.990
1654833180,+3.18,+16.951, +8.418,+0.991
1654833240,+3.18,+16.977, +8.409,+0.991
1654833300,+3.18,+16.968, +8.409,+0.991
1654833360,+3.18,+16.917, +8.417,+0.990
1654833420,+3.18,+16.909, +8.417,+0.990
1654833480,+3.18,+16.909, +8.411,+0.990
1654833540,+3.18,+16.900, +8.424,+0.991
1654833600,+3.18,+16.866, +8.424,+0.990
1654833660,+3.17,+16.841, +8.425,+0.990
1654833720,+3.17,+16.832, +8.427,+0.990
1654833780,+3.17,+16.824, +8.430,+0.990
1654833840,+3.17,+16.790, +8.427,+0.990
1654833900,+3.17,+16.798, +8.429,+0.990
1654833960,+3.17,+16.764, +8.438,+0.990
1654834020,+3.17,+16.764, +8.427,+0.990
1654834080,+3.17,+16.739, +8.437,+0.990
1654834140,+3.17,+16.731, +8.436,+0.990
1654834200,+3.17,+16.731, +8.430,+0.990
1654834260,+3.17,+16.714, +8.431,+0.990
1654834320,+3.17,+16.705, +8.427,+0.990
1654834380,+3.17,+16.705, +8.422,+0.990
1654834440,+3.17,+16.688, +8.432,+0.990
1654834500,+3.17,+16.671, +8.441,+0.991
1654834560,+3.17,+16.654, +8.437,+0.990
1654834620,+3.17,+16.637, +8.441,+0.990
1654834680,+3.17,+16.637, +8.430,+0.990
1654834740,+3.17,+16.612, +8.436,+0.990
1654834800,+3.17,+16.586, +8.444,+0.990
1654834860,+3.17,+16.586, +8.437,+0.990
1654834920,+3.17,+16.561, +8.441,+0.990
1654834980,+3.17,+16.544, +8.446,+0.990
1654835040,+3.17,+16.544, +8.443,+0.990
1654835100,+3.17,+16.544, +8.438,+0.990
1654835160,+3.17,+16.510, +8.448,+0.990
1654835220,+3.17,+16.493, +8.447,+0.990
1654835280,+3.17,+16.484, +8.448,+0.990
1654835340,+3.17,+16.459, +8.454,+0.990
1654835400,+3.17,+16.467, +8.444,+0.990
1654835460,+3.17,+16.442, +8.447,+0.990
1654835520,+3.17,+16.433, +8.454,+0.990
1654835580,+3.17,+16.399, +8.459,+0.990
1654835640,+3.17,+16.382, +8.460,+0.990
1654835700,+3.17,+16.365, +8.459,+0.990
1654835760,+3.17,+16.348, +8.464,+0.990
1654835820,+3.17,+16.365, +8.439,+0.990
1654835880,+3.17,+16.331, +8.466,+0.991
1654835940,+3.17,+16.331, +8.444,+0.989
1654836000,+3.17,+16.305, +8.456,+0.990
1654836060,+3.17,+16.297, +8.454,+0.990
1654836120,+3.17,+16.280, +8.462,+0.990
1654836180,+3.17,+16.263, +8.468,+0.991
1654836240,+3.17,+16.237, +8.463,+0.990
1654836300,+3.17,+16.246, +8.450,+0.990
1654836360,+3.17,+16.237, +8.448,+0.990
1654836420,+3.17,+16.212, +8.458,+0.990
1654836480,+3.17,+16.212, +8.458,+0.990
1654836540,+3.17,+16.186, +8.459,+0.990
1654836600,+3.17,+16.186, +8.462,+0.991
1654836660,+3.17,+16.177, +8.455,+0.990
1654836720,+3.17,+16.152, +8.466,+0.991
1654836780,+3.17,+16.152, +8.450,+0.990
1654836840,+3.17,+16.118, +8.469,+0.990
1654836900,+3.17,+16.126, +8.458,+0.990
1654836960,+3.17,+16.092, +8.467,+0.990
1654837020,+3.17,+16.084, +8.472,+0.990
1654837080,+3.17,+16.067, +8.481,+0.991
1654837140,+3.17,+16.058, +8.474,+0.990
1654837200,+3.17,+16.041, +8.476,+0.990
1654837260,+3.17,+16.015, +8.473,+0.990
1654837320,+3.17,+16.015, +8.471,+0.990
1654837380,+3.17,+16.007, +8.471,+0.990
1654837440,+3.18,+15.981, +8.483,+0.991
1654837500,+3.18,+15.973, +8.462,+0.990
1654837560,+3.18,+15.964, +8.465,+0.990
1654837620,+3.18,+15.947, +8.482,+0.991
1654837680,+3.18,+15.921, +8.475,+0.990
1654837740,+3.18,+15.913, +8.472,+0.990
1654837800,+3.18,+15.913, +8.474,+0.990
1654837860,+3.18,+15.887, +8.475,+0.990
1654837920,+3.18,+15.879, +8.481,+0.990
1654837980,+3.18,+15.862, +8.478,+0.990
1654838040,+3.18,+15.828, +8.485,+0.990
1654838100,+3.18,+15.836, +8.482,+0.990
1654838160,+3.18,+15.828, +8.489,+0.991
1654838220,+3.18,+15.810, +8.483,+0.990
1654838280,+3.18,+15.802, +8.477,+0.990
1654838340,+3.18,+15.793, +8.477,+0.990
1654838400,+3.18,+15.759, +8.486,+0.990
1654838460,+3.18,+15.751, +8.483,+0.990
1654838520,+3.17,+15.725, +8.493,+0.990
1654838580,+3.17,+15.716, +8.494,+0.990
1654838640,+3.17,+15.716, +8.488,+0.990
1654838700,+3.17,+15.708, +8.488,+0.990
1654838760,+3.17,+15.682, +8.497,+0.990
1654838820,+3.17,+15.665, +8.489,+0.990
1654838880,+3.17,+15.656, +8.492,+0.990
1654838940,+3.17,+15.639, +8.502,+0.991
1654839000,+3.17,+15.631, +8.491,+0.990
1654839060,+3.17,+15.622, +8.494,+0.990
1654839120,+3.17,+15.597, +8.495,+0.990
1654839180,+3.17,+15.588, +8.490,+0.990
1654839240,+3.17,+15.588, +8.485,+0.990
1654839300,+3.17,+15.562, +8.504,+0.991
1654839360,+3.17,+15.545, +8.501,+0.990
1654839420,+3.17,+15.545, +8.502,+0.990
1654839480,+3.17,+15.528, +8.506,+0.990
1654839540,+3.17,+15.511, +8.509,+0.990
1654839600,+3.17,+15.494, +8.501,+0.990
1654839660,+3.17,+15.485, +8.513,+0.991
1654839720,+3.17,+15.468, +8.506,+0.990
1654839780,+3.17,+15.459, +8.507,+0.990
1654839840,+3.17,+15.442, +8.509,+0.990
1654839900,+3.17,+15.434, +8.511,+0.990
1654839960,+3.17,+15.425, +8.512,+0.990
1654840020,+3.17,+15.399, +8.516,+0.990
1654840080,+3.17,+15.408, +8.507,+0.990
1654840140,+3.17,+15.382, +8.514,+0.990
1654840200,+3.17,+15.374, +8.519,+0.990
1654840260,+3.17,+15.357, +8.521,+0.990
1654840320,+3.17,+15.357, +8.517,+0.991
1654840380,+3.17,+15.331, +8.521,+0.990
1654840440,+3.17,+15.305, +8.517,+0.990
1654840500,+3.17,+15.322, +8.515,+0.990
1654840560,+3.17,+15.296, +8.521,+0.990
1654840620,+3.17,+15.288, +8.521,+0.990
1654840680,+3.17,+15.288, +8.511,+0.990
1654840740,+3.17,+15.271, +8.514,+0.990
1654840800,+3.17,+15.245, +8.521,+0.990
1654840860,+3.17,+15.228, +8.529,+0.991
1654840920,+3.17,+15.211, +8.526,+0.990
1654840980,+3.17,+15.202, +8.519,+0.990
1654841040,+3.17,+15.185, +8.525,+0.990
1654841100,+3.17,+15.168, +8.521,+0.990
1654841160,+3.17,+15.168, +8.516,+0.990
1654841220,+3.17,+15.142, +8.522,+0.990
1654841280,+3.17,+15.133, +8.525,+0.990
1654841340,+3.17,+15.125, +8.528,+0.990
1654841400,+3.17,+15.133, +8.520,+0.990
1654841460,+3.17,+15.090, +8.521,+0.990
1654841520,+3.17,+15.082, +8.522,+0.990
1654841580,+3.17,+15.073, +8.525,+0.990
1654841640,+3.17,+15.073, +8.520,+0.990
1654841700,+3.17,+15.039, +8.522,+0.990
1654841760,+3.17,+15.047, +8.528,+0.990
1654841820,+3.17,+15.013, +8.537,+0.991
1654841880,+3.17,+15.004, +8.527,+0.990
1654841940,+3.17,+15.013, +8.522,+0.990
1654842000,+3.17,+15.013, +8.530,+0.990
1654842060,+3.17,+14.970, +8.532,+0.990
1654842120,+3.18,+14.944, +8.547,+0.990
1654842180,+3.18,+14.935, +8.536,+0.990
1654842240,+3.18,+14.935, +8.535,+0.990
1654842300,+3.18,+14.892, +8.545,+0.990
1654842360,+3.18,+14.909, +8.537,+0.990
1654842420,+3.18,+14.884, +8.547,+0.990
1654842480,+3.18,+14.892, +8.533,+0.990
1654842540,+3.18,+14.866, +8.534,+0.990
1654842600,+3.18,+14.841, +8.546,+0.990
1654842660,+3.18,+14.841, +8.543,+0.990
1654842720,+3.18,+14.815, +8.545,+0.990
1654842780,+3.18,+14.823, +8.542,+0.990
1654842840,+3.18,+14.797, +8.533,+0.989
1654842900,+3.18,+14.789, +8.544,+0.990
1654842960,+3.18,+14.780, +8.543,+0.990
1654843020,+3.18,+14.763, +8.556,+0.991
1654843080,+3.18,+14.737, +8.549,+0.990
1654843140,+3.18,+14.737, +8.550,+0.990
1654843200,+3.18,+14.746, +8.537,+0.990
1654843260,+3.18,+14.728, +8.549,+0.990
1654843320,+3.18,+14.711, +8.549,+0.990
1654843380,+3.18,+14.694, +8.552,+0.990
1654843440,+3.18,+14.685, +8.551,+0.990
1654843500,+3.18,+14.685, +8.549,+0.990
1654843560,+3.18,+14.694, +8.549,+0.990
1654843620,+3.18,+14.659, +8.558,+0.990
1654843680,+3.18,+14.651, +8.568,+0.991
1654843740,+3.18,+14.659, +8.554,+0.990
1654843800,+3.17,+14.642, +8.564,+0.990
1654843860,+3.17,+14.608, +8.567,+0.990
1654843920,+3.17,+14.616, +8.572,+0.991
1654843980,+3.17,+14.608, +8.565,+0.990
1654844040,+3.17,+14.590, +8.568,+0.990
1654844100,+3.17,+14.573, +8.563,+0.989
1654844160,+3.17,+14.573, +8.568,+0.990
1654844220,+3.17,+14.564, +8.571,+0.990
1654844280,+3.17,+14.556, +8.573,+0.990
1654844340,+3.17,+14.556, +8.568,+0.990
1654844400,+3.17,+14.564, +8.568,+0.990
1654844460,+3.17,+14.547, +8.578,+0.990
1654844520,+3.17,+14.538, +8.576,+0.990
1654844580,+3.17,+14.513, +8.588,+0.991
1654844640,+3.17,+14.495, +8.581,+0.990
1654844700,+3.17,+14.513, +8.581,+0.990
1654844760,+3.17,+14.478, +8.590,+0.990
1654844820,+3.17,+14.495, +8.591,+0.991
1654844880,+3.17,+14.469, +8.585,+0.990
1654844940,+3.17,+14.478, +8.592,+0.990
1654845000,+3.17,+14.478, +8.589,+0.990
1654845060,+3.17,+14.452, +8.599,+0.991
1654845120,+3.17,+14.443, +8.597,+0.990
1654845180,+3.17,+14.452, +8.599,+0.991
1654845240,+3.17,+14.435, +8.596,+0.991
1654845300,+3.17,+14.426, +8.591,+0.990
1654845360,+3.17,+14.409, +8.593,+0.990
1654845420,+3.17,+14.400, +8.599,+0.990
1654845480,+3.17,+14.417, +8.597,+0.990
1654845540,+3.17,+14.409, +8.600,+0.990
1654845600,+3.17,+14.383, +8.598,+0.990
1654845660,+3.17,+14.383, +8.605,+0.991
1654845720,+3.17,+14.383, +8.597,+0.990
1654845780,+3.17,+14.365, +8.609,+0.990
1654845840,+3.17,+14.348, +8.600,+0.990
1654845900,+3.17,+14.348, +8.601,+0.990
1654845960,+3.17,+14.339, +8.607,+0.990
1654846020,+3.17,+14.339, +8.605,+0.990
1654846080,+3.17,+14.331, +8.609,+0.990
1654846140,+3.17,+14.322, +8.607,+0.990
1654846200,+3.17,+14.305, +8.613,+0.990
1654846260,+3.17,+14.287, +8.617,+0.990
1654846320,+3.17,+14.296, +8.609,+0.990
1654846380,+3.17,+14.305, +8.604,+0.990
1654846440,+3.17,+14.296, +8.602,+0.990
1654846500,+3.17,+14.270, +8.616,+0.991
1654846560,+3.17,+14.261, +8.616,+0.990
1654846620,+3.17,+14.261, +8.610,+0.990
1654846680,+3.17,+14.261, +8.620,+0.991
1654846740,+3.17,+14.253, +8.617,+0.990
1654846800,+3.17,+14.253, +8.614,+0.990
1654846860,+3.17,+14.227, +8.627,+0.990
1654846920,+3.17,+14.235, +8.623,+0.990
1654846980,+3.17,+14.227, +8.627,+0.991
1654847040,+3.17,+14.218, +8.626,+0.990
1654847100,+3.17,+14.201, +8.622,+0.990
1654847160,+3.17,+14.201, +8.618,+0.990
1654847220,+3.17,+14.192, +8.630,+0.990
1654847280,+3.17,+14.183, +8.634,+0.990
1654847340,+3.17,+14.175, +8.630,+0.990
1654847400,+3.17,+14.192, +8.629,+0.990
1654847460,+3.17,+14.175, +8.625,+0.990
1654847520,+3.17,+14.166, +8.637,+0.990
1654847580,+3.17,+14.175, +8.625,+0.990
1654847640,+3.17,+14.157, +8.633,+0.990
1654847700,+3.17,+14.166, +8.631,+0.990
1654847760,+3.17,+14.131, +8.643,+0.991
1654847820,+3.17,+14.131, +8.647,+0.991
1654847880,+3.17,+14.123, +8.638,+0.990
1654847940,+3.17,+14.123, +8.649,+0.991
1654848000,+3.17,+14.131, +8.639,+0.990
1654848060,+3.17,+14.114, +8.645,+0.990
1654848120,+3.17,+14.097, +8.646,+0.990
1654848180,+3.17,+14.088, +8.651,+0.990
1654848240,+3.17,+14.088, +8.648,+0.990
1654848300,+3.17,+14.071, +8.649,+0.990
1654848360,+3.17,+14.079, +8.646,+0.990
1654848420,+3.17,+14.079, +8.637,+0.990
1654848480,+3.17,+14.071, +8.640,+0.990
1654848540,+3.17,+14.079, +8.644,+0.991
1654848600,+3.17,+14.053, +8.660,+0.991
1654848660,+3.17,+14.045, +8.653,+0.990
1654848720,+3.17,+14.027, +8.662,+0.991
1654848780,+3.17,+14.036, +8.657,+0.990
1654848840,+3.17,+14.027, +8.653,+0.990
1654848900,+3.17,+14.027, +8.661,+0.991
1654848960,+3.17,+14.010, +8.664,+0.991
1654849020,+3.17,+14.001, +8.665,+0.991
1654849080,+3.17,+14.001, +8.656,+0.990
1654849140,+3.17,+13.992, +8.657,+0.990
1654849200,+3.17,+13.984, +8.662,+0.990
1654849260,+3.17,+13.975, +8.673,+0.991
1654849320,+3.17,+14.001, +8.656,+0.990
1654849380,+3.17,+13.958, +8.672,+0.991
1654849440,+3.17,+13.975, +8.662,+0.990
1654849500,+3.17,+13.966, +8.656,+0.990
1654849560,+3.17,+13.940, +8.668,+0.990
1654849620,+3.17,+13.932, +8.675,+0.991
1654849680,+3.17,+13.940, +8.669,+0.990
1654849740,+3.17,+13.923, +8.677,+0.991
1654849800,+3.17,+13.914, +8.668,+0.990
1654849860,+3.17,+13.905, +8.670,+0.990
1654849920,+3.17,+13.905, +8.671,+0.990
1654849980,+3.17,+13.879, +8.673,+0.990
1654850040,+3.18,+13.871, +8.680,+0.991
1654850100,+3.17,+13.871, +8.679,+0.990
1654850160,+3.18,+13.871, +8.678,+0.991
1654850220,+3.18,+13.853, +8.676,+0.990
1654850280,+3.17,+13.845, +8.675,+0.990
1654850340,+3.18,+13.845, +8.678,+0.991
1654850400,+3.18,+13.836, +8.684,+0.991
1654850460,+3.18,+13.827, +8.673,+0.990
1654850520,+3.18,+13.827, +8.676,+0.991
1654850580,+3.18,+13.810, +8.680,+0.991
1654850640,+3.18,+13.810, +8.669,+0.990
1654850700,+3.18,+13.784, +8.676,+0.990
1654850760,+3.18,+13.766, +8.687,+0.991
1654850820,+3.18,+13.766, +8.669,+0.990
1654850880,+3.18,+13.766, +8.677,+0.990
1654850940,+3.18,+13.758, +8.669,+0.990
1654851000,+3.18,+13.740, +8.683,+0.990
1654851060,+3.18,+13.749, +8.680,+0.990
1654851120,+3.18,+13.731, +8.687,+0.991
1654851180,+3.18,+13.723, +8.681,+0.991
1654851240,+3.18,+13.697, +8.686,+0.990
1654851300,+3.18,+13.714, +8.671,+0.990
1654851360,+3.18,+13.679, +8.691,+0.991
1654851420,+3.18,+13.662, +8.676,+0.990
1654851480,+3.18,+13.662, +8.693,+0.991
1654851540,+3.18,+13.653, +8.681,+0.991
1654851600,+3.18,+13.644, +8.683,+0.991
1654851660,+3.18,+13.618, +8.680,+0.990
1654851720,+3.18,+13.635, +8.679,+0.991
1654851780,+3.18,+13.601, +8.686,+0.990
1654851840,+3.18,+13.618, +8.675,+0.990
1654851900,+3.18,+13.592, +8.689,+0.991
1654851960,+3.18,+13.583, +8.687,+0.990
1654852020,+3.18,+13.566, +8.686,+0.990
1654852080,+3.18,+13.574, +8.681,+0.990
1654852140,+3.18,+13.566, +8.686,+0.991
1654852200,+3.18,+13.548, +8.688,+0.991
1654852260,+3.18,+13.548, +8.687,+0.991
1654852320,+3.18,+13.522, +8.691,+0.991
1654852380,+3.17,+13.522, +8.691,+0.991
1654852440,+3.17,+13.513, +8.697,+0.991
1654852500,+3.17,+13.496, +8.692,+0.990
1654852560,+3.17,+13.470, +8.711,+0.991
1654852620,+3.17,+13.461, +8.694,+0.990
1654852680,+3.17,+13.478, +8.693,+0.990
1654852740,+3.17,+13.461, +8.695,+0.990
1654852800,+3.17,+13.443, +8.706,+0.991
1654852860,+3.17,+13.435, +8.694,+0.990
1654852920,+3.17,+13.408, +8.713,+0.991
1654852980,+3.17,+13.408, +8.708,+0.991
1654853040,+3.17,+13.408, +8.711,+0.991
1654853100,+3.17,+13.391, +8.703,+0.990
1654853160,+3.17,+13.391, +8.706,+0.991
1654853220,+3.17,+13.382, +8.708,+0.991
1654853280,+3.17,+13.347, +8.713,+0.991
1654853340,+3.17,+13.365, +8.705,+0.991
1654853400,+3.17,+13.356, +8.704,+0.991
1654853460,+3.17,+13.330, +8.712,+0.991
1654853520,+3.17,+13.338, +8.700,+0.990
1654853580,+3.17,+13.312, +8.710,+0.991
1654853640,+3.17,+13.303, +8.707,+0.990
1654853700,+3.17,+13.277, +8.716,+0.990
1654853760,+3.17,+13.295, +8.703,+0.990
1654853820,+3.17,+13.303, +8.703,+0.990
1654853880,+3.17,+13.295, +8.708,+0.991
1654853940,+3.17,+13.286, +8.707,+0.991
1654854000,+3.17,+13.268, +8.709,+0.990
1654854060,+3.17,+13.268, +8.720,+0.991
1654854120,+3.17,+13.268, +8.706,+0.990
1654854180,+3.17,+13.233, +8.720,+0.991
1654854240,+3.17,+13.225, +8.721,+0.991
1654854300,+3.17,+13.233, +8.705,+0.990
1654854360,+3.17,+13.225, +8.720,+0.991
1654854420,+3.17,+13.189, +8.726,+0.991
1654854480,+3.17,+13.216, +8.716,+0.991
1654854540,+3.17,+13.198, +8.724,+0.991
1654854600,+3.17,+13.207, +8.708,+0.990
1654854660,+3.17,+13.163, +8.722,+0.990
1654854720,+3.17,+13.154, +8.728,+0.990
1654854780,+3.17,+13.172, +8.721,+0.990
1654854840,+3.17,+13.154, +8.722,+0.991
1654854900,+3.17,+13.154, +8.721,+0.990
1654854960,+3.17,+13.137, +8.724,+0.990
1654855020,+3.17,+13.119, +8.736,+0.991
1654855080,+3.17,+13.111, +8.740,+0.991
1654855140,+3.17,+13.119, +8.729,+0.990
1654855200,+3.17,+13.102, +8.731,+0.990
1654855260,+3.17,+13.058, +8.741,+0.990
1654855320,+3.17,+13.067, +8.730,+0.990
1654855380,+3.17,+13.058, +8.734,+0.990
1654855440,+3.17,+13.058, +8.726,+0.990
1654855500,+3.17,+13.040, +8.746,+0.991
1654855560,+3.17,+13.023, +8.741,+0.991
1654855620,+3.17,+13.014, +8.739,+0.990
1654855680,+3.17,+12.996, +8.735,+0.990
1654855740,+3.17,+12.996, +8.739,+0.991
1654855800,+3.17,+13.005, +8.724,+0.990
1654855860,+3.17,+12.988, +8.734,+0.991
1654855920,+3.17,+12.979, +8.741,+0.991
1654855980,+3.17,+12.970, +8.745,+0.991
1654856040,+3.17,+12.961, +8.735,+0.990
1654856100,+3.17,+12.952, +8.742,+0.991
1654856160,+3.17,+12.952, +8.740,+0.991
1654856220,+3.17,+12.935, +8.746,+0.991
1654856280,+3.17,+12.952, +8.724,+0.990
1654856340,+3.17,+12.917, +8.740,+0.990
1654856400,+3.17,+12.909, +8.748,+0.991
1654856460,+3.17,+12.900, +8.754,+0.991
1654856520,+3.17,+12.891, +8.747,+0.990
1654856580,+3.17,+12.882, +8.753,+0.990
1654856640,+3.17,+12.882, +8.746,+0.990
1654856700,+3.17,+12.865, +8.755,+0.990
1654856760,+3.17,+12.838, +8.767,+0.991
1654856820,+3.17,+12.838, +8.759,+0.991
1654856880,+3.17,+12.838, +8.760,+0.991
1654856940,+3.17,+12.838, +8.748,+0.990
1654857000,+3.17,+12.829, +8.762,+0.991
1654857060,+3.18,+12.821, +8.751,+0.990
1654857120,+3.17,+12.803, +8.762,+0.991
1654857180,+3.18,+12.794, +8.753,+0.990
1654857240,+3.18,+12.768, +8.762,+0.990
1654857300,+3.18,+12.785, +8.758,+0.991
1654857360,+3.18,+12.750, +8.770,+0.991
1654857420,+3.18,+12.741, +8.768,+0.991
1654857480,+3.18,+12.741, +8.760,+0.990
1654857540,+3.18,+12.741, +8.761,+0.991
1654857600,+3.18,+12.732, +8.762,+0.991
1654857660,+3.18,+12.724, +8.763,+0.990
1654857720,+3.18,+12.706, +8.771,+0.991
1654857780,+3.18,+12.715, +8.758,+0.990
1654857840,+3.18,+12.697, +8.759,+0.990
1654857900,+3.18,+12.697, +8.761,+0.990
1654857960,+3.18,+12.688, +8.761,+0.990
1654858020,+3.18,+12.688, +8.764,+0.990
1654858080,+3.18,+12.671, +8.769,+0.991
1654858140,+3.18,+12.680, +8.765,+0.990
1654858200,+3.18,+12.671, +8.774,+0.991
1654858260,+3.18,+12.653, +8.777,+0.991
1654858320,+3.18,+12.635, +8.774,+0.990
1654858380,+3.18,+12.644, +8.772,+0.990
1654858440,+3.18,+12.635, +8.785,+0.991
1654858500,+3.18,+12.644, +8.768,+0.990
1654858560,+3.18,+12.609, +8.790,+0.991
1654858620,+3.18,+12.618, +8.778,+0.990
1654858680,+3.18,+12.618, +8.791,+0.991
1654858740,+3.18,+12.609, +8.774,+0.990
1654858800,+3.18,+12.591, +8.784,+0.990
1654858860,+3.18,+12.600, +8.784,+0.990
1654858920,+3.18,+12.600, +8.770,+0.990
1654858980,+3.18,+12.582, +8.786,+0.991
1654859040,+3.18,+12.556, +8.796,+0.991
1654859100,+3.18,+12.565, +8.796,+0.991
1654859160,+3.18,+12.574, +8.780,+0.990
1654859220,+3.18,+12.556, +8.785,+0.990
1654859280,+3.18,+12.556, +8.785,+0.991
1654859340,+3.18,+12.521, +8.800,+0.991
1654859400,+3.18,+12.529, +8.791,+0.990
1654859460,+3.18,+12.538, +8.790,+0.991
1654859520,+3.18,+12.538, +8.724,+0.991
1654859580,+3.18,+12.591, +9.051,+0.991
1654859640,+3.18,+12.662, +8.790,+0.991
1654859700,+3.17,+12.882, +8.803,+0.992
1654859760,+3.17,+13.058, +8.776,+0.992
1654859820,+3.17,+13.163, +8.771,+0.992
1654859880,+3.17,+13.242, +8.777,+0.992
1654859940,+3.17,+13.303, +8.776,+0.991
1654860000,+3.17,+13.312, +8.790,+0.991
1654860060,+3.17,+13.365, +8.796,+0.991
1654860120,+3.17,+13.382, +8.808,+0.991
1654860180,+3.17,+13.347, +8.847,+0.991
1654860240,+3.17,+13.373, +8.867,+0.991
1654860300,+3.17,+13.382, +8.876,+0.991
1654860360,+3.17,+13.365, +8.900,+0.991
1654860420,+3.17,+13.400, +8.899,+0.991
1654860480,+3.17,+13.365, +8.937,+0.991
1654860540,+3.17,+13.365, +8.947,+0.990
1654860600,+3.17,+13.373, +8.964,+0.991
1654860660,+3.17,+13.356, +8.989,+0.991
1654860720,+3.17,+13.365, +8.994,+0.990
1654860780,+3.17,+13.356, +9.011,+0.990
1654860840,+3.17,+13.373, +9.014,+0.990
1654860900,+3.17,+13.373, +9.041,+0.991
1654860960,+3.17,+13.365, +9.058,+0.991
1654861020,+3.17,+13.356, +9.068,+0.991
1654861080,+3.17,+13.338, +9.091,+0.991
1654861140,+3.17,+13.347, +9.086,+0.990
1654861200,+3.17,+13.338, +9.110,+0.991
1654861260,+3.17,+13.338, +9.123,+0.991
1654861320,+3.17,+13.347, +9.123,+0.990
1654861380,+3.17,+13.338, +9.141,+0.991
1654861440,+3.17,+13.330, +9.166,+0.991
1654861500,+3.17,+13.330, +9.159,+0.990
1654861560,+3.17,+13.321, +9.174,+0.990
1654861620,+3.17,+13.330, +9.184,+0.991
1654861680,+3.17,+13.330, +9.191,+0.990
1654861740,+3.17,+13.312, +9.201,+0.990
1654861800,+3.17,+13.312, +9.211,+0.990
1654861860,+3.17,+13.330, +9.210,+0.990
1654861920,+3.17,+13.303, +9.230,+0.990
1654861980,+3.17,+13.312, +9.236,+0.990
1654862040,+3.17,+13.312, +9.252,+0.991
1654862100,+3.17,+13.330, +9.254,+0.991
1654862160,+3.17,+13.303, +9.275,+0.991
1654862220,+3.17,+13.303, +9.265,+0.990
1654862280,+3.17,+13.303, +9.278,+0.990
1654862340,+3.17,+13.303, +9.289,+0.991
1654862400,+3.17,+13.303, +9.294,+0.990
1654862460,+3.17,+13.303, +9.292,+0.990
1654862520,+3.17,+13.312, +9.302,+0.990
1654862580,+3.17,+13.312, +9.312,+0.991
1654862640,+3.17,+13.286, +9.329,+0.991
1654862700,+3.17,+13.312, +9.323,+0.990
1654862760,+3.17,+13.312, +9.324,+0.990
1654862820,+3.17,+13.312, +9.331,+0.990
1654862880,+3.17,+13.303, +9.339,+0.990
1654862940,+3.17,+13.295, +9.344,+0.990
1654863000,+3.17,+13.312, +9.345,+0.990
1654863060,+3.17,+13.303, +9.354,+0.990
1654863120,+3.17,+13.312, +9.349,+0.990
1654863180,+3.17,+13.330, +9.354,+0.990
1654863240,+3.17,+13.303, +9.386,+0.991
1654863300,+3.17,+13.312, +9.373,+0.991
1654863360,+3.17,+13.303, +9.380,+0.991
1654863420,+3.17,+13.321, +9.381,+0.991
1654863480,+3.17,+13.330, +9.382,+0.991
1654863540,+3.17,+13.312, +9.395,+0.991
1654863600,+3.17,+13.321, +9.390,+0.990
1654863660,+3.17,+13.321, +9.398,+0.991
1654863720,+3.17,+13.321, +9.397,+0.990
1654863780,+3.17,+13.312, +9.400,+0.990
1654863840,+3.17,+13.321, +9.402,+0.990
1654863900,+3.17,+13.347, +9.416,+0.991
1654863960,+3.17,+13.330, +9.413,+0.991
1654864020,+3.17,+13.321, +9.418,+0.990
1654864080,+3.17,+13.347, +9.422,+0.991
1654864140,+3.17,+13.338, +9.420,+0.990
1654864200,+3.17,+13.347, +9.412,+0.990
1654864260,+3.17,+13.347, +9.422,+0.990
1654864320,+3.17,+13.338, +9.429,+0.991
1654864380,+3.17,+13.356, +9.426,+0.990
1654864440,+3.17,+13.347, +9.437,+0.991
1654864500,+3.17,+13.347, +9.433,+0.990
1654864560,+3.17,+13.365, +9.423,+0.990
1654864620,+3.17,+13.365, +9.436,+0.991
1654864680,+3.17,+13.356, +9.439,+0.990
1654864740,+3.17,+13.356, +9.445,+0.991
1654864800,+3.17,+13.365, +9.445,+0.991
1654864860,+3.17,+13.382, +9.450,+0.991
1654864920,+3.17,+13.373, +9.450,+0.990
1654864980,+3.17,+13.391, +9.442,+0.990
1654865040,+3.17,+13.408, +9.446,+0.991
1654865100,+3.17,+13.391, +9.454,+0.991
1654865160,+3.17,+13.391, +9.450,+0.991
1654865220,+3.17,+13.391, +9.444,+0.990
1654865280,+3.17,+13.408, +9.448,+0.990
1654865340,+3.17,+13.408, +9.452,+0.991
1654865400,+3.17,+13.426, +9.445,+0.990
1654865460,+3.17,+13.426, +9.453,+0.991
1654865520,+3.17,+13.408, +9.455,+0.990
1654865580,+3.17,+13.426, +9.463,+0.991
1654865640,+3.17,+13.435, +9.456,+0.991
1654865700,+3.17,+13.443, +9.449,+0.990
1654865760,+3.17,+13.435, +9.467,+0.991
1654865820,+3.17,+13.443, +9.466,+0.991
1654865880,+3.17,+13.452, +9.474,+0.991
1654865940,+3.17,+13.452, +9.463,+0.991
1654866000,+3.17,+13.470, +9.462,+0.991
1654866060,+3.17,+13.470, +9.464,+0.991
1654866120,+3.17,+13.470, +9.464,+0.991
1654866180,+3.17,+13.487, +9.466,+0.991
1654866240,+3.17,+13.505, +9.454,+0.991
1654866300,+3.17,+13.496, +9.461,+0.990
1654866360,+3.17,+13.505, +9.460,+0.990
1654866420,+3.17,+13.522, +9.453,+0.990
1654866480,+3.17,+13.513, +9.457,+0.990
1654866540,+3.17,+13.522, +9.466,+0.990
1654866600,+3.17,+13.522, +9.464,+0.990
1654866660,+3.17,+13.539, +9.468,+0.991
1654866720,+3.17,+13.539, +9.463,+0.990
1654866780,+3.18,+13.557, +9.464,+0.991
1654866840,+3.17,+13.539, +9.468,+0.990
1654866900,+3.17,+13.566, +9.459,+0.991
1654866960,+3.17,+13.548, +9.469,+0.990
1654867020,+3.18,+13.601, +9.459,+0.991
1654867080,+3.18,+13.583, +9.467,+0.991
1654867140,+3.18,+13.592, +9.463,+0.991
1654867200,+3.17,+13.592, +9.466,+0.991
1654867260,+3.17,+13.618, +9.460,+0.991
1654867320,+3.18,+13.609, +9.464,+0.991
1654867380,+3.18,+13.618, +9.463,+0.991
1654867440,+3.18,+13.627, +9.463,+0.991
1654867500,+3.17,+13.618, +9.471,+0.991
1654867560,+3.18,+13.653, +9.454,+0.991
1654867620,+3.18,+13.662, +9.463,+0.991
1654867680,+3.18,+13.662, +9.448,+0.990
1654867740,+3.17,+13.670, +9.451,+0.990
1654867800,+3.17,+13.670, +9.456,+0.990
1654867860,+3.17,+13.688, +9.456,+0.991
1654867920,+3.17,+13.688, +9.456,+0.990
1654867980,+3.17,+13.697, +9.453,+0.990
1654868040,+3.17,+13.714, +9.453,+0.991
1654868100,+3.17,+13.723, +9.445,+0.990
1654868160,+3.17,+13.740, +9.446,+0.991
1654868220,+3.17,+13.758, +9.443,+0.991
1654868280,+3.17,+13.766, +9.440,+0.991
1654868340,+3.17,+13.749, +9.451,+0.991
1654868400,+3.17,+13.766, +9.434,+0.990
1654868460,+3.17,+13.784, +9.451,+0.991
1654868520,+3.17,+13.792, +9.441,+0.991
1654868580,+3.17,+13.810, +9.443,+0.991
1654868640,+3.17,+13.810, +9.442,+0.991
1654868700,+3.17,+13.818, +9.430,+0.990
1654868760,+3.17,+13.827, +9.427,+0.990
1654868820,+3.17,+13.836, +9.438,+0.991
1654868880,+3.17,+13.853, +9.427,+0.991
1654868940,+3.17,+13.862, +9.431,+0.991
1654869000,+3.17,+13.862, +9.433,+0.991
1654869060,+3.17,+13.879, +9.429,+0.991
1654869120,+3.17,+13.871, +9.433,+0.991
1654869180,+3.17,+13.879, +9.432,+0.991
1654869240,+3.17,+13.905, +9.422,+0.990
1654869300,+3.17,+13.914, +9.424,+0.990
1654869360,+3.17,+13.932, +9.413,+0.990
1654869420,+3.17,+13.940, +9.422,+0.991
1654869480,+3.17,+13.940, +9.429,+0.991
1654869540,+3.17,+13.958, +9.417,+0.991
1654869600,+3.17,+13.984, +9.418,+0.991
1654869660,+3.17,+13.992, +9.409,+0.990
1654869720,+3.17,+13.966, +9.421,+0.991
1654869780,+3.17,+13.984, +9.421,+0.991
1654869840,+3.17,+14.001, +9.411,+0.990
1654869900,+3.17,+14.045, +9.401,+0.990
1654869960,+3.17,+14.053, +9.403,+0.991
1654870020,+3.17,+14.027, +9.408,+0.990
1654870080,+3.17,+14.045, +9.417,+0.991
1654870140,+3.17,+14.062, +9.398,+0.990
1654870200,+3.17,+14.097, +9.401,+0.991
1654870260,+3.17,+14.105, +9.396,+0.991
1654870320,+3.17,+14.097, +9.391,+0.990
1654870380,+3.17,+14.105, +9.406,+0.991
1654870440,+3.17,+14.114, +9.393,+0.990
1654870500,+3.17,+14.149, +9.391,+0.991
1654870560,+3.17,+14.166, +9.378,+0.990
1654870620,+3.17,+14.175, +9.368,+0.990
1654870680,+3.17,+14.183, +9.380,+0.991
1654870740,+3.17,+14.183, +9.377,+0.990
1654870800,+3.17,+14.218, +9.369,+0.990
1654870860,+3.17,+14.209, +9.372,+0.990
1654870920,+3.17,+14.209, +9.371,+0.990
1654870980,+3.17,+14.235, +9.381,+0.991
1654871040,+3.17,+14.261, +9.361,+0.990
1654871100,+3.17,+14.270, +9.357,+0.990
1654871160,+3.17,+14.261, +9.375,+0.991
1654871220,+3.17,+14.287, +9.360,+0.991
1654871280,+3.17,+14.296, +9.351,+0.990
1654871340,+3.17,+14.322, +9.356,+0.991
1654871400,+3.17,+14.305, +9.358,+0.990
1654871460,+3.17,+14.339, +9.346,+0.990
1654871520,+3.17,+14.331, +9.352,+0.990
1654871580,+3.17,+14.348, +9.344,+0.990
1654871640,+3.17,+14.365, +9.353,+0.991
1654871700,+3.17,+14.391, +9.343,+0.991
1654871760,+3.17,+14.391, +9.341,+0.990
1654871820,+3.17,+14.417, +9.344,+0.991
1654871880,+3.17,+14.435, +9.327,+0.990
1654871940,+3.17,+14.426, +9.336,+0.990
1654872000,+3.17,+14.461, +9.328,+0.991
1654872060,+3.17,+14.487, +9.323,+0.991
1654872120,+3.17,+14.495, +9.323,+0.991
1654872180,+3.17,+14.521, +9.314,+0.991
1654872240,+3.17,+14.504, +9.321,+0.990
1654872300,+3.17,+14.521, +9.318,+0.991
1654872360,+3.17,+14.530, +9.320,+0.991
1654872420,+3.17,+14.564, +9.309,+0.990
1654872480,+3.17,+14.582, +9.305,+0.990
1654872540,+3.17,+14.582, +9.302,+0.990
1654872600,+3.17,+14.599, +9.309,+0.991
1654872660,+3.17,+14.625, +9.296,+0.990
1654872720,+3.17,+14.651, +9.282,+0.990
1654872780,+3.17,+14.651, +9.289,+0.990
1654872840,+3.17,+14.659, +9.286,+0.990
1654872900,+3.17,+14.668, +9.295,+0.991
1654872960,+3.17,+14.694, +9.288,+0.991
1654873020,+3.17,+14.711, +9.276,+0.990
1654873080,+3.17,+14.728, +9.280,+0.991
1654873140,+3.17,+14.728, +9.270,+0.990
1654873200,+3.17,+14.754, +9.271,+0.990
1654873260,+3.17,+14.763, +9.272,+0.990
1654873320,+3.17,+14.797, +9.265,+0.991
1654873380,+3.17,+14.797, +9.270,+0.991
1654873440,+3.17,+14.823, +9.256,+0.990
1654873500,+3.17,+14.841, +9.250,+0.990
1654873560,+3.17,+14.841, +9.258,+0.990
1654873620,+3.17,+14.866, +9.253,+0.990
1654873680,+3.17,+14.875, +9.246,+0.990
1654873740,+3.17,+14.875, +9.243,+0.990
1654873800,+3.17,+14.918, +9.247,+0.991
1654873860,+3.17,+14.927, +9.242,+0.990
1654873920,+3.17,+14.944, +9.240,+0.991
1654873980,+3.17,+14.970, +9.229,+0.990
1654874040,+3.17,+14.961, +9.233,+0.990
1654874100,+3.17,+14.987, +9.227,+0.990
1654874160,+3.17,+15.004, +9.215,+0.990
1654874220,+3.17,+15.013, +9.230,+0.991
1654874280,+3.17,+15.030, +9.212,+0.990
1654874340,+3.17,+15.047, +9.216,+0.990
1654874400,+3.17,+15.064, +9.214,+0.990
1654874460,+3.17,+15.082, +9.209,+0.990
1654874520,+3.17,+15.090, +9.213,+0.990
1654874580,+3.17,+15.116, +9.199,+0.990
1654874640,+3.17,+15.142, +9.188,+0.990
1654874700,+3.17,+15.142, +9.196,+0.990
1654874760,+3.17,+15.150, +9.200,+0.990
1654874820,+3.17,+15.176, +9.195,+0.990
1654874880,+3.17,+15.211, +9.188,+0.990
1654874940,+3.17,+15.202, +9.189,+0.990
1654875000,+3.17,+15.228, +9.176,+0.990
1654875060,+3.17,+15.236, +9.178,+0.990
1654875120,+3.17,+15.254, +9.181,+0.990
1654875180,+3.17,+15.271, +9.185,+0.991
1654875240,+3.17,+15.288, +9.172,+0.990
1654875300,+3.17,+15.296, +9.173,+0.990
1654875360,+3.17,+15.322, +9.174,+0.991
1654875420,+3.17,+15.357, +9.153,+0.990
1654875480,+3.17,+15.365, +9.159,+0.990
1654875540,+3.17,+15.365, +9.167,+0.991
1654875600,+3.17,+15.399, +9.159,+0.991
1654875660,+3.17,+15.399, +9.151,+0.990
1654875720,+3.17,+15.434, +9.146,+0.991
1654875780,+3.17,+15.434, +9.143,+0.990
1654875840,+3.17,+15.459, +9.133,+0.990
1654875900,+3.17,+15.477, +9.127,+0.990
1654875960,+3.17,+15.477, +9.148,+0.991
1654876020,+3.17,+15.502, +9.128,+0.990
1654876080,+3.17,+15.528, +9.117,+0.990
1654876140,+3.17,+15.528, +9.118,+0.990
1654876200,+3.17,+15.537, +9.129,+0.990
1654876260,+3.17,+15.554, +9.117,+0.990
1654876320,+3.17,+15.571, +9.123,+0.990
1654876380,+3.17,+15.605, +9.114,+0.990
1654876440,+3.17,+15.614, +9.112,+0.990
1654876500,+3.17,+15.631, +9.111,+0.990
1654876560,+3.17,+15.656, +9.109,+0.991
1654876620,+3.17,+15.656, +9.105,+0.990
1654876680,+3.17,+15.674, +9.108,+0.991
1654876740,+3.17,+15.691, +9.100,+0.990
1654876800,+3.17,+15.716, +9.108,+0.991
1654876860,+3.17,+15.742, +9.083,+0.990
1654876920,+3.17,+15.776, +9.065,+0.990
1654876980,+3.17,+15.776, +9.084,+0.990
1654877040,+3.17,+15.793, +9.080,+0.990
1654877100,+3.17,+15.793, +9.075,+0.990
1654877160,+3.17,+15.810, +9.069,+0.990
1654877220,+3.17,+15.828, +9.063,+0.990
1654877280,+3.17,+15.853, +9.072,+0.991
1654877340,+3.17,+15.870, +9.056,+0.990
1654877400,+3.17,+15.870, +9.068,+0.990
1654877460,+3.17,+15.904, +9.050,+0.990
1654877520,+3.17,+15.921, +9.058,+0.991
1654877580,+3.17,+15.939, +9.050,+0.990
1654877640,+3.17,+15.947, +9.041,+0.990
1654877700,+3.17,+15.973, +9.035,+0.990
1654877760,+3.17,+15.990, +9.043,+0.990
1654877820,+3.17,+15.998, +9.040,+0.990
1654877880,+3.17,+16.015, +9.041,+0.990
1654877940,+3.17,+16.024, +9.036,+0.990
1654878000,+3.17,+16.067, +9.034,+0.991
1654878060,+3.17,+16.067, +9.023,+0.990
1654878120,+3.17,+16.084, +9.017,+0.990
1654878180,+3.17,+16.092, +9.023,+0.990
1654878240,+3.17,+16.126, +9.012,+0.990
1654878300,+3.17,+16.135, +9.005,+0.990
1654878360,+3.17,+16.160, +9.008,+0.990
1654878420,+3.17,+16.186, +9.006,+0.991
1654878480,+3.17,+16.195, +9.000,+0.990
1654878540,+3.17,+16.203, +9.006,+0.991
1654878600,+3.17,+16.229, +8.989,+0.990
1654878660,+3.17,+16.237, +8.988,+0.990
1654878720,+3.17,+16.271, +8.983,+0.990
1654878780,+3.17,+16.271, +8.983,+0.990
1654878840,+3.17,+16.297, +8.979,+0.990
1654878900,+3.17,+16.305, +8.980,+0.990
1654878960,+3.17,+16.314, +8.985,+0.990
1654879020,+3.17,+16.339, +8.980,+0.990
1654879080,+3.17,+16.365, +8.965,+0.990
1654879140,+3.17,+16.382, +8.968,+0.990
1654879200,+3.17,+16.390, +8.963,+0.990
1654879260,+3.17,+16.416, +8.959,+0.990
1654879320,+3.17,+16.442, +8.956,+0.990
1654879380,+3.17,+16.450, +8.954,+0.990
1654879440,+3.17,+16.476, +8.947,+0.990
1654879500,+3.17,+16.484, +8.936,+0.989
1654879560,+3.17,+16.510, +8.939,+0.990
1654879620,+3.17,+16.527, +8.939,+0.990
1654879680,+3.17,+16.544, +8.949,+0.991
1654879740,+3.17,+16.569, +8.927,+0.990
1654879800,+3.17,+16.578, +8.934,+0.990
1654879860,+3.17,+16.603, +8.929,+0.990
1654879920,+3.17,+16.603, +8.925,+0.990
1654879980,+3.17,+16.620, +8.923,+0.990
1654880040,+3.17,+16.646, +8.920,+0.990
1654880100,+3.17,+16.671, +8.918,+0.990
1654880160,+3.17,+16.705, +8.905,+0.990
1654880220,+3.17,+16.697, +8.909,+0.990
1654880280,+3.17,+16.739, +8.898,+0.990
1654880340,+3.17,+16.739, +8.898,+0.990
1654880400,+3.17,+16.773, +8.892,+0.990
1654880460,+3.17,+16.781, +8.891,+0.990
1654880520,+3.17,+16.781, +8.891,+0.990
1654880580,+3.17,+16.824, +8.886,+0.990
1654880640,+3.17,+16.841, +8.879,+0.990
1654880700,+3.17,+16.849, +8.875,+0.990
1654880760,+3.17,+16.858, +8.882,+0.990
1654880820,+3.17,+16.892, +8.870,+0.990
1654880880,+3.17,+16.909, +8.873,+0.990
1654880940,+3.17,+16.909, +8.870,+0.990
1654881000,+3.17,+16.943, +8.861,+0.990
1654881060,+3.17,+16.968, +8.859,+0.990
1654881120,+3.17,+16.977, +8.851,+0.990
1654881180,+3.17,+16.985, +8.850,+0.990
1654881240,+3.17,+17.027, +8.849,+0.990
1654881300,+3.17,+17.036, +8.848,+0.990
1654881360,+3.17,+17.061, +8.836,+0.990
1654881420,+3.17,+17.087, +8.834,+0.990
1654881480,+3.17,+17.104, +8.832,+0.990
1654881540,+3.17,+17.121, +8.829,+0.990
1654881600,+3.17,+17.146, +8.817,+0.990
1654881660,+3.17,+17.155, +8.811,+0.989
1654881720,+3.17,+17.172, +8.823,+0.990
1654881780,+3.17,+17.188, +8.812,+0.990
1654881840,+3.17,+17.214, +8.810,+0.990
1654881900,+3.17,+17.231, +8.813,+0.990
1654881960,+3.17,+17.239, +8.807,+0.990
1654882020,+3.17,+17.265, +8.799,+0.990
1654882080,+3.17,+17.290, +8.786,+0.989
1654882140,+3.17,+17.290, +8.797,+0.990
1654882200,+3.17,+17.332, +8.787,+0.990
1654882260,+3.17,+17.341, +8.778,+0.990
1654882320,+3.17,+17.358, +8.783,+0.990
1654882380,+3.17,+17.392, +8.771,+0.990
1654882440,+3.17,+17.408, +8.766,+0.989
1654882500,+3.17,+17.408, +8.775,+0.990
1654882560,+3.17,+17.434, +8.765,+0.990
1654882620,+3.17,+17.451, +8.765,+0.990
1654882680,+3.17,+17.476, +8.757,+0.990
1654882740,+3.17,+17.476, +8.753,+0.989
1654882800,+3.17,+17.501, +8.756,+0.990
1654882860,+3.17,+17.527, +8.747,+0.990
1654882920,+3.17,+17.552, +8.745,+0.990
1654882980,+3.17,+17.561, +8.748,+0.990
1654883040,+3.17,+17.586, +8.725,+0.989
1654883100,+3.17,+17.611, +8.727,+0.990
1654883160,+3.17,+17.628, +8.730,+0.990
1654883220,+3.17,+17.645, +8.723,+0.990
1654883280,+3.17,+17.654, +8.722,+0.989
1654883340,+3.17,+17.679, +8.725,+0.990
1654883400,+3.17,+17.687, +8.719,+0.990
1654883460,+3.17,+17.721, +8.705,+0.989
1654883520,+3.17,+17.738, +8.708,+0.990
1654883580,+3.17,+17.755, +8.704,+0.990
1654883640,+3.17,+17.772, +8.697,+0.990
1654883700,+3.17,+17.806, +8.694,+0.990
1654883760,+3.16,+17.789, +8.708,+0.990
1654883820,+3.17,+17.831, +8.684,+0.989
1654883880,+3.17,+17.856, +8.683,+0.989
1654883940,+3.17,+17.856, +8.684,+0.989
1654884000,+3.17,+17.890, +8.673,+0.989
1654884060,+3.17,+17.924, +8.669,+0.989
1654884120,+3.17,+17.941, +8.672,+0.990
1654884180,+3.17,+17.941, +8.677,+0.990
1654884240,+3.17,+17.966, +8.663,+0.990
1654884300,+3.17,+17.991, +8.657,+0.989
1654884360,+3.17,+18.008, +8.647,+0.989
1654884420,+3.17,+18.025, +8.656,+0.990
1654884480,+3.17,+18.042, +8.647,+0.989
1654884540,+3.17,+18.050, +8.659,+0.990
1654884600,+3.17,+18.075, +8.643,+0.990
1654884660,+3.17,+18.084, +8.643,+0.990
1654884720,+3.17,+18.118, +8.640,+0.990
1654884780,+3.17,+18.126, +8.640,+0.990
1654884840,+3.17,+18.160, +8.628,+0.990
1654884900,+3.17,+18.168, +8.626,+0.990
1654884960,+3.17,+18.185, +8.620,+0.989
1654885020,+3.17,+18.202, +8.615,+0.989
1654885080,+3.17,+18.236, +8.606,+0.990
1654885140,+3.17,+18.227, +8.610,+0.989
1654885200,+3.17,+18.269, +8.608,+0.990
1654885260,+3.17,+18.286, +8.609,+0.990
1654885320,+3.17,+18.286, +8.608,+0.990
1654885380,+3.17,+18.303, +8.603,+0.990
1654885440,+3.17,+18.320, +8.595,+0.989
1654885500,+3.17,+18.353, +8.588,+0.990
1654885560,+3.17,+18.370, +8.590,+0.990
1654885620,+3.17,+18.379, +8.586,+0.990
1654885680,+3.17,+18.412, +8.581,+0.990
1654885740,+3.17,+18.412, +8.583,+0.990
1654885800,+3.17,+18.429, +8.581,+0.990
1654885860,+3.17,+18.446, +8.579,+0.990
1654885920,+3.17,+18.463, +8.569,+0.990
1654885980,+3.17,+18.488, +8.563,+0.990
1654886040,+3.17,+18.505, +8.562,+0.990
1654886100,+3.17,+18.522, +8.556,+0.989
1654886160,+3.17,+18.530, +8.556,+0.990
1654886220,+3.17,+18.547, +8.560,+0.990
1654886280,+3.17,+18.555, +8.552,+0.990
1654886340,+3.17,+18.572, +8.546,+0.990
1654886400,+3.17,+18.589, +8.554,+0.990
1654886460,+3.17,+18.614, +8.521,+0.989
1654886520,+3.17,+18.614, +8.541,+0.990
1654886580,+3.17,+18.639, +8.536,+0.990
1654886640,+3.17,+18.648, +8.532,+0.990
1654886700,+3.17,+18.665, +8.533,+0.990
1654886760,+3.16,+18.681, +8.533,+0.990
1654886820,+3.16,+18.707, +8.521,+0.989
1654886880,+3.16,+18.732, +8.510,+0.990
1654886940,+3.16,+18.723, +8.517,+0.990
1654887000,+3.16,+18.732, +8.519,+0.990
1654887060,+3.16,+18.757, +8.510,+0.990
1654887120,+3.16,+18.766, +8.504,+0.989
1654887180,+3.16,+18.791, +8.503,+0.990
1654887240,+3.16,+18.799, +8.506,+0.990
1654887300,+3.16,+18.824, +8.487,+0.989
1654887360,+3.16,+18.824, +8.497,+0.990
1654887420,+3.16,+18.850, +8.501,+0.990
1654887480,+3.16,+18.850, +8.488,+0.989
1654887540,+3.16,+18.883, +8.482,+0.990
1654887600,+3.16,+18.892, +8.495,+0.990
1654887660,+3.16,+18.908, +8.483,+0.990
1654887720,+3.17,+18.917, +8.478,+0.989
1654887780,+3.17,+18.950, +8.467,+0.989
1654887840,+3.17,+18.959, +8.466,+0.989
1654887900,+3.17,+18.967, +8.478,+0.990
1654887960,+3.17,+18.984, +8.469,+0.990
1654888020,+3.17,+19.001, +8.469,+0.990
1654888080,+3.17,+18.992, +8.471,+0.990
1654888140,+3.17,+19.018, +8.473,+0.990
1654888200,+3.17,+19.026, +8.455,+0.989
1654888260,+3.17,+19.043, +8.455,+0.990
1654888320,+3.17,+19.068, +8.460,+0.990
1654888380,+3.17,+19.076, +8.451,+0.990
1654888440,+3.17,+19.101, +8.445,+0.990
1654888500,+3.17,+19.110, +8.433,+0.989
1654888560,+3.17,+19.127, +8.442,+0.990
1654888620,+3.17,+19.135, +8.444,+0.990
1654888680,+3.17,+19.160, +8.438,+0.990
1654888740,+3.17,+19.160, +8.433,+0.990
1654888800,+3.17,+19.177, +8.425,+0.990
1654888860,+3.17,+19.169, +8.426,+0.989
1654888920,+3.17,+19.177, +8.439,+0.990
1654888980,+3.17,+19.211, +8.423,+0.990
1654889040,+3.17,+19.219, +8.416,+0.989
1654889100,+3.17,+19.244, +8.421,+0.990
1654889160,+3.17,+19.244, +8.418,+0.990
1654889220,+3.17,+19.253, +8.415,+0.990
1654889280,+3.17,+19.286, +8.393,+0.989
1654889340,+3.17,+19.278, +8.418,+0.990
1654889400,+3.17,+19.294, +8.406,+0.989
1654889460,+3.17,+19.311, +8.403,+0.990
1654889520,+3.17,+19.328, +8.403,+0.990
1654889580,+3.17,+19.345, +8.403,+0.990
1654889640,+3.17,+19.345, +8.397,+0.990
1654889700,+3.17,+19.362, +8.400,+0.990
1654889760,+3.17,+19.378, +8.391,+0.990
1654889820,+3.17,+19.378, +8.396,+0.990
1654889880,+3.17,+19.387, +8.392,+0.990
1654889940,+3.17,+19.403, +8.392,+0.990
1654890000,+3.17,+19.429, +8.383,+0.989
1654890060,+3.17,+19.429, +8.383,+0.989
1654890120,+3.17,+19.462, +8.381,+0.990
1654890180,+3.17,+19.454, +8.383,+0.990
1654890240,+3.17,+19.471, +8.368,+0.989
1654890300,+3.17,+19.479, +8.378,+0.990
1654890360,+3.17,+19.496, +8.366,+0.989
1654890420,+3.17,+19.521, +8.371,+0.990
1654890480,+3.17,+19.512, +8.363,+0.989
1654890540,+3.17,+19.521, +8.364,+0.989
1654890600,+3.17,+19.538, +8.359,+0.989
1654890660,+3.17,+19.563, +8.356,+0.990
1654890720,+3.17,+19.563, +8.355,+0.989
1654890780,+3.17,+19.563, +8.358,+0.989
1654890840,+3.17,+19.571, +8.355,+0.989
1654890900,+3.17,+19.596, +8.355,+0.990
1654890960,+3.16,+19.605, +8.344,+0.989
1654891020,+3.16,+19.605, +8.352,+0.990
1654891080,+3.16,+19.621, +8.346,+0.990
1654891140,+3.16,+19.630, +8.340,+0.989
1654891200,+3.16,+19.655, +8.343,+0.990
1654891260,+3.16,+19.655, +8.336,+0.989
1654891320,+3.16,+19.672, +8.333,+0.989
1654891380,+3.16,+19.680, +8.328,+0.989
1654891440,+3.16,+19.688, +8.325,+0.989
1654891500,+3.16,+19.705, +8.325,+0.990
1654891560,+3.16,+19.705, +8.332,+0.990
1654891620,+3.16,+19.722, +8.320,+0.989
1654891680,+3.16,+19.747, +8.320,+0.989
1654891740,+3.16,+19.739, +8.318,+0.989
1654891800,+3.16,+19.739, +8.319,+0.989
1654891860,+3.16,+19.772, +8.313,+0.989
1654891920,+3.16,+19.772, +8.319,+0.990
1654891980,+3.16,+19.789, +8.313,+0.989
1654892040,+3.16,+19.806, +8.306,+0.990
1654892100,+3.16,+19.806, +8.310,+0.989
1654892160,+3.16,+19.806, +8.311,+0.989
1654892220,+3.16,+19.823, +8.305,+0.990
1654892280,+3.16,+19.839, +8.296,+0.989
1654892340,+3.16,+19.839, +8.307,+0.990
1654892400,+3.16,+19.864, +8.300,+0.990
1654892460,+3.16,+19.864, +8.299,+0.990
1654892520,+3.16,+19.856, +8.303,+0.990
1654892580,+3.16,+19.881, +8.295,+0.990
1654892640,+3.16,+19.898, +8.284,+0.989
1654892700,+3.16,+19.890, +8.296,+0.990
1654892760,+3.16,+19.915, +8.291,+0.990
1654892820,+3.16,+19.915, +8.285,+0.989
1654892880,+3.16,+19.931, +8.274,+0.989
1654892940,+3.16,+19.923, +8.282,+0.989
1654893000,+3.16,+19.948, +8.281,+0.990
1654893060,+3.16,+19.940, +8.284,+0.989
1654893120,+3.16,+19.957, +8.285,+0.990
1654893180,+3.16,+19.948, +8.288,+0.990
1654893240,+3.16,+19.965, +8.282,+0.990
1654893300,+3.16,+19.982, +8.273,+0.990
1654893360,+3.16,+19.982, +8.273,+0.989
1654893420,+3.16,+19.990, +8.274,+0.990
1654893480,+3.16,+20.007, +8.269,+0.989
1654893540,+3.16,+20.007, +8.261,+0.989
1654893600,+3.17,+20.015, +8.272,+0.990
