7450-695497
OS REV: 1.05 Sensor Cal: 1618510905
Time (sec),  BV (Volts),  T (deg C),  DO (mg/l),  Q ()
1703880960,+3.29,+24.861, +0.039,+0.977
1703881020,+3.29,+24.861, +0.039,+0.977
1703881080,+3.29,+24.861, +0.037,+0.977
1703881140,+3.29,+24.869, +0.035,+0.977
1703881200,+3.29,+24.869, +0.037,+0.977
1703881260,+3.29,+24.861, +0.040,+0.977
1703881320,+3.29,+24.861, +0.038,+0.977
1703881380,+3.29,+24.844, +0.039,+0.977
1703881440,+3.29,+24.869, +0.038,+0.977
1703881500,+3.29,+24.869, +0.039,+0.977
1703881560,+3.29,+24.878, +0.040,+0.977
1703881620,+3.29,+24.869, +0.038,+0.977
1703881680,+3.29,+24.869, +0.037,+0.977
1703881740,+3.29,+24.869, +0.037,+0.977
1703881800,+3.29,+24.861, +0.037,+0.977
1703881860,+3.29,+24.878, +0.038,+0.977
1703881920,+3.29,+24.878, +0.037,+0.977
1703881980,+3.29,+24.853, +0.038,+0.977
1703882040,+3.29,+24.844, +0.038,+0.977
1703882100,+3.29,+24.869, +0.037,+0.977
1703882160,+3.29,+24.861, +0.037,+0.977
1703882220,+3.29,+24.853, +0.040,+0.977
1703882280,+3.29,+24.861, +0.045,+0.977
1703882340,+3.29,+24.844, +0.046,+0.977
1703882400,+3.29,+24.853, +0.045,+0.977
1703882460,+3.29,+24.861, +0.039,+0.977
1703882520,+3.29,+24.844, +0.036,+0.977
1703882580,+3.29,+24.827, +0.034,+0.977
1703882640,+3.29,+24.861, +0.033,+0.977
1703882700,+3.29,+24.861, +0.033,+0.977
1703882760,+3.29,+24.844, +0.033,+0.977
1703882820,+3.29,+24.853, +0.033,+0.977
1703882880,+3.29,+24.853, +0.037,+0.977
1703882940,+3.29,+24.844, +0.041,+0.977
1703883000,+3.29,+24.844, +0.042,+0.977
1703883060,+3.29,+24.844, +0.040,+0.977
1703883120,+3.29,+24.844, +0.037,+0.977
1703883180,+3.29,+24.836, +0.034,+0.977
1703883240,+3.29,+24.844, +0.035,+0.977
1703883300,+3.29,+24.827, +0.035,+0.977
1703883360,+3.29,+24.836, +0.032,+0.977
1703883420,+3.29,+24.844, +0.032,+0.977
1703883480,+3.29,+24.819, +0.033,+0.977
1703883540,+3.29,+24.819, +0.033,+0.977
1703883600,+3.29,+24.819, +0.033,+0.977
1703883660,+3.29,+24.844, +0.033,+0.977
1703883720,+3.29,+24.827, +0.033,+0.977
1703883780,+3.29,+24.827, +0.034,+0.977
1703883840,+3.29,+24.836, +0.034,+0.977
1703883900,+3.29,+24.827, +0.033,+0.977
1703883960,+3.29,+24.827, +0.036,+0.977
1703884020,+3.29,+24.827, +0.037,+0.977
1703884080,+3.29,+24.827, +0.040,+0.977
1703884140,+3.29,+24.794, +0.044,+0.977
1703884200,+3.29,+24.811, +0.047,+0.977
1703884260,+3.29,+24.802, +0.044,+0.977
1703884320,+3.29,+24.794, +0.042,+0.977
1703884380,+3.29,+24.794, +0.039,+0.977
1703884440,+3.29,+24.811, +0.038,+0.977
1703884500,+3.29,+24.802, +0.035,+0.977
1703884560,+3.29,+24.802, +0.032,+0.977
1703884620,+3.29,+24.811, +0.031,+0.977
1703884680,+3.29,+24.811, +0.031,+0.977
1703884740,+3.29,+24.794, +0.031,+0.977
1703884800,+3.29,+24.785, +0.033,+0.977
1703884860,+3.29,+24.802, +0.037,+0.977
1703884920,+3.29,+24.802, +0.045,+0.977
1703884980,+3.29,+24.794, +0.051,+0.977
1703885040,+3.29,+24.794, +0.060,+0.977
1703885100,+3.29,+24.785, +0.073,+0.978
1703885160,+3.29,+24.777, +0.084,+0.978
1703885220,+3.29,+24.769, +0.094,+0.978
1703885280,+3.29,+24.794, +0.112,+0.978
1703885340,+3.29,+24.777, +0.120,+0.979
1703885400,+3.29,+24.794, +0.128,+0.979
1703885460,+3.29,+24.785, +0.143,+0.979
1703885520,+3.29,+24.777, +0.152,+0.979
1703885580,+3.29,+24.777, +0.170,+0.980
1703885640,+3.29,+24.785, +0.198,+0.980
1703885700,+3.29,+24.769, +0.233,+0.980
1703885760,+3.29,+24.760, +0.254,+0.980
1703885820,+3.29,+24.760, +0.266,+0.980
1703885880,+3.29,+24.769, +0.286,+0.980
1703885940,+3.29,+24.760, +0.311,+0.981
1703886000,+3.29,+24.760, +0.340,+0.981
1703886060,+3.29,+24.743, +0.374,+0.981
1703886120,+3.29,+24.760, +0.403,+0.982
1703886180,+3.29,+24.743, +0.440,+0.982
1703886240,+3.29,+24.743, +0.465,+0.983
1703886300,+3.29,+24.735, +0.478,+0.983
1703886360,+3.29,+24.752, +0.502,+0.983
1703886420,+3.29,+24.735, +0.536,+0.983
1703886480,+3.29,+24.743, +0.588,+0.985
1703886540,+3.29,+24.743, +0.660,+0.986
1703886600,+3.29,+24.752, +0.718,+0.988
1703886660,+3.29,+24.743, +0.758,+0.989
1703886720,+3.29,+24.735, +0.785,+0.990
1703886780,+3.29,+24.743, +0.789,+0.990
1703886840,+3.29,+24.735, +0.776,+0.991
1703886900,+3.29,+24.727, +0.767,+0.991
1703886960,+3.29,+24.727, +0.762,+0.991
1703887020,+3.29,+24.718, +0.753,+0.991
1703887080,+3.29,+24.710, +0.751,+0.991
1703887140,+3.29,+24.718, +0.732,+0.991
1703887200,+3.29,+24.693, +0.720,+0.991
1703887260,+3.29,+24.693, +0.725,+0.991
1703887320,+3.29,+24.701, +0.739,+0.992
1703887380,+3.29,+24.693, +0.745,+0.992
1703887440,+3.29,+24.693, +0.755,+0.992
1703887500,+3.29,+24.685, +0.755,+0.992
1703887560,+3.29,+24.685, +0.739,+0.992
1703887620,+3.29,+24.685, +0.716,+0.992
1703887680,+3.29,+24.668, +0.708,+0.991
1703887740,+3.29,+24.676, +0.704,+0.991
1703887800,+3.29,+24.668, +0.703,+0.991
1703887860,+3.29,+24.659, +0.684,+0.991
1703887920,+3.29,+24.659, +0.645,+0.990
1703887980,+3.29,+24.643, +0.596,+0.989
1703888040,+3.29,+24.651, +0.541,+0.987
1703888100,+3.29,+24.668, +0.488,+0.986
1703888160,+3.29,+24.643, +0.445,+0.985
1703888220,+3.29,+24.643, +0.402,+0.985
1703888280,+3.29,+24.643, +0.355,+0.984
1703888340,+3.29,+24.634, +0.305,+0.983
1703888400,+3.29,+24.626, +0.259,+0.982
1703888460,+3.29,+24.617, +0.234,+0.981
1703888520,+3.29,+24.617, +0.230,+0.981
1703888580,+3.29,+24.617, +0.228,+0.981
1703888640,+3.29,+24.617, +0.227,+0.981
1703888700,+3.29,+24.609, +0.232,+0.981
1703888760,+3.29,+24.609, +0.237,+0.981
1703888820,+3.29,+24.592, +0.256,+0.982
1703888880,+3.29,+24.592, +0.280,+0.982
1703888940,+3.29,+24.601, +0.301,+0.983
1703889000,+3.29,+24.575, +0.336,+0.984
1703889060,+3.29,+24.584, +0.368,+0.984
1703889120,+3.29,+24.567, +0.383,+0.985
1703889180,+3.29,+24.559, +0.392,+0.985
1703889240,+3.29,+24.559, +0.401,+0.986
1703889300,+3.29,+24.567, +0.396,+0.986
1703889360,+3.29,+24.542, +0.386,+0.986
1703889420,+3.29,+24.542, +0.375,+0.986
1703889480,+3.29,+24.542, +0.362,+0.985
1703889540,+3.29,+24.534, +0.347,+0.985
1703889600,+3.29,+24.542, +0.336,+0.985
1703889660,+3.29,+24.525, +0.323,+0.984
1703889720,+3.29,+24.500, +0.318,+0.984
1703889780,+3.29,+24.500, +0.324,+0.985
1703889840,+3.29,+24.500, +0.317,+0.984
1703889900,+3.29,+24.483, +0.303,+0.984
1703889960,+3.29,+24.475, +0.289,+0.983
1703890020,+3.29,+24.483, +0.272,+0.983
1703890080,+3.29,+24.466, +0.257,+0.983
1703890140,+3.29,+24.475, +0.242,+0.982
1703890200,+3.29,+24.475, +0.231,+0.982
1703890260,+3.29,+24.450, +0.225,+0.981
1703890320,+3.29,+24.450, +0.224,+0.982
1703890380,+3.29,+24.450, +0.214,+0.981
1703890440,+3.29,+24.441, +0.200,+0.981
1703890500,+3.29,+24.450, +0.187,+0.981
1703890560,+3.29,+24.450, +0.173,+0.980
1703890620,+3.29,+24.433, +0.161,+0.980
1703890680,+3.29,+24.441, +0.147,+0.980
1703890740,+3.29,+24.433, +0.139,+0.980
1703890800,+3.29,+24.424, +0.141,+0.979
1703890860,+3.29,+24.424, +0.145,+0.979
1703890920,+3.29,+24.408, +0.162,+0.980
1703890980,+3.29,+24.416, +0.178,+0.980
1703891040,+3.29,+24.416, +0.190,+0.981
1703891100,+3.29,+24.416, +0.215,+0.982
1703891160,+3.29,+24.408, +0.247,+0.982
1703891220,+3.29,+24.408, +0.282,+0.983
1703891280,+3.29,+24.408, +0.314,+0.984
1703891340,+3.29,+24.408, +0.341,+0.985
1703891400,+3.29,+24.391, +0.368,+0.985
1703891460,+3.29,+24.391, +0.404,+0.986
1703891520,+3.29,+24.391, +0.439,+0.987
1703891580,+3.29,+24.399, +0.463,+0.988
1703891640,+3.29,+24.366, +0.480,+0.988
1703891700,+3.29,+24.366, +0.494,+0.988
1703891760,+3.29,+24.374, +0.506,+0.988
1703891820,+3.29,+24.374, +0.518,+0.988
1703891880,+3.29,+24.366, +0.532,+0.989
1703891940,+3.29,+24.357, +0.543,+0.989
1703892000,+3.29,+24.349, +0.548,+0.989
1703892060,+3.29,+24.341, +0.546,+0.989
1703892120,+3.29,+24.341, +0.543,+0.989
1703892180,+3.29,+24.357, +0.548,+0.989
1703892240,+3.29,+24.332, +0.553,+0.989
1703892300,+3.29,+24.349, +0.548,+0.989
1703892360,+3.29,+24.332, +0.543,+0.989
1703892420,+3.28,+24.315, +0.539,+0.988
1703892480,+3.29,+24.315, +0.550,+0.989
1703892540,+3.29,+24.324, +0.561,+0.989
1703892600,+3.28,+24.315, +0.572,+0.989
1703892660,+3.28,+24.307, +0.581,+0.989
1703892720,+3.28,+24.307, +0.591,+0.989
1703892780,+3.28,+24.290, +0.599,+0.989
1703892840,+3.29,+24.315, +0.599,+0.989
1703892900,+3.28,+24.290, +0.597,+0.989
1703892960,+3.28,+24.290, +0.600,+0.989
1703893020,+3.28,+24.299, +0.598,+0.989
1703893080,+3.28,+24.290, +0.599,+0.989
1703893140,+3.28,+24.290, +0.595,+0.989
1703893200,+3.28,+24.273, +0.587,+0.989
1703893260,+3.28,+24.282, +0.576,+0.989
1703893320,+3.28,+24.257, +0.570,+0.989
1703893380,+3.28,+24.265, +0.575,+0.989
1703893440,+3.28,+24.257, +0.589,+0.989
1703893500,+3.28,+24.248, +0.591,+0.989
1703893560,+3.28,+24.257, +0.579,+0.989
1703893620,+3.28,+24.248, +0.571,+0.989
1703893680,+3.28,+24.257, +0.569,+0.989
1703893740,+3.28,+24.257, +0.573,+0.989
1703893800,+3.28,+24.240, +0.578,+0.990
1703893860,+3.28,+24.248, +0.584,+0.990
1703893920,+3.28,+24.240, +0.591,+0.990
1703893980,+3.28,+24.231, +0.597,+0.990
1703894040,+3.28,+24.223, +0.597,+0.990
1703894100,+3.28,+24.231, +0.592,+0.990
1703894160,+3.28,+24.223, +0.588,+0.990
1703894220,+3.28,+24.215, +0.590,+0.990
1703894280,+3.28,+24.223, +0.583,+0.990
1703894340,+3.28,+24.223, +0.586,+0.990
1703894400,+3.28,+24.206, +0.577,+0.989
1703894460,+3.28,+24.198, +0.579,+0.990
1703894520,+3.28,+24.198, +0.579,+0.990
1703894580,+3.28,+24.206, +0.571,+0.990
1703894640,+3.28,+24.206, +0.557,+0.989
1703894700,+3.28,+24.190, +0.541,+0.989
1703894760,+3.28,+24.206, +0.524,+0.989
1703894820,+3.28,+24.190, +0.516,+0.988
1703894880,+3.28,+24.181, +0.502,+0.988
1703894940,+3.28,+24.173, +0.489,+0.988
1703895000,+3.28,+24.173, +0.477,+0.988
1703895060,+3.28,+24.181, +0.462,+0.987
1703895120,+3.28,+24.164, +0.448,+0.987
1703895180,+3.28,+24.173, +0.440,+0.987
1703895240,+3.28,+24.164, +0.441,+0.987
1703895300,+3.28,+24.156, +0.452,+0.987
1703895360,+3.28,+24.156, +0.448,+0.987
1703895420,+3.28,+24.164, +0.434,+0.987
1703895480,+3.28,+24.156, +0.419,+0.987
1703895540,+3.28,+24.164, +0.427,+0.987
1703895600,+3.28,+24.139, +0.446,+0.987
1703895660,+3.28,+24.139, +0.445,+0.987
1703895720,+3.28,+24.139, +0.442,+0.987
1703895780,+3.28,+24.148, +0.436,+0.987
1703895840,+3.28,+24.139, +0.432,+0.987
1703895900,+3.28,+24.148, +0.434,+0.987
1703895960,+3.28,+24.139, +0.443,+0.987
1703896020,+3.28,+24.139, +0.446,+0.987
1703896080,+3.28,+24.122, +0.448,+0.987
1703896140,+3.28,+24.114, +0.449,+0.987
1703896200,+3.28,+24.131, +0.445,+0.987
1703896260,+3.28,+24.114, +0.442,+0.987
1703896320,+3.28,+24.106, +0.440,+0.987
1703896380,+3.28,+24.114, +0.438,+0.987
1703896440,+3.28,+24.097, +0.435,+0.987
1703896500,+3.28,+24.106, +0.430,+0.987
1703896560,+3.28,+24.097, +0.427,+0.987
1703896620,+3.28,+24.114, +0.423,+0.987
1703896680,+3.28,+24.081, +0.428,+0.987
1703896740,+3.28,+24.106, +0.438,+0.987
1703896800,+3.28,+24.089, +0.452,+0.987
1703896860,+3.28,+24.081, +0.458,+0.987
1703896920,+3.28,+24.089, +0.461,+0.987
1703896980,+3.28,+24.081, +0.463,+0.987
1703897040,+3.28,+24.089, +0.468,+0.988
1703897100,+3.28,+24.072, +0.472,+0.987
1703897160,+3.28,+24.081, +0.479,+0.988
1703897220,+3.28,+24.081, +0.485,+0.988
1703897280,+3.28,+24.072, +0.481,+0.988
1703897340,+3.28,+24.064, +0.472,+0.988
1703897400,+3.28,+24.064, +0.468,+0.987
1703897460,+3.28,+24.072, +0.477,+0.988
1703897520,+3.28,+24.064, +0.489,+0.988
1703897580,+3.28,+24.064, +0.507,+0.988
1703897640,+3.28,+24.047, +0.532,+0.989
1703897700,+3.28,+24.055, +0.555,+0.989
1703897760,+3.28,+24.039, +0.573,+0.989
1703897820,+3.28,+24.030, +0.583,+0.989
1703897880,+3.28,+24.047, +0.584,+0.989
1703897940,+3.28,+24.047, +0.582,+0.989
1703898000,+3.28,+24.039, +0.581,+0.989
1703898060,+3.28,+24.030, +0.574,+0.989
1703898120,+3.28,+24.030, +0.564,+0.989
1703898180,+3.28,+24.022, +0.555,+0.989
1703898240,+3.28,+24.022, +0.552,+0.989
1703898300,+3.28,+24.013, +0.559,+0.989
1703898360,+3.28,+24.005, +0.573,+0.989
1703898420,+3.28,+24.005, +0.586,+0.989
1703898480,+3.28,+24.022, +0.581,+0.989
1703898540,+3.28,+24.005, +0.582,+0.989
1703898600,+3.28,+24.013, +0.590,+0.990
1703898660,+3.28,+24.005, +0.604,+0.990
1703898720,+3.28,+23.988, +0.622,+0.990
1703898780,+3.28,+23.988, +0.640,+0.991
1703898840,+3.28,+23.988, +0.655,+0.991
1703898900,+3.28,+23.988, +0.665,+0.991
1703898960,+3.28,+23.980, +0.669,+0.991
1703899020,+3.28,+23.997, +0.670,+0.991
1703899080,+3.28,+23.972, +0.677,+0.991
1703899140,+3.28,+23.980, +0.683,+0.991
1703899200,+3.28,+23.980, +0.688,+0.991
1703899260,+3.28,+23.972, +0.691,+0.991
1703899320,+3.28,+23.972, +0.683,+0.991
1703899380,+3.28,+23.946, +0.685,+0.991
1703899440,+3.28,+23.955, +0.690,+0.991
1703899500,+3.28,+23.963, +0.691,+0.991
1703899560,+3.28,+23.955, +0.703,+0.991
1703899620,+3.28,+23.955, +0.716,+0.992
1703899680,+3.28,+23.938, +0.815,+0.993
1703899740,+3.28,+23.946, +0.860,+0.994
1703899800,+3.28,+23.946, +0.855,+0.994
1703899860,+3.28,+23.938, +0.831,+0.993
1703899920,+3.28,+23.946, +0.802,+0.993
1703899980,+3.28,+23.938, +0.791,+0.993
1703900040,+3.28,+23.921, +0.789,+0.993
1703900100,+3.28,+23.921, +0.787,+0.993
1703900160,+3.28,+23.921, +0.783,+0.993
1703900220,+3.28,+23.938, +0.768,+0.992
1703900280,+3.28,+23.913, +0.755,+0.992
1703900340,+3.28,+23.896, +0.738,+0.992
1703900400,+3.28,+23.921, +0.718,+0.992
1703900460,+3.28,+23.896, +0.697,+0.991
1703900520,+3.28,+23.904, +0.682,+0.991
1703900580,+3.28,+23.913, +0.671,+0.991
1703900640,+3.28,+23.904, +0.656,+0.991
1703900700,+3.28,+23.896, +0.643,+0.990
1703900760,+3.28,+23.904, +0.634,+0.990
1703900820,+3.28,+23.888, +0.630,+0.990
1703900880,+3.28,+23.896, +0.624,+0.990
1703900940,+3.28,+23.888, +0.618,+0.990
1703901000,+3.28,+23.879, +0.608,+0.990
1703901060,+3.28,+23.879, +0.596,+0.990
1703901120,+3.28,+23.879, +0.590,+0.990
1703901180,+3.28,+23.879, +0.589,+0.990
1703901240,+3.28,+23.871, +0.592,+0.990
1703901300,+3.28,+23.863, +0.590,+0.990
1703901360,+3.28,+23.879, +0.581,+0.989
1703901420,+3.28,+23.879, +0.576,+0.989
1703901480,+3.28,+23.871, +0.574,+0.989
1703901540,+3.28,+23.854, +0.572,+0.989
1703901600,+3.28,+23.863, +0.561,+0.989
1703901660,+3.28,+23.863, +0.549,+0.989
1703901720,+3.28,+23.863, +0.541,+0.989
1703901780,+3.28,+23.854, +0.535,+0.989
1703901840,+3.28,+23.846, +0.530,+0.989
1703901900,+3.28,+23.837, +0.523,+0.989
1703901960,+3.28,+23.863, +0.520,+0.989
1703902020,+3.28,+23.846, +0.521,+0.988
1703902080,+3.28,+23.837, +0.524,+0.989
1703902140,+3.28,+23.846, +0.529,+0.989
1703902200,+3.28,+23.846, +0.536,+0.989
1703902260,+3.28,+23.837, +0.545,+0.989
1703902320,+3.29,+23.829, +0.552,+0.989
1703902380,+3.28,+23.837, +0.556,+0.989
1703902440,+3.28,+23.821, +0.561,+0.989
1703902500,+3.29,+23.821, +0.565,+0.989
1703902560,+3.28,+23.829, +0.564,+0.989
1703902620,+3.28,+23.812, +0.558,+0.989
1703902680,+3.28,+23.829, +0.551,+0.989
1703902740,+3.29,+23.829, +0.544,+0.989
1703902800,+3.29,+23.821, +0.544,+0.989
1703902860,+3.29,+23.821, +0.544,+0.989
1703902920,+3.28,+23.812, +0.547,+0.989
1703902980,+3.29,+23.804, +0.551,+0.989
1703903040,+3.29,+23.804, +0.552,+0.989
1703903100,+3.29,+23.804, +0.548,+0.989
1703903160,+3.29,+23.796, +0.545,+0.989
1703903220,+3.29,+23.804, +0.543,+0.989
1703903280,+3.29,+23.796, +0.543,+0.989
1703903340,+3.29,+23.796, +0.539,+0.989
1703903400,+3.29,+23.787, +0.536,+0.989
1703903460,+3.29,+23.779, +0.538,+0.989
1703903520,+3.29,+23.787, +0.545,+0.989
1703903580,+3.29,+23.779, +0.561,+0.989
1703903640,+3.29,+23.779, +0.566,+0.989
1703903700,+3.29,+23.787, +0.568,+0.989
1703903760,+3.29,+23.779, +0.571,+0.989
1703903820,+3.29,+23.796, +0.571,+0.989
1703903880,+3.29,+23.796, +0.570,+0.989
1703903940,+3.29,+23.787, +0.566,+0.989
1703904000,+3.29,+23.762, +0.564,+0.989
1703904060,+3.29,+23.770, +0.563,+0.989
1703904120,+3.29,+23.779, +0.562,+0.989
1703904180,+3.29,+23.770, +0.559,+0.989
1703904240,+3.29,+23.770, +0.555,+0.989
1703904300,+3.29,+23.754, +0.557,+0.989
1703904360,+3.29,+23.762, +0.562,+0.989
1703904420,+3.29,+23.779, +0.565,+0.990
1703904480,+3.29,+23.770, +0.561,+0.989
1703904540,+3.29,+23.762, +0.553,+0.989
1703904600,+3.29,+23.762, +0.546,+0.989
1703904660,+3.28,+23.762, +0.539,+0.989
1703904720,+3.29,+23.770, +0.530,+0.989
1703904780,+3.29,+23.745, +0.521,+0.989
1703904840,+3.29,+23.754, +0.513,+0.989
1703904900,+3.29,+23.745, +0.509,+0.988
1703904960,+3.29,+23.745, +0.512,+0.989
1703905020,+3.29,+23.720, +0.505,+0.988
1703905080,+3.29,+23.745, +0.486,+0.988
1703905140,+3.29,+23.737, +0.476,+0.988
1703905200,+3.29,+23.737, +0.473,+0.988
1703905260,+3.29,+23.729, +0.466,+0.987
1703905320,+3.29,+23.729, +0.462,+0.987
1703905380,+3.29,+23.729, +0.459,+0.987
1703905440,+3.29,+23.729, +0.452,+0.987
1703905500,+3.29,+23.729, +0.448,+0.987
1703905560,+3.29,+23.729, +0.447,+0.987
1703905620,+3.29,+23.729, +0.450,+0.988
1703905680,+3.29,+23.703, +0.461,+0.988
1703905740,+3.29,+23.737, +0.480,+0.988
1703905800,+3.29,+23.720, +0.508,+0.989
1703905860,+3.29,+23.712, +0.537,+0.989
1703905920,+3.29,+23.729, +0.560,+0.989
1703905980,+3.29,+23.729, +0.577,+0.990
1703906040,+3.29,+23.720, +0.588,+0.990
1703906100,+3.29,+23.720, +0.598,+0.990
1703906160,+3.29,+23.712, +0.607,+0.990
1703906220,+3.29,+23.703, +0.611,+0.990
1703906280,+3.29,+23.695, +0.619,+0.990
1703906340,+3.29,+23.703, +0.630,+0.991
1703906400,+3.29,+23.695, +0.633,+0.991
1703906460,+3.29,+23.712, +0.629,+0.990
1703906520,+3.29,+23.695, +0.624,+0.990
1703906580,+3.29,+23.695, +0.615,+0.990
1703906640,+3.29,+23.695, +0.605,+0.990
1703906700,+3.29,+23.687, +0.591,+0.990
1703906760,+3.29,+23.695, +0.581,+0.990
1703906820,+3.29,+23.695, +0.572,+0.989
1703906880,+3.29,+23.695, +0.563,+0.989
1703906940,+3.29,+23.687, +0.553,+0.989
1703907000,+3.29,+23.687, +0.544,+0.989
1703907060,+3.29,+23.670, +0.535,+0.989
1703907120,+3.29,+23.670, +0.537,+0.989
1703907180,+3.29,+23.670, +0.543,+0.989
1703907240,+3.29,+23.687, +0.550,+0.989
1703907300,+3.29,+23.662, +0.555,+0.989
1703907360,+3.29,+23.678, +0.553,+0.989
1703907420,+3.29,+23.645, +0.551,+0.989
1703907480,+3.29,+23.662, +0.560,+0.989
1703907540,+3.29,+23.645, +0.569,+0.990
1703907600,+3.29,+23.645, +0.584,+0.990
1703907660,+3.29,+23.653, +0.597,+0.990
1703907720,+3.29,+23.662, +0.604,+0.990
1703907780,+3.29,+23.645, +0.601,+0.990
1703907840,+3.29,+23.653, +0.573,+0.989
1703907900,+3.29,+23.653, +0.540,+0.989
1703907960,+3.29,+23.653, +0.514,+0.988
1703908020,+3.29,+23.645, +0.496,+0.988
1703908080,+3.29,+23.653, +0.483,+0.988
1703908140,+3.29,+23.628, +0.478,+0.988
1703908200,+3.29,+23.636, +0.479,+0.988
1703908260,+3.29,+23.611, +0.480,+0.988
1703908320,+3.29,+23.645, +0.472,+0.988
1703908380,+3.29,+23.628, +0.461,+0.988
1703908440,+3.29,+23.645, +0.439,+0.987
1703908500,+3.29,+23.636, +0.424,+0.987
1703908560,+3.29,+23.628, +0.423,+0.987
1703908620,+3.29,+23.628, +0.432,+0.987
1703908680,+3.29,+23.620, +0.437,+0.987
1703908740,+3.29,+23.628, +0.432,+0.987
1703908800,+3.29,+23.620, +0.420,+0.987
1703908860,+3.29,+23.603, +0.404,+0.986
1703908920,+3.29,+23.611, +0.393,+0.986
1703908980,+3.29,+23.603, +0.385,+0.986
1703909040,+3.29,+23.611, +0.385,+0.986
1703909100,+3.29,+23.628, +0.386,+0.986
1703909160,+3.29,+23.620, +0.385,+0.986
1703909220,+3.29,+23.628, +0.382,+0.986
1703909280,+3.29,+23.620, +0.384,+0.986
1703909340,+3.29,+23.603, +0.388,+0.986
1703909400,+3.29,+23.611, +0.387,+0.986
1703909460,+3.29,+23.603, +0.382,+0.986
1703909520,+3.29,+23.595, +0.378,+0.986
1703909580,+3.29,+23.595, +0.377,+0.986
1703909640,+3.29,+23.595, +0.371,+0.986
1703909700,+3.29,+23.586, +0.370,+0.986
1703909760,+3.29,+23.595, +0.365,+0.986
1703909820,+3.29,+23.569, +0.365,+0.986
1703909880,+3.29,+23.586, +0.367,+0.986
1703909940,+3.29,+23.586, +0.365,+0.986
1703910000,+3.29,+23.595, +0.361,+0.986
1703910060,+3.29,+23.586, +0.350,+0.986
1703910120,+3.29,+23.586, +0.341,+0.985
1703910180,+3.29,+23.586, +0.341,+0.985
1703910240,+3.29,+23.578, +0.350,+0.986
1703910300,+3.29,+23.561, +0.366,+0.986
1703910360,+3.29,+23.569, +0.377,+0.986
1703910420,+3.29,+23.561, +0.386,+0.986
1703910480,+3.29,+23.561, +0.389,+0.986
1703910540,+3.29,+23.569, +0.389,+0.986
1703910600,+3.29,+23.569, +0.382,+0.986
1703910660,+3.29,+23.544, +0.380,+0.986
1703910720,+3.29,+23.561, +0.378,+0.986
1703910780,+3.29,+23.553, +0.373,+0.986
1703910840,+3.29,+23.553, +0.362,+0.986
1703910900,+3.29,+23.561, +0.348,+0.986
1703910960,+3.29,+23.553, +0.333,+0.985
1703911020,+3.29,+23.553, +0.320,+0.985
1703911080,+3.29,+23.544, +0.314,+0.985
1703911140,+3.29,+23.544, +0.317,+0.985
1703911200,+3.29,+23.544, +0.330,+0.985
1703911260,+3.29,+23.536, +0.350,+0.985
1703911320,+3.29,+23.536, +0.353,+0.985
1703911380,+3.29,+23.536, +0.336,+0.985
1703911440,+3.29,+23.544, +0.321,+0.985
1703911500,+3.29,+23.528, +0.309,+0.984
1703911560,+3.29,+23.536, +0.303,+0.984
1703911620,+3.29,+23.528, +0.304,+0.984
1703911680,+3.29,+23.528, +0.313,+0.984
1703911740,+3.29,+23.519, +0.309,+0.984
1703911800,+3.29,+23.519, +0.297,+0.984
1703911860,+3.29,+23.519, +0.289,+0.984
1703911920,+3.29,+23.519, +0.287,+0.984
1703911980,+3.29,+23.519, +0.286,+0.984
1703912040,+3.29,+23.502, +0.285,+0.984
1703912100,+3.29,+23.502, +0.280,+0.984
1703912160,+3.29,+23.511, +0.280,+0.984
1703912220,+3.29,+23.511, +0.283,+0.984
1703912280,+3.29,+23.486, +0.286,+0.984
1703912340,+3.29,+23.502, +0.291,+0.984
1703912400,+3.29,+23.502, +0.297,+0.984
1703912460,+3.29,+23.494, +0.298,+0.984
1703912520,+3.29,+23.494, +0.298,+0.984
1703912580,+3.29,+23.502, +0.297,+0.984
1703912640,+3.29,+23.494, +0.292,+0.984
1703912700,+3.29,+23.494, +0.282,+0.984
1703912760,+3.29,+23.486, +0.275,+0.984
1703912820,+3.29,+23.502, +0.267,+0.984
1703912880,+3.29,+23.486, +0.258,+0.984
1703912940,+3.29,+23.486, +0.254,+0.983
1703913000,+3.29,+23.486, +0.255,+0.983
1703913060,+3.29,+23.486, +0.250,+0.983
1703913120,+3.29,+23.469, +0.239,+0.983
1703913180,+3.29,+23.486, +0.239,+0.983
1703913240,+3.29,+23.461, +0.246,+0.983
1703913300,+3.29,+23.469, +0.257,+0.983
1703913360,+3.29,+23.477, +0.263,+0.983
1703913420,+3.29,+23.477, +0.267,+0.983
1703913480,+3.29,+23.477, +0.262,+0.983
1703913540,+3.29,+23.477, +0.253,+0.983
1703913600,+3.29,+23.469, +0.246,+0.983
1703913660,+3.29,+23.477, +0.237,+0.983
1703913720,+3.29,+23.469, +0.227,+0.982
1703913780,+3.29,+23.461, +0.218,+0.982
1703913840,+3.29,+23.469, +0.208,+0.982
1703913900,+3.29,+23.477, +0.199,+0.982
1703913960,+3.29,+23.461, +0.189,+0.982
1703914020,+3.29,+23.452, +0.180,+0.981
1703914080,+3.29,+23.461, +0.169,+0.981
1703914140,+3.29,+23.461, +0.160,+0.981
1703914200,+3.29,+23.461, +0.151,+0.980
1703914260,+3.29,+23.444, +0.144,+0.980
1703914320,+3.29,+23.452, +0.145,+0.980
1703914380,+3.29,+23.444, +0.156,+0.981
1703914440,+3.29,+23.444, +0.168,+0.981
1703914500,+3.29,+23.427, +0.179,+0.981
1703914560,+3.29,+23.452, +0.193,+0.982
1703914620,+3.29,+23.435, +0.206,+0.982
1703914680,+3.29,+23.444, +0.219,+0.982
1703914740,+3.29,+23.427, +0.232,+0.983
1703914800,+3.29,+23.435, +0.242,+0.983
1703914860,+3.29,+23.419, +0.242,+0.983
1703914920,+3.29,+23.435, +0.236,+0.983
1703914980,+3.29,+23.410, +0.233,+0.983
1703915040,+3.29,+23.427, +0.225,+0.982
1703915100,+3.29,+23.435, +0.220,+0.982
1703915160,+3.29,+23.419, +0.221,+0.982
1703915220,+3.29,+23.427, +0.218,+0.982
1703915280,+3.29,+23.427, +0.212,+0.982
1703915340,+3.29,+23.410, +0.210,+0.982
1703915400,+3.29,+23.419, +0.204,+0.982
1703915460,+3.29,+23.402, +0.202,+0.982
1703915520,+3.29,+23.410, +0.205,+0.982
1703915580,+3.29,+23.394, +0.207,+0.982
1703915640,+3.29,+23.410, +0.196,+0.982
1703915700,+3.29,+23.410, +0.172,+0.981
1703915760,+3.29,+23.410, +0.149,+0.980
1703915820,+3.29,+23.394, +0.137,+0.980
1703915880,+3.29,+23.394, +0.131,+0.980
1703915940,+3.29,+23.410, +0.123,+0.980
1703916000,+3.29,+23.394, +0.115,+0.979
1703916060,+3.29,+23.394, +0.110,+0.979
1703916120,+3.29,+23.385, +0.108,+0.979
1703916180,+3.29,+23.377, +0.109,+0.979
1703916240,+3.29,+23.394, +0.112,+0.979
1703916300,+3.29,+23.360, +0.115,+0.979
1703916360,+3.29,+23.377, +0.118,+0.980
1703916420,+3.29,+23.368, +0.119,+0.980
1703916480,+3.29,+23.377, +0.121,+0.980
1703916540,+3.29,+23.377, +0.120,+0.980
1703916600,+3.29,+23.368, +0.120,+0.980
1703916660,+3.29,+23.368, +0.120,+0.979
1703916720,+3.29,+23.360, +0.114,+0.980
1703916780,+3.29,+23.360, +0.116,+0.980
1703916840,+3.29,+23.368, +0.120,+0.980
1703916900,+3.29,+23.352, +0.124,+0.980
1703916960,+3.29,+23.360, +0.135,+0.980
1703917020,+3.29,+23.343, +0.150,+0.981
1703917080,+3.29,+23.368, +0.159,+0.981
1703917140,+3.29,+23.352, +0.170,+0.981
1703917200,+3.29,+23.360, +0.187,+0.982
1703917260,+3.29,+23.352, +0.207,+0.982
1703917320,+3.29,+23.343, +0.218,+0.982
1703917380,+3.29,+23.352, +0.223,+0.982
1703917440,+3.29,+23.335, +0.228,+0.983
1703917500,+3.29,+23.327, +0.237,+0.983
1703917560,+3.29,+23.327, +0.241,+0.983
1703917620,+3.29,+23.327, +0.248,+0.983
1703917680,+3.29,+23.335, +0.258,+0.983
1703917740,+3.29,+23.327, +0.270,+0.984
1703917800,+3.29,+23.327, +0.276,+0.984
1703917860,+3.29,+23.318, +0.274,+0.984
1703917920,+3.29,+23.318, +0.274,+0.984
1703917980,+3.29,+23.302, +0.268,+0.984
1703918040,+3.29,+23.318, +0.255,+0.983
1703918100,+3.29,+23.310, +0.238,+0.983
1703918160,+3.29,+23.302, +0.225,+0.983
1703918220,+3.29,+23.310, +0.219,+0.982
1703918280,+3.29,+23.293, +0.220,+0.982
1703918340,+3.29,+23.293, +0.219,+0.982
1703918400,+3.29,+23.293, +0.228,+0.982
1703918460,+3.29,+23.310, +0.237,+0.983
1703918520,+3.29,+23.285, +0.243,+0.983
1703918580,+3.29,+23.293, +0.247,+0.983
1703918640,+3.29,+23.285, +0.244,+0.983
1703918700,+3.29,+23.302, +0.244,+0.983
1703918760,+3.29,+23.285, +0.239,+0.983
1703918820,+3.29,+23.285, +0.231,+0.982
1703918880,+3.29,+23.293, +0.225,+0.982
1703918940,+3.29,+23.276, +0.217,+0.982
1703919000,+3.29,+23.285, +0.207,+0.982
1703919060,+3.29,+23.293, +0.199,+0.982
1703919120,+3.29,+23.293, +0.190,+0.981
1703919180,+3.29,+23.276, +0.184,+0.981
1703919240,+3.29,+23.285, +0.187,+0.981
1703919300,+3.29,+23.276, +0.189,+0.981
1703919360,+3.29,+23.268, +0.197,+0.982
1703919420,+3.29,+23.276, +0.204,+0.982
1703919480,+3.29,+23.268, +0.216,+0.982
1703919540,+3.29,+23.251, +0.218,+0.982
1703919600,+3.29,+23.251, +0.222,+0.982
1703919660,+3.28,+23.243, +0.226,+0.982
1703919720,+3.29,+23.243, +0.239,+0.983
1703919780,+3.28,+23.251, +0.245,+0.983
1703919840,+3.28,+23.260, +0.245,+0.983
1703919900,+3.29,+23.251, +0.232,+0.982
1703919960,+3.28,+23.243, +0.210,+0.982
1703920020,+3.28,+23.235, +0.198,+0.982
1703920080,+3.29,+23.235, +0.191,+0.981
1703920140,+3.28,+23.226, +0.185,+0.981
1703920200,+3.28,+23.243, +0.187,+0.981
1703920260,+3.29,+23.243, +0.188,+0.981
1703920320,+3.28,+23.235, +0.188,+0.981
1703920380,+3.28,+23.218, +0.182,+0.981
1703920440,+3.28,+23.226, +0.183,+0.981
1703920500,+3.28,+23.235, +0.183,+0.981
1703920560,+3.28,+23.218, +0.172,+0.981
1703920620,+3.29,+23.226, +0.157,+0.981
1703920680,+3.29,+23.235, +0.151,+0.981
1703920740,+3.29,+23.226, +0.148,+0.980
1703920800,+3.28,+23.218, +0.145,+0.980
1703920860,+3.28,+23.226, +0.140,+0.980
1703920920,+3.28,+23.226, +0.137,+0.980
1703920980,+3.28,+23.209, +0.129,+0.980
1703921040,+3.28,+23.209, +0.127,+0.980
1703921100,+3.28,+23.201, +0.124,+0.980
1703921160,+3.28,+23.209, +0.118,+0.980
1703921220,+3.28,+23.201, +0.109,+0.979
1703921280,+3.28,+23.209, +0.118,+0.980
1703921340,+3.28,+23.184, +0.133,+0.980
1703921400,+3.28,+23.209, +0.145,+0.980
1703921460,+3.28,+23.184, +0.147,+0.980
1703921520,+3.28,+23.201, +0.149,+0.981
1703921580,+3.28,+23.184, +0.148,+0.980
1703921640,+3.28,+23.201, +0.144,+0.980
1703921700,+3.28,+23.184, +0.136,+0.980
1703921760,+3.28,+23.201, +0.132,+0.980
1703921820,+3.28,+23.176, +0.134,+0.980
1703921880,+3.28,+23.176, +0.132,+0.980
1703921940,+3.28,+23.176, +0.126,+0.980
1703922000,+3.28,+23.176, +0.128,+0.980
1703922060,+3.28,+23.176, +0.132,+0.980
1703922120,+3.28,+23.151, +0.135,+0.980
1703922180,+3.28,+23.168, +0.137,+0.980
1703922240,+3.28,+23.176, +0.149,+0.980
1703922300,+3.28,+23.168, +0.161,+0.981
1703922360,+3.28,+23.159, +0.164,+0.981
1703922420,+3.28,+23.159, +0.168,+0.981
1703922480,+3.28,+23.151, +0.165,+0.981
1703922540,+3.28,+23.151, +0.172,+0.981
1703922600,+3.28,+23.143, +0.177,+0.981
1703922660,+3.28,+23.151, +0.178,+0.981
1703922720,+3.28,+23.151, +0.172,+0.981
1703922780,+3.28,+23.159, +0.171,+0.981
1703922840,+3.28,+23.151, +0.171,+0.981
1703922900,+3.28,+23.151, +0.167,+0.981
1703922960,+3.28,+23.151, +0.159,+0.981
1703923020,+3.28,+23.134, +0.146,+0.980
1703923080,+3.28,+23.143, +0.126,+0.980
1703923140,+3.28,+23.134, +0.115,+0.979
1703923200,+3.28,+23.134, +0.116,+0.979
1703923260,+3.28,+23.143, +0.111,+0.979
1703923320,+3.28,+23.134, +0.104,+0.979
1703923380,+3.28,+23.159, +0.095,+0.979
1703923440,+3.28,+23.126, +0.090,+0.979
1703923500,+3.28,+23.126, +0.087,+0.979
1703923560,+3.28,+23.134, +0.086,+0.979
1703923620,+3.28,+23.134, +0.090,+0.979
1703923680,+3.28,+23.117, +0.092,+0.979
1703923740,+3.28,+23.126, +0.089,+0.979
1703923800,+3.28,+23.126, +0.091,+0.979
1703923860,+3.28,+23.109, +0.095,+0.979
1703923920,+3.28,+23.109, +0.094,+0.979
1703923980,+3.28,+23.117, +0.092,+0.979
1703924040,+3.28,+23.101, +0.083,+0.978
1703924100,+3.28,+23.109, +0.077,+0.978
1703924160,+3.28,+23.117, +0.077,+0.978
1703924220,+3.28,+23.109, +0.087,+0.979
1703924280,+3.28,+23.101, +0.097,+0.979
1703924340,+3.28,+23.101, +0.101,+0.979
1703924400,+3.28,+23.092, +0.102,+0.979
1703924460,+3.28,+23.101, +0.096,+0.979
1703924520,+3.28,+23.076, +0.087,+0.979
1703924580,+3.28,+23.084, +0.088,+0.979
1703924640,+3.28,+23.084, +0.091,+0.979
1703924700,+3.28,+23.076, +0.095,+0.979
1703924760,+3.28,+23.084, +0.095,+0.979
1703924820,+3.28,+23.084, +0.091,+0.979
1703924880,+3.28,+23.076, +0.087,+0.979
1703924940,+3.28,+23.059, +0.083,+0.979
1703925000,+3.28,+23.076, +0.082,+0.978
1703925060,+3.28,+23.084, +0.081,+0.979
1703925120,+3.28,+23.067, +0.083,+0.979
1703925180,+3.28,+23.067, +0.084,+0.979
1703925240,+3.28,+23.059, +0.084,+0.979
1703925300,+3.28,+23.050, +0.086,+0.979
1703925360,+3.28,+23.067, +0.086,+0.979
1703925420,+3.28,+23.050, +0.087,+0.979
1703925480,+3.28,+23.059, +0.085,+0.979
1703925540,+3.28,+23.076, +0.083,+0.979
1703925600,+3.28,+23.067, +0.079,+0.978
1703925660,+3.28,+23.050, +0.077,+0.978
1703925720,+3.28,+23.050, +0.077,+0.978
1703925780,+3.28,+23.050, +0.077,+0.978
1703925840,+3.28,+23.042, +0.075,+0.978
1703925900,+3.28,+23.050, +0.075,+0.978
1703925960,+3.28,+23.042, +0.082,+0.978
1703926020,+3.28,+23.034, +0.086,+0.979
1703926080,+3.28,+23.042, +0.088,+0.978
1703926140,+3.28,+23.042, +0.085,+0.978
1703926200,+3.28,+23.034, +0.079,+0.978
1703926260,+3.28,+23.042, +0.072,+0.978
1703926320,+3.28,+23.034, +0.073,+0.978
1703926380,+3.28,+23.042, +0.077,+0.978
1703926440,+3.28,+23.034, +0.078,+0.978
1703926500,+3.28,+23.025, +0.082,+0.979
1703926560,+3.28,+23.025, +0.083,+0.979
1703926620,+3.28,+23.034, +0.083,+0.978
1703926680,+3.28,+23.017, +0.081,+0.978
1703926740,+3.28,+23.025, +0.077,+0.978
1703926800,+3.28,+23.009, +0.078,+0.978
1703926860,+3.28,+23.017, +0.079,+0.978
1703926920,+3.28,+23.009, +0.081,+0.978
1703926980,+3.28,+23.009, +0.083,+0.979
1703927040,+3.28,+23.017, +0.083,+0.978
1703927100,+3.28,+23.009, +0.086,+0.979
1703927160,+3.28,+23.000, +0.087,+0.979
1703927220,+3.28,+22.992, +0.090,+0.979
1703927280,+3.28,+23.000, +0.092,+0.979
1703927340,+3.28,+22.992, +0.094,+0.979
1703927400,+3.28,+22.992, +0.093,+0.979
1703927460,+3.28,+22.992, +0.087,+0.979
1703927520,+3.28,+22.975, +0.083,+0.979
1703927580,+3.28,+22.992, +0.078,+0.978
1703927640,+3.28,+22.992, +0.074,+0.978
1703927700,+3.28,+22.992, +0.068,+0.978
1703927760,+3.28,+22.984, +0.069,+0.978
1703927820,+3.28,+22.984, +0.071,+0.978
1703927880,+3.28,+22.975, +0.076,+0.978
1703927940,+3.28,+22.967, +0.075,+0.978
1703928000,+3.28,+22.984, +0.078,+0.978
1703928060,+3.28,+22.958, +0.086,+0.979
1703928120,+3.28,+22.958, +0.091,+0.979
1703928180,+3.28,+22.975, +0.090,+0.979
1703928240,+3.28,+22.958, +0.091,+0.979
1703928300,+3.28,+22.967, +0.087,+0.979
1703928360,+3.28,+22.984, +0.083,+0.979
1703928420,+3.28,+22.967, +0.080,+0.978
1703928480,+3.28,+22.967, +0.075,+0.978
1703928540,+3.28,+22.958, +0.076,+0.978
1703928600,+3.28,+22.967, +0.077,+0.978
1703928660,+3.28,+22.958, +0.079,+0.978
1703928720,+3.28,+22.958, +0.080,+0.978
1703928780,+3.28,+22.958, +0.082,+0.978
1703928840,+3.28,+22.958, +0.087,+0.979
1703928900,+3.28,+22.942, +0.089,+0.979
1703928960,+3.28,+22.933, +0.087,+0.979
1703929020,+3.28,+22.950, +0.086,+0.979
1703929080,+3.28,+22.942, +0.086,+0.979
1703929140,+3.28,+22.942, +0.085,+0.979
1703929200,+3.28,+22.933, +0.087,+0.979
1703929260,+3.28,+22.925, +0.086,+0.978
1703929320,+3.28,+22.933, +0.083,+0.979
1703929380,+3.28,+22.942, +0.074,+0.978
1703929440,+3.28,+22.925, +0.073,+0.978
1703929500,+3.28,+22.933, +0.078,+0.978
1703929560,+3.28,+22.933, +0.083,+0.978
1703929620,+3.28,+22.925, +0.083,+0.978
1703929680,+3.28,+22.925, +0.086,+0.979
1703929740,+3.28,+22.917, +0.079,+0.978
1703929800,+3.28,+22.925, +0.076,+0.978
1703929860,+3.28,+22.925, +0.079,+0.978
1703929920,+3.28,+22.925, +0.080,+0.978
1703929980,+3.28,+22.917, +0.082,+0.978
1703930040,+3.28,+22.917, +0.086,+0.979
1703930100,+3.28,+22.917, +0.086,+0.979
1703930160,+3.28,+22.917, +0.084,+0.979
1703930220,+3.28,+22.908, +0.081,+0.979
1703930280,+3.28,+22.892, +0.084,+0.978
1703930340,+3.28,+22.892, +0.083,+0.979
1703930400,+3.28,+22.900, +0.077,+0.978
1703930460,+3.28,+22.892, +0.077,+0.978
1703930520,+3.28,+22.875, +0.080,+0.978
1703930580,+3.28,+22.892, +0.083,+0.978
1703930640,+3.28,+22.883, +0.085,+0.979
1703930700,+3.28,+22.892, +0.088,+0.979
1703930760,+3.28,+22.883, +0.088,+0.979
1703930820,+3.28,+22.883, +0.082,+0.978
1703930880,+3.28,+22.875, +0.078,+0.978
1703930940,+3.28,+22.875, +0.072,+0.978
1703931000,+3.28,+22.875, +0.071,+0.978
1703931060,+3.28,+22.866, +0.071,+0.978
1703931120,+3.28,+22.858, +0.073,+0.978
1703931180,+3.28,+22.858, +0.073,+0.978
1703931240,+3.28,+22.866, +0.071,+0.978
1703931300,+3.28,+22.866, +0.077,+0.978
1703931360,+3.28,+22.858, +0.076,+0.978
1703931420,+3.28,+22.858, +0.076,+0.978
1703931480,+3.28,+22.858, +0.073,+0.978
1703931540,+3.28,+22.858, +0.071,+0.978
1703931600,+3.28,+22.866, +0.066,+0.978
1703931660,+3.28,+22.858, +0.068,+0.978
1703931720,+3.28,+22.841, +0.066,+0.978
1703931780,+3.28,+22.841, +0.066,+0.978
1703931840,+3.28,+22.841, +0.065,+0.978
1703931900,+3.28,+22.841, +0.064,+0.978
1703931960,+3.28,+22.850, +0.064,+0.978
1703932020,+3.28,+22.833, +0.060,+0.978
1703932080,+3.28,+22.841, +0.064,+0.978
1703932140,+3.28,+22.816, +0.067,+0.978
1703932200,+3.28,+22.816, +0.068,+0.978
1703932260,+3.28,+22.816, +0.071,+0.978
1703932320,+3.28,+22.825, +0.069,+0.978
1703932380,+3.28,+22.816, +0.069,+0.978
1703932440,+3.28,+22.816, +0.070,+0.978
1703932500,+3.28,+22.808, +0.070,+0.978
1703932560,+3.28,+22.808, +0.068,+0.978
1703932620,+3.28,+22.816, +0.070,+0.978
1703932680,+3.28,+22.808, +0.071,+0.978
1703932740,+3.28,+22.808, +0.069,+0.978
1703932800,+3.28,+22.808, +0.069,+0.978
1703932860,+3.28,+22.808, +0.067,+0.978
1703932920,+3.29,+22.808, +0.062,+0.978
1703932980,+3.28,+22.808, +0.058,+0.978
1703933040,+3.28,+22.808, +0.056,+0.978
1703933100,+3.28,+22.800, +0.052,+0.978
1703933160,+3.28,+22.800, +0.052,+0.978
1703933220,+3.28,+22.783, +0.050,+0.977
1703933280,+3.28,+22.783, +0.052,+0.978
1703933340,+3.28,+22.783, +0.053,+0.978
1703933400,+3.29,+22.800, +0.053,+0.978
1703933460,+3.28,+22.791, +0.053,+0.978
1703933520,+3.28,+22.783, +0.055,+0.978
1703933580,+3.28,+22.791, +0.055,+0.978
1703933640,+3.28,+22.791, +0.056,+0.978
1703933700,+3.28,+22.783, +0.056,+0.978
1703933760,+3.28,+22.783, +0.052,+0.978
1703933820,+3.28,+22.774, +0.051,+0.978
1703933880,+3.28,+22.766, +0.055,+0.978
1703933940,+3.28,+22.774, +0.053,+0.978
1703934000,+3.29,+22.774, +0.052,+0.978
1703934060,+3.28,+22.766, +0.057,+0.978
1703934120,+3.29,+22.783, +0.068,+0.978
1703934180,+3.29,+22.766, +0.069,+0.978
1703934240,+3.28,+22.766, +0.067,+0.978
1703934300,+3.28,+22.774, +0.062,+0.978
1703934360,+3.28,+22.758, +0.060,+0.978
1703934420,+3.28,+22.758, +0.057,+0.978
1703934480,+3.29,+22.774, +0.055,+0.978
1703934540,+3.28,+22.766, +0.053,+0.978
1703934600,+3.28,+22.758, +0.053,+0.978
1703934660,+3.29,+22.749, +0.056,+0.978
1703934720,+3.29,+22.741, +0.058,+0.978
1703934780,+3.28,+22.766, +0.059,+0.978
1703934840,+3.29,+22.741, +0.058,+0.978
1703934900,+3.29,+22.758, +0.055,+0.978
1703934960,+3.29,+22.741, +0.056,+0.978
1703935020,+3.29,+22.733, +0.060,+0.978
1703935080,+3.29,+22.741, +0.061,+0.978
1703935140,+3.29,+22.733, +0.058,+0.978
1703935200,+3.29,+22.733, +0.054,+0.978
1703935260,+3.29,+22.724, +0.052,+0.977
1703935320,+3.29,+22.733, +0.052,+0.978
1703935380,+3.28,+22.741, +0.054,+0.978
1703935440,+3.29,+22.733, +0.056,+0.978
1703935500,+3.29,+22.733, +0.055,+0.978
1703935560,+3.29,+22.741, +0.053,+0.978
1703935620,+3.29,+22.724, +0.050,+0.977
1703935680,+3.29,+22.716, +0.046,+0.977
1703935740,+3.29,+22.716, +0.045,+0.977
1703935800,+3.29,+22.724, +0.046,+0.977
1703935860,+3.28,+22.716, +0.050,+0.978
1703935920,+3.29,+22.699, +0.047,+0.977
1703935980,+3.28,+22.733, +0.046,+0.977
1703936040,+3.29,+22.716, +0.045,+0.977
1703936100,+3.29,+22.716, +0.044,+0.977
1703936160,+3.29,+22.708, +0.046,+0.978
1703936220,+3.29,+22.716, +0.046,+0.977
1703936280,+3.29,+22.699, +0.050,+0.977
1703936340,+3.29,+22.699, +0.050,+0.978
1703936400,+3.29,+22.699, +0.052,+0.978
1703936460,+3.29,+22.699, +0.050,+0.978
1703936520,+3.29,+22.682, +0.048,+0.977
1703936580,+3.29,+22.699, +0.052,+0.978
1703936640,+3.29,+22.708, +0.056,+0.978
1703936700,+3.29,+22.699, +0.053,+0.978
1703936760,+3.29,+22.699, +0.052,+0.978
1703936820,+3.29,+22.674, +0.053,+0.978
1703936880,+3.29,+22.682, +0.053,+0.978
1703936940,+3.29,+22.691, +0.052,+0.978
1703937000,+3.29,+22.682, +0.054,+0.978
1703937060,+3.29,+22.691, +0.059,+0.978
1703937120,+3.29,+22.682, +0.062,+0.978
1703937180,+3.29,+22.674, +0.063,+0.978
1703937240,+3.29,+22.691, +0.061,+0.978
1703937300,+3.29,+22.682, +0.063,+0.978
1703937360,+3.29,+22.682, +0.064,+0.978
1703937420,+3.29,+22.691, +0.058,+0.978
1703937480,+3.29,+22.674, +0.055,+0.978
1703937540,+3.29,+22.691, +0.054,+0.978
1703937600,+3.29,+22.691, +0.050,+0.978
1703937660,+3.29,+22.682, +0.046,+0.977
1703937720,+3.29,+22.682, +0.045,+0.977
1703937780,+3.29,+22.674, +0.044,+0.977
1703937840,+3.29,+22.691, +0.043,+0.977
1703937900,+3.29,+22.666, +0.043,+0.977
1703937960,+3.29,+22.674, +0.043,+0.977
1703938020,+3.29,+22.674, +0.042,+0.977
1703938080,+3.29,+22.682, +0.046,+0.977
1703938140,+3.29,+22.682, +0.051,+0.978
1703938200,+3.29,+22.691, +0.050,+0.978
1703938260,+3.29,+22.691, +0.051,+0.978
1703938320,+3.29,+22.682, +0.052,+0.978
1703938380,+3.29,+22.682, +0.054,+0.978
1703938440,+3.29,+22.682, +0.054,+0.978
1703938500,+3.29,+22.682, +0.053,+0.978
1703938560,+3.29,+22.699, +0.051,+0.978
1703938620,+3.29,+22.682, +0.048,+0.977
1703938680,+3.29,+22.682, +0.045,+0.977
1703938740,+3.29,+22.674, +0.042,+0.977
1703938800,+3.29,+22.682, +0.040,+0.977
1703938860,+3.29,+22.691, +0.041,+0.977
1703938920,+3.29,+22.674, +0.042,+0.977
1703938980,+3.29,+22.699, +0.042,+0.977
1703939040,+3.29,+22.682, +0.039,+0.977
1703939100,+3.29,+22.682, +0.040,+0.977
1703939160,+3.29,+22.699, +0.041,+0.977
1703939220,+3.29,+22.691, +0.044,+0.977
1703939280,+3.29,+22.691, +0.045,+0.977
1703939340,+3.29,+22.691, +0.043,+0.977
1703939400,+3.29,+22.691, +0.042,+0.977
1703939460,+3.29,+22.691, +0.040,+0.977
1703939520,+3.29,+22.691, +0.039,+0.977
1703939580,+3.29,+22.708, +0.041,+0.977
1703939640,+3.29,+22.716, +0.042,+0.977
1703939700,+3.29,+22.716, +0.041,+0.977
1703939760,+3.29,+22.708, +0.040,+0.977
1703939820,+3.29,+22.708, +0.043,+0.977
1703939880,+3.29,+22.708, +0.045,+0.977
1703939940,+3.29,+22.708, +0.049,+0.978
1703940000,+3.29,+22.708, +0.052,+0.977
1703940060,+3.29,+22.708, +0.052,+0.978
1703940120,+3.28,+22.716, +0.053,+0.978
1703940180,+3.29,+22.724, +0.054,+0.978
1703940240,+3.29,+22.716, +0.055,+0.978
1703940300,+3.29,+22.699, +0.055,+0.978
1703940360,+3.29,+22.708, +0.054,+0.978
1703940420,+3.29,+22.716, +0.052,+0.978
1703940480,+3.29,+22.708, +0.051,+0.978
1703940540,+3.28,+22.733, +0.055,+0.978
1703940600,+3.29,+22.733, +0.052,+0.978
1703940660,+3.29,+22.733, +0.050,+0.978
1703940720,+3.29,+22.724, +0.047,+0.977
1703940780,+3.28,+22.758, +0.048,+0.977
1703940840,+3.29,+22.733, +0.047,+0.978
1703940900,+3.29,+22.724, +0.049,+0.977
1703940960,+3.29,+22.741, +0.051,+0.978
1703941020,+3.28,+22.741, +0.053,+0.978
1703941080,+3.28,+22.741, +0.053,+0.978
1703941140,+3.28,+22.749, +0.054,+0.978
1703941200,+3.29,+22.749, +0.053,+0.978
1703941260,+3.28,+22.758, +0.053,+0.978
1703941320,+3.28,+22.758, +0.051,+0.978
1703941380,+3.28,+22.749, +0.049,+0.978
1703941440,+3.28,+22.758, +0.048,+0.978
1703941500,+3.29,+22.749, +0.049,+0.977
1703941560,+3.28,+22.774, +0.047,+0.977
1703941620,+3.28,+22.774, +0.045,+0.977
1703941680,+3.28,+22.758, +0.044,+0.977
1703941740,+3.28,+22.766, +0.044,+0.977
1703941800,+3.28,+22.766, +0.045,+0.977
1703941860,+3.28,+22.774, +0.044,+0.977
1703941920,+3.28,+22.774, +0.044,+0.977
1703941980,+3.28,+22.800, +0.048,+0.977
1703942040,+3.28,+22.774, +0.052,+0.978
1703942100,+3.28,+22.774, +0.053,+0.978
1703942160,+3.28,+22.791, +0.057,+0.978
1703942220,+3.28,+22.774, +0.058,+0.978
1703942280,+3.28,+22.808, +0.064,+0.978
1703942340,+3.28,+22.800, +0.063,+0.978
1703942400,+3.28,+22.808, +0.059,+0.978
1703942460,+3.28,+22.791, +0.059,+0.978
1703942520,+3.28,+22.808, +0.061,+0.978
1703942580,+3.28,+22.808, +0.061,+0.978
1703942640,+3.28,+22.816, +0.058,+0.978
1703942700,+3.28,+22.816, +0.055,+0.978
1703942760,+3.28,+22.816, +0.051,+0.977
1703942820,+3.28,+22.833, +0.049,+0.977
1703942880,+3.28,+22.833, +0.048,+0.978
1703942940,+3.28,+22.841, +0.050,+0.977
1703943000,+3.28,+22.833, +0.051,+0.978
1703943060,+3.28,+22.833, +0.050,+0.977
1703943120,+3.28,+22.841, +0.048,+0.978
1703943180,+3.28,+22.858, +0.048,+0.977
1703943240,+3.28,+22.858, +0.054,+0.978
1703943300,+3.28,+22.858, +0.054,+0.978
1703943360,+3.28,+22.858, +0.051,+0.977
1703943420,+3.28,+22.866, +0.055,+0.978
1703943480,+3.28,+22.858, +0.060,+0.978
1703943540,+3.28,+22.883, +0.059,+0.978
1703943600,+3.28,+22.875, +0.055,+0.978
1703943660,+3.28,+22.883, +0.055,+0.978
1703943720,+3.28,+22.883, +0.053,+0.978
1703943780,+3.28,+22.883, +0.051,+0.978
1703943840,+3.28,+22.883, +0.051,+0.977
1703943900,+3.28,+22.900, +0.048,+0.977
1703943960,+3.28,+22.892, +0.052,+0.977
1703944020,+3.28,+22.892, +0.055,+0.978
1703944080,+3.28,+22.908, +0.063,+0.978
1703944140,+3.28,+22.917, +0.064,+0.978
1703944200,+3.28,+22.925, +0.062,+0.978
1703944260,+3.28,+22.933, +0.063,+0.978
1703944320,+3.28,+22.925, +0.065,+0.978
1703944380,+3.28,+22.933, +0.064,+0.978
1703944440,+3.28,+22.933, +0.067,+0.978
1703944500,+3.28,+22.933, +0.067,+0.978
1703944560,+3.28,+22.942, +0.062,+0.978
1703944620,+3.28,+22.958, +0.060,+0.978
1703944680,+3.28,+22.950, +0.059,+0.978
1703944740,+3.28,+22.967, +0.057,+0.978
1703944800,+3.28,+22.992, +0.056,+0.978
1703944860,+3.28,+22.992, +0.054,+0.978
1703944920,+3.28,+23.000, +0.051,+0.978
1703944980,+3.28,+22.992, +0.053,+0.978
1703945040,+3.28,+23.000, +0.052,+0.977
1703945100,+3.28,+23.009, +0.049,+0.977
1703945160,+3.28,+23.000, +0.048,+0.977
1703945220,+3.28,+23.017, +0.048,+0.977
1703945280,+3.28,+23.034, +0.043,+0.977
1703945340,+3.28,+23.025, +0.041,+0.977
1703945400,+3.28,+23.050, +0.041,+0.977
1703945460,+3.28,+23.076, +0.037,+0.977
1703945520,+3.28,+23.092, +0.037,+0.977
1703945580,+3.28,+23.101, +0.036,+0.977
1703945640,+3.28,+23.101, +0.037,+0.977
1703945700,+3.28,+23.101, +0.039,+0.977
1703945760,+3.28,+23.092, +0.041,+0.977
1703945820,+3.28,+23.084, +0.041,+0.977
1703945880,+3.28,+23.101, +0.038,+0.977
1703945940,+3.28,+23.101, +0.037,+0.977
1703946000,+3.28,+23.117, +0.037,+0.977
1703946060,+3.28,+23.126, +0.036,+0.977
1703946120,+3.28,+23.117, +0.035,+0.977
1703946180,+3.28,+23.126, +0.034,+0.977
1703946240,+3.28,+23.134, +0.034,+0.977
1703946300,+3.28,+23.117, +0.033,+0.977
1703946360,+3.28,+23.134, +0.032,+0.977
1703946420,+3.28,+23.143, +0.032,+0.977
1703946480,+3.28,+23.159, +0.032,+0.977
1703946540,+3.28,+23.151, +0.033,+0.977
1703946600,+3.28,+23.151, +0.034,+0.977
1703946660,+3.28,+23.159, +0.036,+0.977
1703946720,+3.28,+23.159, +0.035,+0.977
1703946780,+3.28,+23.159, +0.034,+0.977
1703946840,+3.28,+23.193, +0.034,+0.977
1703946900,+3.28,+23.168, +0.033,+0.977
1703946960,+3.28,+23.184, +0.032,+0.977
1703947020,+3.28,+23.193, +0.031,+0.977
1703947080,+3.28,+23.201, +0.031,+0.977
1703947140,+3.28,+23.243, +0.032,+0.977
1703947200,+3.29,+23.268, +0.033,+0.977
1703947260,+3.29,+23.285, +0.031,+0.977
1703947320,+3.29,+23.293, +0.032,+0.977
1703947380,+3.29,+23.293, +0.032,+0.977
1703947440,+3.29,+23.318, +0.032,+0.977
1703947500,+3.29,+23.310, +0.032,+0.977
1703947560,+3.29,+23.293, +0.031,+0.977
1703947620,+3.29,+23.285, +0.032,+0.977
1703947680,+3.29,+23.285, +0.032,+0.977
1703947740,+3.29,+23.293, +0.032,+0.977
1703947800,+3.29,+23.293, +0.032,+0.977
1703947860,+3.29,+23.293, +0.032,+0.977
1703947920,+3.29,+23.310, +0.031,+0.977
1703947980,+3.29,+23.327, +0.032,+0.977
1703948040,+3.29,+23.335, +0.032,+0.977
1703948100,+3.29,+23.335, +0.033,+0.977
1703948160,+3.29,+23.360, +0.031,+0.977
1703948220,+3.29,+23.335, +0.032,+0.977
1703948280,+3.29,+23.368, +0.034,+0.977
1703948340,+3.29,+23.402, +0.032,+0.977
1703948400,+3.29,+23.377, +0.032,+0.977
1703948460,+3.29,+23.385, +0.032,+0.977
1703948520,+3.29,+23.385, +0.031,+0.977
1703948580,+3.29,+23.402, +0.031,+0.977
1703948640,+3.29,+23.402, +0.032,+0.977
1703948700,+3.29,+23.419, +0.032,+0.977
1703948760,+3.29,+23.385, +0.033,+0.977
1703948820,+3.29,+23.410, +0.034,+0.977
1703948880,+3.29,+23.419, +0.034,+0.977
1703948940,+3.29,+23.435, +0.034,+0.977
1703949000,+3.29,+23.444, +0.035,+0.977
1703949060,+3.29,+23.435, +0.034,+0.977
1703949120,+3.29,+23.452, +0.032,+0.977
1703949180,+3.29,+23.469, +0.032,+0.977
1703949240,+3.29,+23.452, +0.032,+0.977
1703949300,+3.29,+23.461, +0.032,+0.977
1703949360,+3.29,+23.461, +0.033,+0.977
1703949420,+3.29,+23.469, +0.033,+0.977
1703949480,+3.29,+23.477, +0.032,+0.977
1703949540,+3.29,+23.486, +0.032,+0.977
1703949600,+3.29,+23.477, +0.032,+0.977
1703949660,+3.29,+23.502, +0.031,+0.977
1703949720,+3.29,+23.494, +0.031,+0.977
1703949780,+3.29,+23.519, +0.031,+0.977
1703949840,+3.29,+23.519, +0.031,+0.977
1703949900,+3.29,+23.528, +0.031,+0.977
1703949960,+3.29,+23.519, +0.031,+0.977
1703950020,+3.29,+23.544, +0.031,+0.977
1703950080,+3.29,+23.544, +0.030,+0.977
1703950140,+3.29,+23.544, +0.031,+0.977
1703950200,+3.29,+23.544, +0.031,+0.977
1703950260,+3.29,+23.569, +0.030,+0.977
1703950320,+3.29,+23.586, +0.030,+0.977
1703950380,+3.29,+23.586, +0.031,+0.977
1703950440,+3.29,+23.611, +0.030,+0.977
1703950500,+3.29,+23.603, +0.031,+0.977
1703950560,+3.29,+23.611, +0.031,+0.977
1703950620,+3.28,+23.611, +0.030,+0.977
1703950680,+3.29,+23.628, +0.030,+0.977
1703950740,+3.29,+23.653, +0.031,+0.977
1703950800,+3.29,+23.636, +0.030,+0.977
1703950860,+3.29,+23.662, +0.030,+0.977
1703950920,+3.29,+23.662, +0.031,+0.977
1703950980,+3.28,+23.687, +0.033,+0.977
1703951040,+3.28,+23.712, +0.034,+0.977
1703951100,+3.28,+23.729, +0.035,+0.977
1703951160,+3.28,+23.729, +0.035,+0.977
1703951220,+3.28,+23.762, +0.040,+0.977
1703951280,+3.28,+23.787, +0.048,+0.978
1703951340,+3.28,+23.787, +0.050,+0.977
1703951400,+3.28,+23.796, +0.046,+0.977
1703951460,+3.28,+23.779, +0.043,+0.977
1703951520,+3.28,+23.787, +0.043,+0.977
1703951580,+3.28,+23.812, +0.044,+0.977
1703951640,+3.28,+23.863, +0.045,+0.977
1703951700,+3.28,+23.888, +0.052,+0.978
1703951760,+3.28,+23.930, +0.060,+0.978
1703951820,+3.28,+23.980, +0.068,+0.978
1703951880,+3.28,+23.988, +0.076,+0.978
1703951940,+3.28,+23.988, +0.080,+0.978
1703952000,+3.28,+23.997, +0.078,+0.978
1703952060,+3.28,+24.013, +0.075,+0.978
1703952120,+3.28,+24.013, +0.072,+0.978
1703952180,+3.28,+24.047, +0.070,+0.978
1703952240,+3.28,+24.072, +0.079,+0.979
1703952300,+3.28,+24.064, +0.086,+0.979
1703952360,+3.28,+24.097, +0.094,+0.979
1703952420,+3.28,+24.089, +0.098,+0.979
1703952480,+3.28,+24.114, +0.100,+0.979
1703952540,+3.28,+24.072, +0.095,+0.979
1703952600,+3.28,+24.055, +0.089,+0.978
1703952660,+3.28,+24.022, +0.082,+0.978
1703952720,+3.28,+24.022, +0.079,+0.978
1703952780,+3.28,+24.013, +0.075,+0.978
1703952840,+3.28,+24.005, +0.072,+0.978
1703952900,+3.29,+24.013, +0.070,+0.978
1703952960,+3.29,+24.022, +0.068,+0.978
1703953020,+3.29,+24.055, +0.075,+0.978
1703953080,+3.29,+24.055, +0.083,+0.978
1703953140,+3.29,+24.047, +0.081,+0.978
1703953200,+3.29,+24.047, +0.074,+0.978
1703953260,+3.28,+24.030, +0.068,+0.978
1703953320,+3.28,+24.047, +0.060,+0.977
1703953380,+3.28,+24.039, +0.054,+0.977
1703953440,+3.28,+24.055, +0.050,+0.977
1703953500,+3.28,+24.064, +0.047,+0.977
1703953560,+3.28,+24.072, +0.046,+0.977
1703953620,+3.28,+24.097, +0.043,+0.977
1703953680,+3.28,+24.081, +0.041,+0.977
1703953740,+3.28,+24.097, +0.039,+0.977
1703953800,+3.28,+24.106, +0.038,+0.977
1703953860,+3.28,+24.097, +0.037,+0.977
1703953920,+3.28,+24.114, +0.036,+0.977
1703953980,+3.28,+24.122, +0.036,+0.977
1703954040,+3.28,+24.097, +0.037,+0.977
1703954100,+3.28,+24.139, +0.036,+0.977
1703954160,+3.28,+24.131, +0.035,+0.977
1703954220,+3.28,+24.164, +0.034,+0.977
1703954280,+3.28,+24.156, +0.033,+0.977
1703954340,+3.28,+24.156, +0.033,+0.977
1703954400,+3.28,+24.173, +0.033,+0.977
1703954460,+3.28,+24.198, +0.034,+0.977
1703954520,+3.28,+24.190, +0.037,+0.977
1703954580,+3.28,+24.206, +0.042,+0.977
1703954640,+3.28,+24.231, +0.046,+0.977
1703954700,+3.28,+24.240, +0.055,+0.977
1703954760,+3.28,+24.265, +0.062,+0.978
1703954820,+3.28,+24.265, +0.074,+0.978
1703954880,+3.28,+24.273, +0.084,+0.978
1703954940,+3.28,+24.265, +0.090,+0.979
1703955000,+3.28,+24.273, +0.089,+0.978
1703955060,+3.28,+24.282, +0.090,+0.978
1703955120,+3.28,+24.282, +0.089,+0.978
1703955180,+3.28,+24.290, +0.086,+0.978
1703955240,+3.28,+24.282, +0.086,+0.978
1703955300,+3.28,+24.299, +0.092,+0.979
1703955360,+3.28,+24.315, +0.098,+0.979
1703955420,+3.28,+24.315, +0.092,+0.979
1703955480,+3.28,+24.315, +0.087,+0.978
1703955540,+3.28,+24.332, +0.083,+0.978
1703955600,+3.29,+24.341, +0.082,+0.978
1703955660,+3.29,+24.341, +0.074,+0.978
1703955720,+3.29,+24.349, +0.068,+0.978
1703955780,+3.29,+24.349, +0.062,+0.978
1703955840,+3.29,+24.357, +0.054,+0.977
1703955900,+3.29,+24.357, +0.048,+0.977
1703955960,+3.29,+24.366, +0.042,+0.977
1703956020,+3.29,+24.374, +0.039,+0.977
1703956080,+3.29,+24.366, +0.038,+0.977
1703956140,+3.29,+24.374, +0.042,+0.977
1703956200,+3.29,+24.366, +0.048,+0.977
1703956260,+3.29,+24.391, +0.048,+0.977
1703956320,+3.29,+24.399, +0.045,+0.977
1703956380,+3.29,+24.391, +0.042,+0.977
1703956440,+3.29,+24.408, +0.040,+0.977
1703956500,+3.29,+24.424, +0.040,+0.977
1703956560,+3.29,+24.433, +0.040,+0.977
1703956620,+3.29,+24.441, +0.042,+0.977
1703956680,+3.29,+24.475, +0.046,+0.977
1703956740,+3.29,+24.483, +0.040,+0.977
1703956800,+3.29,+24.458, +0.039,+0.977
1703956860,+3.29,+24.475, +0.041,+0.977
1703956920,+3.29,+24.475, +0.044,+0.977
1703956980,+3.29,+24.483, +0.042,+0.977
1703957040,+3.29,+24.500, +0.040,+0.977
1703957100,+3.29,+24.500, +0.042,+0.977
1703957160,+3.29,+24.508, +0.046,+0.977
1703957220,+3.29,+24.525, +0.046,+0.977
1703957280,+3.29,+24.542, +0.043,+0.977
1703957340,+3.29,+24.534, +0.038,+0.977
1703957400,+3.29,+24.542, +0.035,+0.977
1703957460,+3.29,+24.534, +0.035,+0.977
1703957520,+3.29,+24.517, +0.035,+0.977
1703957580,+3.29,+24.534, +0.038,+0.977
1703957640,+3.29,+24.542, +0.040,+0.977
1703957700,+3.29,+24.542, +0.041,+0.977
1703957760,+3.29,+24.559, +0.043,+0.977
1703957820,+3.29,+24.567, +0.045,+0.977
1703957880,+3.29,+24.567, +0.048,+0.977
1703957940,+3.28,+24.567, +0.050,+0.977
1703958000,+3.29,+24.575, +0.051,+0.977
1703958060,+3.29,+24.575, +0.054,+0.977
1703958120,+3.29,+24.592, +0.053,+0.977
1703958180,+3.29,+24.575, +0.055,+0.977
1703958240,+3.29,+24.592, +0.060,+0.977
1703958300,+3.29,+24.617, +0.061,+0.977
1703958360,+3.29,+24.601, +0.067,+0.978
1703958420,+3.29,+24.617, +0.072,+0.978
1703958480,+3.28,+24.634, +0.079,+0.978
1703958540,+3.29,+24.634, +0.082,+0.978
1703958600,+3.28,+24.634, +0.078,+0.977
1703958660,+3.29,+24.643, +0.075,+0.978
1703958720,+3.28,+24.659, +0.073,+0.978
1703958780,+3.28,+24.668, +0.071,+0.978
1703958840,+3.28,+24.668, +0.065,+0.977
1703958900,+3.28,+24.676, +0.065,+0.978
1703958960,+3.28,+24.727, +0.067,+0.979
1703959020,+3.28,+24.777, +0.081,+0.979
1703959080,+3.28,+24.802, +0.109,+0.980
1703959140,+3.28,+24.802, +0.135,+0.980
1703959200,+3.28,+24.802, +0.158,+0.981
1703959260,+3.28,+24.802, +0.179,+0.981
1703959320,+3.28,+24.802, +0.194,+0.983
1703959380,+3.28,+24.853, +0.204,+0.983
1703959440,+3.28,+24.861, +0.204,+0.982
1703959500,+3.28,+24.836, +0.200,+0.982
1703959560,+3.28,+24.819, +0.194,+0.982
1703959620,+3.28,+24.819, +0.188,+0.982
1703959680,+3.28,+24.777, +0.184,+0.981
1703959740,+3.28,+24.794, +0.178,+0.981
1703959800,+3.28,+24.794, +0.175,+0.981
1703959860,+3.28,+24.802, +0.173,+0.981
1703959920,+3.28,+24.794, +0.173,+0.981
1703959980,+3.28,+24.794, +0.181,+0.981
1703960040,+3.28,+24.844, +0.196,+0.982
1703960100,+3.28,+24.878, +0.225,+0.983
1703960160,+3.28,+24.903, +0.258,+0.984
1703960220,+3.28,+24.903, +0.289,+0.985
1703960280,+3.28,+24.962, +0.308,+0.986
1703960340,+3.28,+25.004, +0.308,+0.986
1703960400,+3.28,+25.029, +0.292,+0.984
1703960460,+3.28,+24.979, +0.272,+0.984
1703960520,+3.28,+24.928, +0.254,+0.983
1703960580,+3.28,+24.920, +0.247,+0.983
1703960640,+3.28,+24.911, +0.240,+0.983
1703960700,+3.28,+24.895, +0.230,+0.983
1703960760,+3.28,+24.895, +0.220,+0.982
1703960820,+3.28,+24.886, +0.211,+0.982
1703960880,+3.28,+24.878, +0.200,+0.982
1703960940,+3.28,+24.869, +0.195,+0.981
1703961000,+3.28,+24.886, +0.196,+0.981
1703961060,+3.28,+24.853, +0.192,+0.981
1703961120,+3.28,+24.869, +0.182,+0.981
1703961180,+3.28,+24.886, +0.171,+0.981
1703961240,+3.28,+24.895, +0.158,+0.980
1703961300,+3.28,+24.903, +0.152,+0.980
1703961360,+3.28,+24.895, +0.155,+0.981
1703961420,+3.28,+24.895, +0.163,+0.981
1703961480,+3.28,+24.928, +0.168,+0.981
1703961540,+3.28,+24.954, +0.171,+0.981
1703961600,+3.28,+24.954, +0.189,+0.982
1703961660,+3.28,+24.970, +0.213,+0.982
1703961720,+3.28,+24.962, +0.238,+0.983
1703961780,+3.28,+24.987, +0.259,+0.984
1703961840,+3.28,+24.996, +0.283,+0.984
1703961900,+3.28,+25.004, +0.303,+0.984
1703961960,+3.28,+24.970, +0.321,+0.985
1703962020,+3.28,+24.970, +0.337,+0.985
1703962080,+3.28,+24.970, +0.347,+0.985
1703962140,+3.28,+24.954, +0.358,+0.985
1703962200,+3.28,+24.970, +0.370,+0.986
1703962260,+3.28,+24.962, +0.369,+0.986
1703962320,+3.28,+24.970, +0.360,+0.986
1703962380,+3.28,+24.970, +0.354,+0.986
1703962440,+3.28,+24.996, +0.352,+0.985
1703962500,+3.28,+24.987, +0.352,+0.985
1703962560,+3.28,+24.996, +0.351,+0.985
1703962620,+3.28,+24.979, +0.353,+0.985
1703962680,+3.28,+24.987, +0.354,+0.985
1703962740,+3.28,+24.996, +0.348,+0.985
1703962800,+3.28,+24.987, +0.340,+0.985
1703962860,+3.28,+24.979, +0.332,+0.985
1703962920,+3.28,+24.996, +0.324,+0.985
1703962980,+3.28,+24.987, +0.319,+0.985
1703963040,+3.28,+24.979, +0.314,+0.984
1703963100,+3.28,+24.979, +0.309,+0.984
1703963160,+3.28,+24.996, +0.312,+0.984
1703963220,+3.28,+24.996, +0.313,+0.985
1703963280,+3.28,+25.004, +0.319,+0.985
1703963340,+3.28,+25.012, +0.339,+0.985
1703963400,+3.28,+24.996, +0.363,+0.986
1703963460,+3.28,+24.996, +0.391,+0.986
1703963520,+3.28,+25.021, +0.416,+0.987
1703963580,+3.28,+25.004, +0.437,+0.987
1703963640,+3.28,+25.012, +0.448,+0.987
1703963700,+3.28,+25.012, +0.460,+0.988
1703963760,+3.28,+25.004, +0.471,+0.988
1703963820,+3.28,+25.012, +0.482,+0.988
1703963880,+3.28,+24.996, +0.487,+0.988
1703963940,+3.28,+25.012, +0.486,+0.988
1703964000,+3.28,+25.004, +0.484,+0.988
1703964060,+3.28,+25.004, +0.487,+0.988
1703964120,+3.28,+25.004, +0.492,+0.988
1703964180,+3.28,+25.021, +0.495,+0.988
1703964240,+3.28,+25.029, +0.495,+0.988
1703964300,+3.28,+25.012, +0.491,+0.988
1703964360,+3.28,+25.021, +0.491,+0.988
1703964420,+3.28,+25.021, +0.497,+0.988
1703964480,+3.28,+25.021, +0.499,+0.988
1703964540,+3.28,+25.004, +0.502,+0.988
1703964600,+3.28,+25.021, +0.509,+0.988
1703964660,+3.28,+25.029, +0.522,+0.988
1703964720,+3.28,+25.021, +0.536,+0.989
1703964780,+3.28,+25.021, +0.553,+0.989
1703964840,+3.28,+25.021, +0.571,+0.989
1703964900,+3.28,+25.012, +0.591,+0.989
1703964960,+3.28,+25.012, +0.608,+0.990
1703965020,+3.28,+25.012, +0.625,+0.990
1703965080,+3.28,+25.021, +0.638,+0.990
1703965140,+3.28,+25.021, +0.644,+0.990
1703965200,+3.28,+25.012, +0.650,+0.990
1703965260,+3.28,+25.029, +0.663,+0.990
1703965320,+3.28,+25.038, +0.669,+0.991
1703965380,+3.28,+25.021, +0.663,+0.990
1703965440,+3.28,+25.029, +0.657,+0.991
1703965500,+3.28,+25.012, +0.657,+0.990
1703965560,+3.28,+25.021, +0.666,+0.991
1703965620,+3.28,+24.996, +0.678,+0.991
1703965680,+3.28,+25.004, +0.680,+0.991
1703965740,+3.28,+25.012, +0.680,+0.991
1703965800,+3.28,+25.021, +0.681,+0.991
1703965860,+3.28,+25.021, +0.683,+0.991
1703965920,+3.28,+25.012, +0.682,+0.991
1703965980,+3.28,+25.004, +0.683,+0.991
1703966040,+3.28,+25.029, +0.685,+0.991
1703966100,+3.28,+25.004, +0.686,+0.991
1703966160,+3.28,+25.004, +0.686,+0.991
1703966220,+3.28,+25.021, +0.685,+0.991
1703966280,+3.28,+24.996, +0.679,+0.991
1703966340,+3.28,+25.012, +0.669,+0.991
1703966400,+3.28,+25.004, +0.663,+0.991
1703966460,+3.28,+25.012, +0.665,+0.991
1703966520,+3.28,+25.004, +0.678,+0.991
1703966580,+3.28,+25.012, +0.689,+0.991
1703966640,+3.28,+25.004, +0.691,+0.991
1703966700,+3.28,+24.996, +0.687,+0.991
1703966760,+3.28,+24.979, +0.682,+0.991
1703966820,+3.28,+24.979, +0.681,+0.991
1703966880,+3.28,+24.996, +0.680,+0.991
1703966940,+3.28,+24.970, +0.675,+0.991
1703967000,+3.28,+24.987, +0.666,+0.991
1703967060,+3.28,+24.987, +0.660,+0.991
1703967120,+3.28,+24.987, +0.653,+0.991
1703967180,+3.28,+24.979, +0.645,+0.991
1703967240,+3.28,+24.970, +0.627,+0.990
1703967300,+3.28,+24.970, +0.607,+0.990
