7450-695497
OS REV: 1.05 Sensor Cal: 1618510905
Time (sec),  BV (Volts),  T (deg C),  DO (mg/l),  Q ()
1704053760,+3.28,+25.206, +0.594,+0.990
1704053820,+3.28,+25.172, +0.598,+0.990
1704053880,+3.28,+25.189, +0.599,+0.990
1704053940,+3.28,+25.181, +0.599,+0.990
1704054000,+3.28,+25.189, +0.592,+0.990
1704054060,+3.28,+25.181, +0.585,+0.990
1704054120,+3.28,+25.189, +0.585,+0.990
1704054180,+3.28,+25.181, +0.583,+0.990
1704054240,+3.28,+25.189, +0.576,+0.990
1704054300,+3.28,+25.197, +0.567,+0.989
1704054360,+3.28,+25.181, +0.559,+0.990
1704054420,+3.28,+25.197, +0.553,+0.989
1704054480,+3.28,+25.172, +0.544,+0.989
1704054540,+3.28,+25.189, +0.537,+0.989
1704054600,+3.28,+25.172, +0.530,+0.989
1704054660,+3.28,+25.181, +0.523,+0.989
1704054720,+3.28,+25.181, +0.514,+0.989
1704054780,+3.28,+25.172, +0.510,+0.988
1704054840,+3.28,+25.172, +0.507,+0.988
1704054900,+3.28,+25.164, +0.499,+0.988
1704054960,+3.28,+25.172, +0.491,+0.988
1704055020,+3.28,+25.172, +0.480,+0.988
1704055080,+3.28,+25.164, +0.470,+0.988
1704055140,+3.28,+25.164, +0.459,+0.988
1704055200,+3.28,+25.164, +0.451,+0.987
1704055260,+3.28,+25.164, +0.442,+0.987
1704055320,+3.28,+25.155, +0.435,+0.987
1704055380,+3.28,+25.164, +0.428,+0.987
1704055440,+3.28,+25.164, +0.425,+0.987
1704055500,+3.28,+25.155, +0.423,+0.987
1704055560,+3.28,+25.164, +0.413,+0.987
1704055620,+3.28,+25.155, +0.404,+0.986
1704055680,+3.28,+25.155, +0.395,+0.986
1704055740,+3.28,+25.138, +0.387,+0.986
1704055800,+3.28,+25.138, +0.377,+0.986
1704055860,+3.28,+25.138, +0.368,+0.985
1704055920,+3.28,+25.147, +0.363,+0.986
1704055980,+3.28,+25.130, +0.357,+0.985
1704056040,+3.28,+25.138, +0.349,+0.985
1704056100,+3.28,+25.122, +0.344,+0.985
1704056160,+3.28,+25.138, +0.341,+0.985
1704056220,+3.28,+25.113, +0.339,+0.985
1704056280,+3.28,+25.105, +0.344,+0.985
1704056340,+3.28,+25.113, +0.348,+0.985
1704056400,+3.28,+25.122, +0.343,+0.985
1704056460,+3.28,+25.122, +0.338,+0.985
1704056520,+3.28,+25.105, +0.333,+0.985
1704056580,+3.28,+25.113, +0.331,+0.985
1704056640,+3.28,+25.105, +0.325,+0.985
1704056700,+3.28,+25.113, +0.321,+0.985
1704056760,+3.28,+25.096, +0.314,+0.984
1704056820,+3.28,+25.096, +0.310,+0.984
1704056880,+3.28,+25.105, +0.307,+0.984
1704056940,+3.28,+25.113, +0.306,+0.984
1704057000,+3.28,+25.105, +0.303,+0.984
1704057060,+3.28,+25.080, +0.305,+0.984
1704057120,+3.28,+25.088, +0.305,+0.984
1704057180,+3.28,+25.088, +0.309,+0.984
1704057240,+3.28,+25.071, +0.311,+0.984
1704057300,+3.28,+25.071, +0.310,+0.984
1704057360,+3.28,+25.088, +0.311,+0.984
1704057420,+3.28,+25.063, +0.318,+0.985
1704057480,+3.28,+25.063, +0.323,+0.985
1704057540,+3.28,+25.046, +0.324,+0.985
1704057600,+3.28,+25.080, +0.327,+0.985
1704057660,+3.28,+25.046, +0.334,+0.985
1704057720,+3.28,+25.054, +0.345,+0.985
1704057780,+3.28,+25.038, +0.361,+0.985
1704057840,+3.28,+25.029, +0.374,+0.986
1704057900,+3.28,+25.029, +0.389,+0.986
1704057960,+3.28,+25.029, +0.402,+0.986
1704058020,+3.28,+25.021, +0.414,+0.987
1704058080,+3.28,+25.021, +0.423,+0.987
1704058140,+3.28,+25.004, +0.424,+0.987
1704058200,+3.28,+25.004, +0.421,+0.987
1704058260,+3.28,+25.004, +0.413,+0.987
1704058320,+3.28,+25.004, +0.402,+0.986
1704058380,+3.28,+25.004, +0.390,+0.986
1704058440,+3.28,+24.979, +0.383,+0.986
1704058500,+3.28,+24.979, +0.377,+0.986
1704058560,+3.28,+24.996, +0.371,+0.986
1704058620,+3.28,+24.987, +0.366,+0.986
1704058680,+3.28,+24.987, +0.365,+0.986
1704058740,+3.28,+24.987, +0.366,+0.986
1704058800,+3.28,+24.970, +0.383,+0.986
1704058860,+3.28,+24.962, +0.385,+0.986
1704058920,+3.28,+24.970, +0.380,+0.986
1704058980,+3.28,+24.962, +0.376,+0.986
1704059040,+3.28,+24.970, +0.393,+0.986
1704059100,+3.28,+24.945, +0.436,+0.987
1704059160,+3.28,+24.937, +0.481,+0.988
1704059220,+3.28,+24.954, +0.542,+0.989
1704059280,+3.28,+24.954, +0.611,+0.990
1704059340,+3.28,+24.945, +0.678,+0.991
1704059400,+3.28,+24.928, +0.738,+0.992
1704059460,+3.28,+24.945, +0.786,+0.993
1704059520,+3.28,+24.920, +0.834,+0.994
1704059580,+3.28,+24.928, +0.872,+0.994
1704059640,+3.28,+24.928, +0.901,+0.994
1704059700,+3.28,+24.911, +0.915,+0.995
1704059760,+3.28,+24.911, +0.930,+0.995
1704059820,+3.28,+24.911, +0.953,+0.995
1704059880,+3.28,+24.903, +0.990,+0.996
1704059940,+3.28,+24.903, +1.022,+0.996
1704060000,+3.28,+24.903, +1.058,+0.996
1704060060,+3.28,+24.878, +1.095,+0.996
1704060120,+3.28,+24.895, +1.135,+0.997
1704060180,+3.28,+24.886, +1.172,+0.997
1704060240,+3.28,+24.878, +1.198,+0.997
1704060300,+3.28,+24.878, +1.234,+0.998
1704060360,+3.28,+24.844, +1.272,+0.998
1704060420,+3.28,+24.861, +1.296,+0.998
1704060480,+3.28,+24.853, +1.314,+0.998
1704060540,+3.28,+24.853, +1.322,+0.998
1704060600,+3.28,+24.836, +1.324,+0.998
1704060660,+3.28,+24.844, +1.320,+0.998
1704060720,+3.28,+24.819, +1.320,+0.998
1704060780,+3.28,+24.819, +1.321,+0.998
1704060840,+3.28,+24.827, +1.317,+0.998
1704060900,+3.28,+24.819, +1.315,+0.998
1704060960,+3.28,+24.811, +1.318,+0.998
1704061020,+3.28,+24.811, +1.312,+0.998
1704061080,+3.28,+24.802, +1.303,+0.998
1704061140,+3.28,+24.794, +1.294,+0.998
1704061200,+3.28,+24.777, +1.298,+0.998
1704061260,+3.28,+24.769, +1.305,+0.998
1704061320,+3.28,+24.769, +1.303,+0.998
1704061380,+3.28,+24.752, +1.299,+0.998
1704061440,+3.28,+24.743, +1.291,+0.998
1704061500,+3.28,+24.743, +1.277,+0.998
1704061560,+3.28,+24.735, +1.268,+0.998
1704061620,+3.28,+24.743, +1.258,+0.998
1704061680,+3.28,+24.735, +1.242,+0.998
1704061740,+3.28,+24.727, +1.227,+0.997
1704061800,+3.28,+24.735, +1.218,+0.998
1704061860,+3.28,+24.710, +1.212,+0.998
1704061920,+3.28,+24.718, +1.214,+0.998
1704061980,+3.28,+24.710, +1.219,+0.997
1704062040,+3.28,+24.710, +1.226,+0.997
1704062100,+3.28,+24.693, +1.229,+0.998
1704062160,+3.28,+24.685, +1.226,+0.998
1704062220,+3.28,+24.676, +1.227,+0.997
1704062280,+3.28,+24.668, +1.229,+0.998
1704062340,+3.28,+24.685, +1.230,+0.998
1704062400,+3.28,+24.659, +1.227,+0.997
1704062460,+3.28,+24.668, +1.214,+0.997
1704062520,+3.28,+24.634, +1.204,+0.997
1704062580,+3.28,+24.643, +1.196,+0.997
1704062640,+3.28,+24.643, +1.193,+0.997
1704062700,+3.28,+24.617, +1.212,+0.997
1704062760,+3.28,+24.609, +1.245,+0.998
1704062820,+3.28,+24.609, +1.268,+0.998
1704062880,+3.28,+24.592, +1.286,+0.998
1704062940,+3.28,+24.601, +1.283,+0.998
1704063000,+3.28,+24.601, +1.288,+0.998
1704063060,+3.28,+24.575, +1.299,+0.998
1704063120,+3.28,+24.584, +1.304,+0.998
1704063180,+3.28,+24.584, +1.301,+0.998
1704063240,+3.28,+24.559, +1.300,+0.998
1704063300,+3.28,+24.567, +1.298,+0.998
1704063360,+3.28,+24.559, +1.295,+0.998
1704063420,+3.28,+24.559, +1.291,+0.998
1704063480,+3.28,+24.559, +1.283,+0.998
1704063540,+3.28,+24.542, +1.274,+0.998
1704063600,+3.28,+24.534, +1.260,+0.997
1704063660,+3.28,+24.534, +1.248,+0.998
1704063720,+3.28,+24.534, +1.246,+0.998
1704063780,+3.28,+24.525, +1.246,+0.997
1704063840,+3.28,+24.517, +1.246,+0.997
1704063900,+3.28,+24.525, +1.235,+0.997
1704063960,+3.28,+24.508, +1.218,+0.997
1704064020,+3.28,+24.517, +1.214,+0.997
1704064080,+3.28,+24.508, +1.221,+0.997
1704064140,+3.28,+24.500, +1.236,+0.997
1704064200,+3.28,+24.492, +1.245,+0.997
1704064260,+3.28,+24.492, +1.245,+0.997
1704064320,+3.28,+24.483, +1.237,+0.997
1704064380,+3.28,+24.466, +1.231,+0.997
1704064440,+3.28,+24.450, +1.231,+0.997
1704064500,+3.28,+24.466, +1.239,+0.998
1704064560,+3.28,+24.458, +1.247,+0.997
1704064620,+3.28,+24.433, +1.256,+0.998
1704064680,+3.28,+24.441, +1.273,+0.997
1704064740,+3.28,+24.441, +1.286,+0.998
1704064800,+3.28,+24.433, +1.290,+0.998
1704064860,+3.28,+24.416, +1.292,+0.998
1704064920,+3.28,+24.424, +1.298,+0.998
1704064980,+3.28,+24.433, +1.303,+0.998
1704065040,+3.28,+24.424, +1.301,+0.998
1704065100,+3.28,+24.424, +1.290,+0.998
1704065160,+3.28,+24.433, +1.275,+0.998
1704065220,+3.28,+24.416, +1.259,+0.997
1704065280,+3.28,+24.408, +1.247,+0.998
1704065340,+3.28,+24.424, +1.233,+0.997
1704065400,+3.28,+24.408, +1.228,+0.997
1704065460,+3.28,+24.382, +1.233,+0.997
1704065520,+3.28,+24.382, +1.245,+0.997
1704065580,+3.28,+24.382, +1.251,+0.997
1704065640,+3.28,+24.374, +1.259,+0.997
1704065700,+3.28,+24.366, +1.264,+0.998
1704065760,+3.28,+24.366, +1.267,+0.998
1704065820,+3.28,+24.357, +1.291,+0.998
1704065880,+3.28,+24.366, +1.325,+0.998
1704065940,+3.28,+24.374, +1.345,+0.998
1704066000,+3.28,+24.357, +1.353,+0.998
1704066060,+3.28,+24.374, +1.353,+0.998
1704066120,+3.28,+24.357, +1.354,+0.998
1704066180,+3.28,+24.374, +1.344,+0.998
1704066240,+3.28,+24.349, +1.332,+0.998
1704066300,+3.28,+24.349, +1.312,+0.998
1704066360,+3.28,+24.349, +1.304,+0.998
1704066420,+3.28,+24.349, +1.308,+0.998
1704066480,+3.28,+24.324, +1.312,+0.998
1704066540,+3.28,+24.341, +1.305,+0.998
1704066600,+3.28,+24.341, +1.298,+0.998
1704066660,+3.28,+24.324, +1.290,+0.998
1704066720,+3.28,+24.307, +1.281,+0.998
1704066780,+3.28,+24.307, +1.270,+0.998
1704066840,+3.28,+24.315, +1.264,+0.998
1704066900,+3.28,+24.299, +1.258,+0.997
1704066960,+3.28,+24.324, +1.244,+0.997
1704067020,+3.28,+24.315, +1.235,+0.998
1704067080,+3.28,+24.315, +1.229,+0.997
1704067140,+3.28,+24.290, +1.237,+0.997
1704067200,+3.28,+24.299, +1.243,+0.997
1704067260,+3.28,+24.290, +1.241,+0.997
1704067320,+3.28,+24.290, +1.232,+0.997
1704067380,+3.28,+24.290, +1.223,+0.998
1704067440,+3.28,+24.282, +1.211,+0.997
1704067500,+3.28,+24.282, +1.198,+0.997
1704067560,+3.28,+24.282, +1.212,+0.997
1704067620,+3.28,+24.257, +1.216,+0.997
1704067680,+3.28,+24.257, +1.196,+0.997
1704067740,+3.28,+24.265, +1.167,+0.997
1704067800,+3.28,+24.265, +1.138,+0.997
1704067860,+3.28,+24.240, +1.114,+0.996
1704067920,+3.28,+24.257, +1.100,+0.996
1704067980,+3.28,+24.240, +1.102,+0.996
1704068040,+3.28,+24.240, +1.109,+0.996
1704068100,+3.28,+24.231, +1.118,+0.996
1704068160,+3.28,+24.215, +1.123,+0.996
1704068220,+3.28,+24.215, +1.131,+0.996
1704068280,+3.28,+24.215, +1.139,+0.996
1704068340,+3.28,+24.231, +1.145,+0.996
1704068400,+3.28,+24.223, +1.143,+0.997
1704068460,+3.28,+24.215, +1.131,+0.997
1704068520,+3.28,+24.223, +1.114,+0.996
1704068580,+3.28,+24.198, +1.103,+0.996
1704068640,+3.28,+24.198, +1.075,+0.996
1704068700,+3.28,+24.190, +1.038,+0.996
1704068760,+3.28,+24.190, +1.011,+0.995
1704068820,+3.28,+24.206, +1.000,+0.995
1704068880,+3.28,+24.190, +1.000,+0.995
1704068940,+3.28,+24.190, +0.999,+0.995
1704069000,+3.28,+24.181, +0.993,+0.995
1704069060,+3.28,+24.181, +0.981,+0.995
1704069120,+3.28,+24.181, +0.972,+0.995
1704069180,+3.28,+24.181, +0.964,+0.995
1704069240,+3.28,+24.164, +0.958,+0.995
1704069300,+3.28,+24.164, +0.962,+0.995
1704069360,+3.28,+24.148, +0.973,+0.995
1704069420,+3.28,+24.156, +0.977,+0.995
1704069480,+3.28,+24.156, +0.977,+0.995
1704069540,+3.28,+24.148, +0.976,+0.995
1704069600,+3.28,+24.156, +0.981,+0.995
1704069660,+3.28,+24.139, +0.986,+0.995
1704069720,+3.28,+24.148, +0.992,+0.995
1704069780,+3.28,+24.131, +0.997,+0.995
1704069840,+3.28,+24.122, +1.002,+0.995
1704069900,+3.28,+24.122, +1.004,+0.995
1704069960,+3.28,+24.131, +1.013,+0.995
1704070020,+3.28,+24.131, +1.027,+0.996
1704070080,+3.28,+24.122, +1.034,+0.996
1704070140,+3.28,+24.122, +1.035,+0.996
1704070200,+3.28,+24.114, +1.035,+0.995
1704070260,+3.28,+24.097, +1.039,+0.995
1704070320,+3.28,+24.097, +1.046,+0.996
1704070380,+3.28,+24.114, +1.052,+0.996
1704070440,+3.28,+24.097, +1.058,+0.996
1704070500,+3.28,+24.106, +1.054,+0.996
1704070560,+3.28,+24.097, +1.047,+0.996
1704070620,+3.28,+24.081, +1.039,+0.996
1704070680,+3.28,+24.072, +1.032,+0.996
1704070740,+3.28,+24.097, +1.027,+0.995
1704070800,+3.28,+24.089, +1.025,+0.995
1704070860,+3.28,+24.081, +1.037,+0.996
1704070920,+3.28,+24.089, +1.045,+0.996
1704070980,+3.28,+24.089, +1.043,+0.996
1704071040,+3.28,+24.072, +1.036,+0.996
1704071100,+3.28,+24.072, +1.031,+0.995
1704071160,+3.28,+24.072, +1.026,+0.996
1704071220,+3.28,+24.064, +1.022,+0.996
1704071280,+3.28,+24.039, +1.013,+0.995
1704071340,+3.28,+24.039, +1.002,+0.995
1704071400,+3.28,+24.039, +0.990,+0.995
1704071460,+3.28,+24.030, +0.969,+0.995
1704071520,+3.28,+24.030, +0.952,+0.995
1704071580,+3.28,+24.039, +0.939,+0.994
1704071640,+3.28,+24.030, +0.926,+0.994
1704071700,+3.28,+24.039, +0.930,+0.994
1704071760,+3.28,+24.030, +0.937,+0.994
1704071820,+3.28,+24.039, +0.945,+0.995
1704071880,+3.28,+24.022, +0.954,+0.995
1704071940,+3.28,+24.039, +0.974,+0.995
1704072000,+3.28,+24.039, +0.985,+0.995
1704072060,+3.28,+24.013, +0.983,+0.995
1704072120,+3.28,+24.030, +0.970,+0.995
1704072180,+3.28,+24.039, +0.956,+0.995
1704072240,+3.28,+24.022, +0.951,+0.995
1704072300,+3.28,+24.022, +0.942,+0.995
1704072360,+3.28,+24.005, +0.941,+0.994
1704072420,+3.28,+24.013, +0.946,+0.994
1704072480,+3.28,+24.005, +0.948,+0.995
1704072540,+3.28,+24.005, +0.942,+0.994
1704072600,+3.28,+23.988, +0.933,+0.995
1704072660,+3.28,+24.005, +0.913,+0.994
1704072720,+3.28,+23.997, +0.906,+0.994
1704072780,+3.28,+23.997, +0.912,+0.994
1704072840,+3.28,+23.997, +0.912,+0.994
1704072900,+3.28,+23.988, +0.901,+0.994
1704072960,+3.28,+23.972, +0.890,+0.994
1704073020,+3.28,+23.980, +0.880,+0.994
1704073080,+3.28,+23.972, +0.883,+0.994
1704073140,+3.28,+23.980, +0.889,+0.994
1704073200,+3.28,+23.988, +0.882,+0.994
1704073260,+3.28,+23.980, +0.868,+0.994
1704073320,+3.28,+23.963, +0.856,+0.994
1704073380,+3.28,+23.972, +0.846,+0.993
1704073440,+3.28,+23.963, +0.837,+0.993
1704073500,+3.28,+23.955, +0.826,+0.993
1704073560,+3.28,+23.946, +0.828,+0.993
1704073620,+3.28,+23.930, +0.824,+0.993
1704073680,+3.28,+23.938, +0.817,+0.993
1704073740,+3.28,+23.946, +0.826,+0.993
1704073800,+3.28,+23.930, +0.844,+0.993
1704073860,+3.28,+23.921, +0.854,+0.994
1704073920,+3.28,+23.938, +0.878,+0.994
1704073980,+3.28,+23.921, +0.895,+0.994
1704074040,+3.28,+23.921, +0.906,+0.994
1704074100,+3.28,+23.913, +0.905,+0.994
1704074160,+3.28,+23.913, +0.890,+0.994
1704074220,+3.28,+23.904, +0.876,+0.994
1704074280,+3.28,+23.896, +0.862,+0.994
1704074340,+3.28,+23.896, +0.842,+0.993
1704074400,+3.28,+23.888, +0.822,+0.993
1704074460,+3.28,+23.913, +0.801,+0.993
1704074520,+3.28,+23.888, +0.788,+0.993
1704074580,+3.28,+23.896, +0.789,+0.993
1704074640,+3.28,+23.896, +0.789,+0.993
1704074700,+3.28,+23.896, +0.791,+0.993
1704074760,+3.28,+23.896, +0.796,+0.993
1704074820,+3.28,+23.904, +0.792,+0.993
1704074880,+3.28,+23.888, +0.781,+0.993
1704074940,+3.28,+23.904, +0.766,+0.992
1704075000,+3.28,+23.879, +0.758,+0.992
1704075060,+3.28,+23.879, +0.760,+0.992
1704075120,+3.28,+23.871, +0.775,+0.992
1704075180,+3.28,+23.871, +0.782,+0.993
1704075240,+3.28,+23.846, +0.761,+0.992
1704075300,+3.28,+23.846, +0.740,+0.992
1704075360,+3.28,+23.863, +0.719,+0.991
1704075420,+3.28,+23.837, +0.709,+0.991
1704075480,+3.28,+23.837, +0.697,+0.991
1704075540,+3.28,+23.837, +0.684,+0.991
1704075600,+3.28,+23.846, +0.679,+0.991
1704075660,+3.28,+23.829, +0.686,+0.991
1704075720,+3.28,+23.821, +0.705,+0.991
1704075780,+3.28,+23.829, +0.717,+0.992
1704075840,+3.28,+23.829, +0.737,+0.992
1704075900,+3.28,+23.821, +0.764,+0.992
1704075960,+3.28,+23.812, +0.798,+0.993
1704076020,+3.28,+23.804, +0.799,+0.993
1704076080,+3.28,+23.804, +0.780,+0.993
1704076140,+3.28,+23.804, +0.759,+0.992
1704076200,+3.28,+23.796, +0.760,+0.992
1704076260,+3.28,+23.804, +0.744,+0.992
1704076320,+3.28,+23.812, +0.714,+0.992
1704076380,+3.28,+23.812, +0.689,+0.991
1704076440,+3.28,+23.804, +0.671,+0.991
1704076500,+3.28,+23.812, +0.656,+0.991
1704076560,+3.28,+23.804, +0.653,+0.991
1704076620,+3.28,+23.787, +0.648,+0.990
1704076680,+3.28,+23.796, +0.643,+0.990
1704076740,+3.28,+23.804, +0.636,+0.990
1704076800,+3.28,+23.804, +0.622,+0.990
1704076860,+3.28,+23.796, +0.612,+0.990
1704076920,+3.28,+23.787, +0.610,+0.990
1704076980,+3.28,+23.796, +0.601,+0.990
1704077040,+3.28,+23.796, +0.595,+0.990
1704077100,+3.28,+23.754, +0.587,+0.989
1704077160,+3.28,+23.770, +0.579,+0.989
1704077220,+3.28,+23.745, +0.566,+0.989
1704077280,+3.28,+23.762, +0.558,+0.989
1704077340,+3.28,+23.770, +0.558,+0.989
1704077400,+3.28,+23.770, +0.544,+0.989
1704077460,+3.28,+23.762, +0.530,+0.989
1704077520,+3.28,+23.770, +0.525,+0.988
1704077580,+3.28,+23.745, +0.517,+0.988
1704077640,+3.28,+23.745, +0.512,+0.988
1704077700,+3.28,+23.745, +0.505,+0.988
1704077760,+3.28,+23.745, +0.496,+0.988
1704077820,+3.28,+23.745, +0.492,+0.988
1704077880,+3.28,+23.729, +0.495,+0.988
1704077940,+3.28,+23.712, +0.519,+0.988
1704078000,+3.28,+23.712, +0.538,+0.989
1704078060,+3.28,+23.720, +0.538,+0.989
1704078120,+3.28,+23.712, +0.525,+0.988
1704078180,+3.28,+23.703, +0.510,+0.988
1704078240,+3.28,+23.703, +0.503,+0.988
1704078300,+3.28,+23.703, +0.497,+0.988
1704078360,+3.28,+23.703, +0.486,+0.988
1704078420,+3.28,+23.703, +0.472,+0.987
1704078480,+3.28,+23.703, +0.456,+0.987
1704078540,+3.28,+23.687, +0.459,+0.987
1704078600,+3.28,+23.687, +0.471,+0.987
1704078660,+3.28,+23.678, +0.515,+0.988
1704078720,+3.28,+23.662, +0.551,+0.989
1704078780,+3.28,+23.670, +0.574,+0.989
1704078840,+3.28,+23.695, +0.587,+0.989
1704078900,+3.28,+23.687, +0.585,+0.989
1704078960,+3.28,+23.670, +0.577,+0.989
1704079020,+3.28,+23.670, +0.561,+0.989
1704079080,+3.28,+23.678, +0.565,+0.989
1704079140,+3.28,+23.653, +0.583,+0.989
1704079200,+3.28,+23.670, +0.590,+0.989
1704079260,+3.28,+23.662, +0.589,+0.990
1704079320,+3.28,+23.662, +0.579,+0.990
1704079380,+3.28,+23.678, +0.559,+0.989
1704079440,+3.28,+23.662, +0.535,+0.989
1704079500,+3.28,+23.678, +0.514,+0.988
1704079560,+3.28,+23.662, +0.495,+0.988
1704079620,+3.28,+23.636, +0.494,+0.988
1704079680,+3.28,+23.636, +0.514,+0.988
1704079740,+3.28,+23.636, +0.530,+0.989
1704079800,+3.28,+23.670, +0.536,+0.989
1704079860,+3.28,+23.636, +0.530,+0.989
1704079920,+3.28,+23.628, +0.518,+0.988
1704079980,+3.28,+23.653, +0.512,+0.988
1704080040,+3.28,+23.645, +0.503,+0.988
1704080100,+3.28,+23.662, +0.486,+0.988
1704080160,+3.28,+23.636, +0.469,+0.988
1704080220,+3.28,+23.645, +0.466,+0.987
1704080280,+3.28,+23.636, +0.472,+0.987
1704080340,+3.28,+23.636, +0.472,+0.987
1704080400,+3.28,+23.611, +0.488,+0.988
1704080460,+3.28,+23.611, +0.513,+0.988
1704080520,+3.28,+23.603, +0.537,+0.988
1704080580,+3.28,+23.611, +0.550,+0.989
1704080640,+3.28,+23.603, +0.580,+0.989
1704080700,+3.28,+23.578, +0.614,+0.990
1704080760,+3.28,+23.586, +0.620,+0.990
1704080820,+3.28,+23.578, +0.617,+0.990
1704080880,+3.28,+23.586, +0.621,+0.990
1704080940,+3.28,+23.595, +0.626,+0.990
1704081000,+3.28,+23.578, +0.611,+0.990
1704081060,+3.28,+23.595, +0.582,+0.990
1704081120,+3.28,+23.586, +0.548,+0.989
1704081180,+3.28,+23.578, +0.516,+0.988
1704081240,+3.28,+23.578, +0.501,+0.988
1704081300,+3.28,+23.569, +0.503,+0.988
1704081360,+3.28,+23.569, +0.500,+0.988
1704081420,+3.28,+23.578, +0.488,+0.988
1704081480,+3.28,+23.569, +0.471,+0.987
1704081540,+3.28,+23.561, +0.451,+0.987
1704081600,+3.28,+23.578, +0.427,+0.987
1704081660,+3.28,+23.578, +0.399,+0.986
1704081720,+3.28,+23.569, +0.372,+0.986
1704081780,+3.28,+23.578, +0.349,+0.985
1704081840,+3.28,+23.561, +0.332,+0.984
1704081900,+3.28,+23.561, +0.321,+0.984
1704081960,+3.28,+23.561, +0.307,+0.984
1704082020,+3.28,+23.536, +0.296,+0.984
1704082080,+3.28,+23.553, +0.297,+0.984
1704082140,+3.28,+23.536, +0.324,+0.984
1704082200,+3.28,+23.528, +0.356,+0.985
1704082260,+3.28,+23.528, +0.372,+0.986
1704082320,+3.28,+23.519, +0.385,+0.986
1704082380,+3.28,+23.528, +0.391,+0.986
1704082440,+3.28,+23.544, +0.382,+0.986
1704082500,+3.28,+23.544, +0.366,+0.985
1704082560,+3.28,+23.519, +0.347,+0.985
1704082620,+3.28,+23.519, +0.332,+0.985
1704082680,+3.28,+23.528, +0.315,+0.984
1704082740,+3.28,+23.511, +0.301,+0.984
1704082800,+3.28,+23.511, +0.292,+0.984
1704082860,+3.28,+23.511, +0.284,+0.983
1704082920,+3.28,+23.519, +0.276,+0.983
1704082980,+3.28,+23.502, +0.270,+0.983
1704083040,+3.28,+23.519, +0.260,+0.983
1704083100,+3.28,+23.511, +0.252,+0.983
1704083160,+3.28,+23.502, +0.249,+0.983
1704083220,+3.28,+23.511, +0.245,+0.983
1704083280,+3.28,+23.502, +0.239,+0.982
1704083340,+3.28,+23.494, +0.232,+0.982
1704083400,+3.28,+23.486, +0.226,+0.982
1704083460,+3.28,+23.494, +0.220,+0.982
1704083520,+3.28,+23.494, +0.213,+0.982
1704083580,+3.28,+23.477, +0.224,+0.982
1704083640,+3.28,+23.477, +0.276,+0.983
1704083700,+3.28,+23.461, +0.315,+0.984
1704083760,+3.28,+23.486, +0.327,+0.984
1704083820,+3.28,+23.461, +0.325,+0.984
1704083880,+3.28,+23.469, +0.316,+0.984
1704083940,+3.28,+23.477, +0.303,+0.984
1704084000,+3.28,+23.461, +0.302,+0.984
1704084060,+3.28,+23.452, +0.335,+0.985
1704084120,+3.28,+23.444, +0.373,+0.986
1704084180,+3.28,+23.469, +0.379,+0.986
1704084240,+3.28,+23.427, +0.370,+0.985
1704084300,+3.28,+23.444, +0.372,+0.985
1704084360,+3.28,+23.444, +0.366,+0.985
1704084420,+3.28,+23.452, +0.356,+0.985
1704084480,+3.28,+23.461, +0.342,+0.985
1704084540,+3.28,+23.452, +0.323,+0.985
1704084600,+3.28,+23.461, +0.299,+0.984
1704084660,+3.28,+23.435, +0.281,+0.983
1704084720,+3.28,+23.419, +0.283,+0.984
1704084780,+3.28,+23.410, +0.313,+0.984
1704084840,+3.28,+23.419, +0.361,+0.985
1704084900,+3.28,+23.402, +0.399,+0.986
1704084960,+3.28,+23.410, +0.403,+0.986
1704085020,+3.28,+23.419, +0.388,+0.986
1704085080,+3.28,+23.410, +0.377,+0.985
1704085140,+3.28,+23.410, +0.370,+0.985
1704085200,+3.28,+23.394, +0.373,+0.985
1704085260,+3.28,+23.394, +0.386,+0.985
1704085320,+3.28,+23.410, +0.385,+0.986
1704085380,+3.28,+23.410, +0.377,+0.985
1704085440,+3.28,+23.402, +0.352,+0.985
1704085500,+3.28,+23.402, +0.325,+0.984
1704085560,+3.28,+23.410, +0.300,+0.984
1704085620,+3.28,+23.402, +0.281,+0.983
1704085680,+3.28,+23.394, +0.328,+0.984
1704085740,+3.28,+23.377, +0.388,+0.986
1704085800,+3.28,+23.402, +0.427,+0.987
1704085860,+3.28,+23.385, +0.447,+0.987
1704085920,+3.28,+23.385, +0.440,+0.987
1704085980,+3.28,+23.394, +0.404,+0.986
1704086040,+3.28,+23.385, +0.362,+0.985
1704086100,+3.28,+23.385, +0.337,+0.985
1704086160,+3.28,+23.385, +0.320,+0.984
1704086220,+3.28,+23.360, +0.302,+0.984
1704086280,+3.28,+23.385, +0.284,+0.984
1704086340,+3.28,+23.377, +0.265,+0.983
1704086400,+3.28,+23.368, +0.251,+0.983
1704086460,+3.28,+23.368, +0.247,+0.982
1704086520,+3.28,+23.368, +0.251,+0.983
1704086580,+3.28,+23.352, +0.262,+0.982
1704086640,+3.28,+23.352, +0.274,+0.983
1704086700,+3.28,+23.360, +0.303,+0.983
1704086760,+3.28,+23.343, +0.326,+0.984
1704086820,+3.28,+23.368, +0.339,+0.984
1704086880,+3.28,+23.343, +0.335,+0.984
1704086940,+3.28,+23.343, +0.316,+0.984
1704087000,+3.28,+23.352, +0.306,+0.984
1704087060,+3.28,+23.352, +0.292,+0.983
1704087120,+3.28,+23.343, +0.269,+0.983
1704087180,+3.28,+23.352, +0.239,+0.982
1704087240,+3.28,+23.360, +0.222,+0.982
1704087300,+3.28,+23.343, +0.215,+0.981
1704087360,+3.28,+23.352, +0.195,+0.981
1704087420,+3.28,+23.327, +0.176,+0.980
1704087480,+3.28,+23.343, +0.153,+0.980
1704087540,+3.28,+23.335, +0.130,+0.979
1704087600,+3.28,+23.318, +0.112,+0.979
1704087660,+3.28,+23.327, +0.094,+0.978
1704087720,+3.28,+23.318, +0.083,+0.978
1704087780,+3.28,+23.327, +0.075,+0.978
1704087840,+3.28,+23.335, +0.069,+0.978
1704087900,+3.28,+23.335, +0.062,+0.977
1704087960,+3.28,+23.335, +0.058,+0.977
1704088020,+3.28,+23.318, +0.053,+0.977
1704088080,+3.28,+23.327, +0.047,+0.977
1704088140,+3.28,+23.318, +0.042,+0.977
1704088200,+3.28,+23.318, +0.039,+0.977
1704088260,+3.28,+23.310, +0.037,+0.977
1704088320,+3.28,+23.318, +0.037,+0.977
1704088380,+3.28,+23.318, +0.036,+0.976
1704088440,+3.28,+23.293, +0.036,+0.977
1704088500,+3.28,+23.310, +0.037,+0.977
1704088560,+3.28,+23.285, +0.038,+0.977
1704088620,+3.28,+23.310, +0.038,+0.977
1704088680,+3.28,+23.310, +0.038,+0.977
1704088740,+3.28,+23.268, +0.038,+0.977
1704088800,+3.28,+23.293, +0.037,+0.977
1704088860,+3.28,+23.293, +0.038,+0.977
1704088920,+3.28,+23.302, +0.039,+0.977
1704088980,+3.28,+23.293, +0.043,+0.977
1704089040,+3.28,+23.285, +0.046,+0.977
1704089100,+3.28,+23.276, +0.050,+0.977
1704089160,+3.28,+23.293, +0.048,+0.977
1704089220,+3.28,+23.285, +0.046,+0.977
1704089280,+3.28,+23.285, +0.043,+0.977
1704089340,+3.28,+23.260, +0.040,+0.977
1704089400,+3.28,+23.276, +0.037,+0.977
1704089460,+3.28,+23.260, +0.036,+0.977
1704089520,+3.28,+23.260, +0.037,+0.977
1704089580,+3.28,+23.268, +0.038,+0.977
1704089640,+3.28,+23.276, +0.039,+0.977
1704089700,+3.28,+23.260, +0.039,+0.977
1704089760,+3.28,+23.251, +0.039,+0.977
1704089820,+3.28,+23.243, +0.039,+0.977
1704089880,+3.28,+23.260, +0.040,+0.977
1704089940,+3.28,+23.243, +0.038,+0.977
1704090000,+3.28,+23.235, +0.038,+0.977
1704090060,+3.28,+23.235, +0.039,+0.977
1704090120,+3.28,+23.235, +0.038,+0.977
1704090180,+3.28,+23.251, +0.038,+0.977
1704090240,+3.28,+23.251, +0.037,+0.977
1704090300,+3.28,+23.243, +0.037,+0.977
1704090360,+3.28,+23.226, +0.036,+0.977
1704090420,+3.28,+23.226, +0.037,+0.977
1704090480,+3.28,+23.235, +0.036,+0.977
1704090540,+3.28,+23.218, +0.036,+0.977
1704090600,+3.28,+23.218, +0.035,+0.977
1704090660,+3.28,+23.209, +0.035,+0.977
1704090720,+3.28,+23.218, +0.035,+0.977
1704090780,+3.28,+23.209, +0.035,+0.977
1704090840,+3.28,+23.184, +0.036,+0.977
1704090900,+3.28,+23.218, +0.036,+0.977
1704090960,+3.28,+23.218, +0.038,+0.977
1704091020,+3.28,+23.218, +0.038,+0.977
1704091080,+3.28,+23.209, +0.042,+0.977
1704091140,+3.28,+23.201, +0.042,+0.977
1704091200,+3.28,+23.201, +0.040,+0.977
1704091260,+3.28,+23.159, +0.040,+0.977
1704091320,+3.28,+23.159, +0.038,+0.977
1704091380,+3.28,+23.159, +0.043,+0.977
1704091440,+3.28,+23.168, +0.055,+0.978
1704091500,+3.28,+23.159, +0.092,+0.978
1704091560,+3.28,+23.151, +0.204,+0.982
1704091620,+3.28,+23.143, +0.273,+0.983
1704091680,+3.28,+23.126, +0.291,+0.984
1704091740,+3.28,+23.117, +0.281,+0.984
1704091800,+3.28,+23.134, +0.261,+0.983
1704091860,+3.28,+23.134, +0.242,+0.983
1704091920,+3.28,+23.117, +0.230,+0.982
1704091980,+3.28,+23.134, +0.247,+0.983
1704092040,+3.28,+23.109, +0.285,+0.984
1704092100,+3.28,+23.126, +0.292,+0.984
1704092160,+3.28,+23.134, +0.293,+0.984
1704092220,+3.28,+23.109, +0.282,+0.984
1704092280,+3.28,+23.126, +0.268,+0.983
1704092340,+3.28,+23.134, +0.256,+0.983
1704092400,+3.28,+23.117, +0.243,+0.983
1704092460,+3.28,+23.126, +0.226,+0.982
1704092520,+3.28,+23.117, +0.207,+0.982
1704092580,+3.28,+23.117, +0.194,+0.981
1704092640,+3.28,+23.101, +0.181,+0.981
1704092700,+3.28,+23.109, +0.171,+0.981
1704092760,+3.28,+23.101, +0.175,+0.981
1704092820,+3.28,+23.092, +0.193,+0.981
1704092880,+3.28,+23.092, +0.188,+0.981
1704092940,+3.28,+23.092, +0.177,+0.981
1704093000,+3.28,+23.076, +0.167,+0.981
1704093060,+3.28,+23.101, +0.151,+0.980
1704093120,+3.28,+23.084, +0.137,+0.980
1704093180,+3.28,+23.084, +0.125,+0.979
1704093240,+3.28,+23.109, +0.117,+0.979
1704093300,+3.28,+23.084, +0.109,+0.979
1704093360,+3.28,+23.084, +0.098,+0.979
1704093420,+3.28,+23.084, +0.085,+0.978
1704093480,+3.28,+23.084, +0.070,+0.978
1704093540,+3.28,+23.076, +0.075,+0.978
1704093600,+3.28,+23.059, +0.121,+0.979
1704093660,+3.28,+23.050, +0.144,+0.980
1704093720,+3.28,+23.042, +0.168,+0.980
1704093780,+3.28,+23.076, +0.174,+0.981
1704093840,+3.28,+23.050, +0.165,+0.981
1704093900,+3.28,+23.050, +0.154,+0.980
1704093960,+3.28,+23.050, +0.140,+0.980
1704094020,+3.28,+23.059, +0.123,+0.979
1704094080,+3.28,+23.034, +0.128,+0.980
1704094140,+3.28,+23.042, +0.139,+0.980
1704094200,+3.28,+23.042, +0.135,+0.980
1704094260,+3.28,+23.042, +0.124,+0.979
1704094320,+3.28,+23.050, +0.108,+0.979
1704094380,+3.28,+23.034, +0.092,+0.979
1704094440,+3.28,+23.034, +0.076,+0.978
1704094500,+3.28,+23.042, +0.061,+0.978
1704094560,+3.28,+23.042, +0.052,+0.977
1704094620,+3.28,+23.034, +0.046,+0.977
1704094680,+3.28,+23.042, +0.042,+0.977
1704094740,+3.28,+23.017, +0.039,+0.977
1704094800,+3.28,+23.034, +0.039,+0.977
1704094860,+3.28,+23.025, +0.038,+0.977
1704094920,+3.28,+23.025, +0.037,+0.977
1704094980,+3.28,+23.050, +0.035,+0.977
1704095040,+3.28,+23.025, +0.033,+0.977
1704095100,+3.28,+23.050, +0.032,+0.977
1704095160,+3.28,+23.017, +0.033,+0.977
1704095220,+3.28,+23.025, +0.033,+0.977
1704095280,+3.28,+23.025, +0.032,+0.977
1704095340,+3.28,+23.009, +0.033,+0.977
1704095400,+3.28,+23.009, +0.033,+0.977
1704095460,+3.28,+23.017, +0.033,+0.977
1704095520,+3.28,+23.009, +0.033,+0.977
1704095580,+3.28,+23.017, +0.034,+0.977
1704095640,+3.28,+23.009, +0.034,+0.977
1704095700,+3.28,+23.017, +0.034,+0.977
1704095760,+3.28,+23.000, +0.036,+0.977
1704095820,+3.28,+23.017, +0.036,+0.977
1704095880,+3.28,+23.009, +0.036,+0.977
1704095940,+3.28,+22.975, +0.035,+0.977
1704096000,+3.28,+23.000, +0.035,+0.977
1704096060,+3.28,+22.992, +0.036,+0.977
1704096120,+3.28,+22.984, +0.038,+0.977
1704096180,+3.28,+22.992, +0.039,+0.977
1704096240,+3.28,+22.992, +0.039,+0.977
1704096300,+3.28,+22.984, +0.038,+0.977
1704096360,+3.28,+22.984, +0.039,+0.977
1704096420,+3.28,+22.992, +0.038,+0.977
1704096480,+3.28,+22.984, +0.036,+0.977
1704096540,+3.28,+22.984, +0.037,+0.977
1704096600,+3.28,+22.975, +0.036,+0.977
1704096660,+3.28,+22.967, +0.036,+0.977
1704096720,+3.28,+22.975, +0.035,+0.977
1704096780,+3.28,+22.975, +0.034,+0.977
1704096840,+3.28,+22.975, +0.032,+0.977
1704096900,+3.28,+22.975, +0.033,+0.977
1704096960,+3.28,+22.967, +0.034,+0.977
1704097020,+3.28,+22.958, +0.033,+0.977
1704097080,+3.28,+22.958, +0.035,+0.977
1704097140,+3.28,+22.950, +0.036,+0.977
1704097200,+3.28,+22.942, +0.037,+0.977
1704097260,+3.28,+22.967, +0.036,+0.977
1704097320,+3.28,+22.942, +0.035,+0.977
1704097380,+3.28,+22.950, +0.034,+0.977
1704097440,+3.28,+22.950, +0.035,+0.977
1704097500,+3.28,+22.950, +0.037,+0.977
1704097560,+3.28,+22.950, +0.037,+0.977
1704097620,+3.28,+22.950, +0.037,+0.977
1704097680,+3.28,+22.933, +0.036,+0.977
1704097740,+3.28,+22.942, +0.036,+0.977
1704097800,+3.28,+22.917, +0.037,+0.977
1704097860,+3.28,+22.925, +0.036,+0.977
1704097920,+3.28,+22.933, +0.037,+0.977
1704097980,+3.28,+22.933, +0.036,+0.977
1704098040,+3.28,+22.933, +0.035,+0.977
1704098100,+3.28,+22.942, +0.036,+0.977
1704098160,+3.28,+22.942, +0.035,+0.977
1704098220,+3.28,+22.933, +0.036,+0.977
1704098280,+3.28,+22.917, +0.038,+0.977
1704098340,+3.28,+22.933, +0.040,+0.977
1704098400,+3.28,+22.925, +0.042,+0.977
1704098460,+3.28,+22.917, +0.042,+0.977
1704098520,+3.28,+22.900, +0.040,+0.977
1704098580,+3.28,+22.908, +0.038,+0.977
1704098640,+3.28,+22.883, +0.037,+0.977
1704098700,+3.28,+22.900, +0.036,+0.977
1704098760,+3.28,+22.883, +0.036,+0.977
1704098820,+3.28,+22.900, +0.035,+0.977
1704098880,+3.28,+22.883, +0.034,+0.977
1704098940,+3.28,+22.892, +0.033,+0.977
1704099000,+3.28,+22.875, +0.034,+0.977
1704099060,+3.28,+22.892, +0.033,+0.977
1704099120,+3.28,+22.883, +0.034,+0.977
1704099180,+3.28,+22.866, +0.035,+0.977
1704099240,+3.28,+22.892, +0.034,+0.977
1704099300,+3.28,+22.866, +0.033,+0.977
1704099360,+3.28,+22.883, +0.035,+0.977
1704099420,+3.28,+22.875, +0.036,+0.977
1704099480,+3.28,+22.850, +0.035,+0.977
1704099540,+3.28,+22.850, +0.035,+0.977
1704099600,+3.28,+22.858, +0.034,+0.977
1704099660,+3.28,+22.841, +0.034,+0.977
1704099720,+3.28,+22.841, +0.034,+0.977
1704099780,+3.28,+22.850, +0.035,+0.977
1704099840,+3.28,+22.858, +0.036,+0.977
1704099900,+3.28,+22.866, +0.037,+0.977
1704099960,+3.28,+22.850, +0.038,+0.977
1704100020,+3.28,+22.841, +0.037,+0.977
1704100080,+3.28,+22.833, +0.035,+0.977
1704100140,+3.28,+22.825, +0.034,+0.977
1704100200,+3.28,+22.833, +0.033,+0.977
1704100260,+3.28,+22.841, +0.032,+0.977
1704100320,+3.28,+22.825, +0.032,+0.977
1704100380,+3.28,+22.825, +0.032,+0.977
1704100440,+3.28,+22.833, +0.031,+0.977
1704100500,+3.28,+22.833, +0.031,+0.977
1704100560,+3.28,+22.808, +0.032,+0.977
1704100620,+3.28,+22.808, +0.031,+0.977
1704100680,+3.28,+22.808, +0.031,+0.977
1704100740,+3.28,+22.800, +0.034,+0.977
1704100800,+3.28,+22.783, +0.035,+0.977
1704100860,+3.28,+22.783, +0.035,+0.977
1704100920,+3.28,+22.791, +0.033,+0.977
1704100980,+3.28,+22.783, +0.033,+0.977
1704101040,+3.28,+22.791, +0.033,+0.977
1704101100,+3.28,+22.800, +0.035,+0.977
1704101160,+3.28,+22.791, +0.035,+0.977
1704101220,+3.28,+22.808, +0.035,+0.977
1704101280,+3.28,+22.800, +0.037,+0.977
1704101340,+3.28,+22.791, +0.036,+0.977
1704101400,+3.28,+22.783, +0.035,+0.977
1704101460,+3.28,+22.791, +0.035,+0.977
1704101520,+3.28,+22.791, +0.033,+0.977
1704101580,+3.28,+22.774, +0.033,+0.977
1704101640,+3.28,+22.783, +0.033,+0.977
1704101700,+3.28,+22.783, +0.033,+0.977
1704101760,+3.28,+22.774, +0.033,+0.977
1704101820,+3.28,+22.783, +0.032,+0.977
1704101880,+3.28,+22.749, +0.033,+0.977
1704101940,+3.28,+22.774, +0.035,+0.977
1704102000,+3.28,+22.766, +0.035,+0.977
1704102060,+3.28,+22.758, +0.035,+0.977
1704102120,+3.28,+22.766, +0.033,+0.977
1704102180,+3.28,+22.758, +0.033,+0.977
1704102240,+3.28,+22.758, +0.033,+0.977
1704102300,+3.28,+22.749, +0.033,+0.977
1704102360,+3.28,+22.749, +0.031,+0.977
1704102420,+3.28,+22.741, +0.032,+0.977
1704102480,+3.28,+22.741, +0.035,+0.977
1704102540,+3.28,+22.733, +0.034,+0.977
1704102600,+3.28,+22.749, +0.033,+0.977
1704102660,+3.28,+22.741, +0.032,+0.977
1704102720,+3.28,+22.741, +0.032,+0.977
1704102780,+3.28,+22.716, +0.032,+0.977
1704102840,+3.28,+22.716, +0.033,+0.977
1704102900,+3.28,+22.733, +0.031,+0.977
1704102960,+3.28,+22.716, +0.031,+0.977
1704103020,+3.28,+22.716, +0.033,+0.977
1704103080,+3.28,+22.716, +0.033,+0.977
1704103140,+3.28,+22.716, +0.033,+0.977
1704103200,+3.28,+22.716, +0.033,+0.977
1704103260,+3.28,+22.716, +0.032,+0.977
1704103320,+3.28,+22.691, +0.034,+0.977
1704103380,+3.28,+22.691, +0.040,+0.977
1704103440,+3.28,+22.666, +0.048,+0.977
1704103500,+3.28,+22.666, +0.049,+0.977
1704103560,+3.28,+22.657, +0.048,+0.977
1704103620,+3.28,+22.657, +0.044,+0.977
1704103680,+3.28,+22.674, +0.041,+0.977
1704103740,+3.28,+22.657, +0.045,+0.977
1704103800,+3.28,+22.666, +0.048,+0.977
1704103860,+3.28,+22.657, +0.045,+0.977
1704103920,+3.28,+22.674, +0.037,+0.977
1704103980,+3.28,+22.666, +0.035,+0.977
1704104040,+3.28,+22.649, +0.042,+0.977
1704104100,+3.28,+22.674, +0.070,+0.978
1704104160,+3.28,+22.657, +0.083,+0.978
1704104220,+3.28,+22.666, +0.074,+0.978
1704104280,+3.28,+22.666, +0.061,+0.978
1704104340,+3.28,+22.657, +0.052,+0.977
1704104400,+3.28,+22.666, +0.041,+0.977
1704104460,+3.28,+22.666, +0.036,+0.977
1704104520,+3.28,+22.641, +0.036,+0.977
1704104580,+3.28,+22.674, +0.034,+0.977
1704104640,+3.28,+22.632, +0.034,+0.977
1704104700,+3.28,+22.657, +0.034,+0.977
1704104760,+3.28,+22.641, +0.034,+0.977
1704104820,+3.28,+22.657, +0.035,+0.977
1704104880,+3.28,+22.641, +0.035,+0.977
1704104940,+3.28,+22.624, +0.041,+0.977
1704105000,+3.28,+22.616, +0.050,+0.977
1704105060,+3.28,+22.616, +0.059,+0.978
1704105120,+3.28,+22.607, +0.061,+0.978
1704105180,+3.28,+22.632, +0.057,+0.978
1704105240,+3.28,+22.632, +0.047,+0.977
1704105300,+3.28,+22.616, +0.038,+0.977
1704105360,+3.28,+22.632, +0.035,+0.977
1704105420,+3.28,+22.624, +0.034,+0.977
1704105480,+3.28,+22.624, +0.034,+0.977
1704105540,+3.28,+22.616, +0.034,+0.977
1704105600,+3.28,+22.624, +0.035,+0.977
1704105660,+3.28,+22.616, +0.036,+0.977
1704105720,+3.28,+22.607, +0.044,+0.977
1704105780,+3.28,+22.616, +0.044,+0.977
1704105840,+3.28,+22.632, +0.037,+0.977
1704105900,+3.28,+22.624, +0.033,+0.977
1704105960,+3.28,+22.616, +0.033,+0.977
1704106020,+3.28,+22.607, +0.032,+0.977
1704106080,+3.28,+22.624, +0.032,+0.977
1704106140,+3.28,+22.616, +0.034,+0.977
1704106200,+3.28,+22.616, +0.034,+0.977
1704106260,+3.28,+22.624, +0.034,+0.977
1704106320,+3.28,+22.607, +0.032,+0.977
1704106380,+3.28,+22.574, +0.033,+0.977
1704106440,+3.28,+22.599, +0.034,+0.977
1704106500,+3.28,+22.599, +0.034,+0.977
1704106560,+3.28,+22.590, +0.034,+0.977
1704106620,+3.28,+22.590, +0.033,+0.977
1704106680,+3.28,+22.582, +0.033,+0.977
1704106740,+3.28,+22.590, +0.033,+0.977
1704106800,+3.28,+22.574, +0.033,+0.977
1704106860,+3.28,+22.582, +0.034,+0.977
1704106920,+3.28,+22.574, +0.035,+0.977
1704106980,+3.28,+22.565, +0.034,+0.977
1704107040,+3.28,+22.557, +0.043,+0.977
1704107100,+3.28,+22.549, +0.053,+0.977
1704107160,+3.28,+22.549, +0.078,+0.978
1704107220,+3.28,+22.540, +0.090,+0.979
1704107280,+3.28,+22.540, +0.082,+0.978
1704107340,+3.28,+22.557, +0.063,+0.978
1704107400,+3.28,+22.549, +0.048,+0.977
1704107460,+3.28,+22.540, +0.042,+0.977
1704107520,+3.28,+22.532, +0.046,+0.977
1704107580,+3.28,+22.532, +0.054,+0.978
1704107640,+3.28,+22.515, +0.060,+0.978
1704107700,+3.28,+22.515, +0.060,+0.978
1704107760,+3.28,+22.532, +0.054,+0.977
1704107820,+3.28,+22.532, +0.050,+0.977
1704107880,+3.28,+22.515, +0.054,+0.977
1704107940,+3.28,+22.499, +0.069,+0.978
1704108000,+3.28,+22.482, +0.088,+0.978
1704108060,+3.28,+22.507, +0.095,+0.979
1704108120,+3.28,+22.515, +0.083,+0.978
1704108180,+3.28,+22.515, +0.071,+0.978
1704108240,+3.28,+22.490, +0.062,+0.978
1704108300,+3.28,+22.490, +0.053,+0.977
1704108360,+3.28,+22.499, +0.045,+0.977
1704108420,+3.28,+22.499, +0.044,+0.977
1704108480,+3.28,+22.499, +0.043,+0.977
1704108540,+3.28,+22.499, +0.040,+0.977
1704108600,+3.28,+22.524, +0.036,+0.977
1704108660,+3.28,+22.515, +0.035,+0.977
1704108720,+3.28,+22.515, +0.035,+0.977
1704108780,+3.28,+22.499, +0.037,+0.977
1704108840,+3.28,+22.499, +0.035,+0.977
1704108900,+3.28,+22.507, +0.034,+0.977
1704108960,+3.28,+22.499, +0.033,+0.977
1704109020,+3.28,+22.507, +0.033,+0.977
1704109080,+3.28,+22.499, +0.032,+0.977
1704109140,+3.28,+22.499, +0.032,+0.977
1704109200,+3.28,+22.482, +0.032,+0.977
1704109260,+3.28,+22.499, +0.033,+0.977
1704109320,+3.28,+22.499, +0.032,+0.977
1704109380,+3.28,+22.482, +0.035,+0.977
1704109440,+3.28,+22.473, +0.036,+0.977
1704109500,+3.28,+22.499, +0.034,+0.977
1704109560,+3.28,+22.482, +0.033,+0.977
1704109620,+3.28,+22.482, +0.033,+0.977
1704109680,+3.28,+22.490, +0.033,+0.977
1704109740,+3.28,+22.499, +0.031,+0.977
1704109800,+3.28,+22.482, +0.031,+0.977
1704109860,+3.28,+22.482, +0.032,+0.977
1704109920,+3.28,+22.490, +0.032,+0.977
1704109980,+3.28,+22.490, +0.031,+0.977
1704110040,+3.28,+22.490, +0.031,+0.977
1704110100,+3.28,+22.482, +0.031,+0.977
1704110160,+3.28,+22.473, +0.031,+0.977
1704110220,+3.28,+22.482, +0.032,+0.977
1704110280,+3.28,+22.473, +0.034,+0.977
1704110340,+3.28,+22.482, +0.033,+0.977
1704110400,+3.28,+22.490, +0.033,+0.977
1704110460,+3.28,+22.482, +0.033,+0.977
1704110520,+3.28,+22.465, +0.033,+0.977
1704110580,+3.28,+22.482, +0.033,+0.977
1704110640,+3.28,+22.473, +0.032,+0.977
1704110700,+3.28,+22.482, +0.032,+0.977
1704110760,+3.28,+22.473, +0.035,+0.977
1704110820,+3.28,+22.465, +0.034,+0.977
1704110880,+3.28,+22.465, +0.036,+0.977
1704110940,+3.28,+22.448, +0.037,+0.977
1704111000,+3.28,+22.465, +0.037,+0.977
1704111060,+3.28,+22.465, +0.038,+0.977
1704111120,+3.28,+22.465, +0.038,+0.977
1704111180,+3.28,+22.473, +0.038,+0.977
1704111240,+3.28,+22.465, +0.037,+0.977
1704111300,+3.28,+22.465, +0.037,+0.977
1704111360,+3.28,+22.482, +0.034,+0.977
1704111420,+3.28,+22.482, +0.034,+0.977
1704111480,+3.28,+22.499, +0.033,+0.977
1704111540,+3.28,+22.473, +0.034,+0.977
1704111600,+3.28,+22.482, +0.033,+0.977
1704111660,+3.28,+22.482, +0.033,+0.977
1704111720,+3.28,+22.490, +0.033,+0.977
1704111780,+3.28,+22.473, +0.034,+0.977
1704111840,+3.28,+22.482, +0.035,+0.977
1704111900,+3.28,+22.482, +0.035,+0.977
1704111960,+3.28,+22.482, +0.035,+0.977
1704112020,+3.28,+22.490, +0.035,+0.977
1704112080,+3.28,+22.499, +0.035,+0.977
1704112140,+3.28,+22.499, +0.036,+0.977
1704112200,+3.28,+22.499, +0.037,+0.977
1704112260,+3.28,+22.499, +0.039,+0.977
1704112320,+3.28,+22.507, +0.038,+0.977
1704112380,+3.28,+22.482, +0.037,+0.977
1704112440,+3.28,+22.499, +0.036,+0.977
1704112500,+3.28,+22.524, +0.036,+0.977
1704112560,+3.28,+22.507, +0.037,+0.977
1704112620,+3.28,+22.507, +0.036,+0.977
1704112680,+3.28,+22.507, +0.037,+0.977
1704112740,+3.28,+22.507, +0.038,+0.977
1704112800,+3.28,+22.499, +0.040,+0.977
1704112860,+3.28,+22.532, +0.041,+0.977
1704112920,+3.28,+22.532, +0.042,+0.977
1704112980,+3.28,+22.515, +0.042,+0.977
1704113040,+3.28,+22.540, +0.044,+0.977
1704113100,+3.28,+22.540, +0.045,+0.977
1704113160,+3.28,+22.540, +0.047,+0.977
1704113220,+3.28,+22.565, +0.047,+0.977
1704113280,+3.28,+22.565, +0.049,+0.977
1704113340,+3.28,+22.557, +0.054,+0.977
1704113400,+3.28,+22.557, +0.064,+0.978
1704113460,+3.28,+22.565, +0.071,+0.978
1704113520,+3.28,+22.565, +0.070,+0.978
1704113580,+3.28,+22.565, +0.066,+0.978
1704113640,+3.28,+22.574, +0.060,+0.978
1704113700,+3.28,+22.582, +0.055,+0.978
1704113760,+3.28,+22.582, +0.051,+0.977
1704113820,+3.28,+22.607, +0.050,+0.977
1704113880,+3.28,+22.590, +0.051,+0.977
1704113940,+3.28,+22.590, +0.054,+0.977
1704114000,+3.28,+22.616, +0.052,+0.977
1704114060,+3.28,+22.607, +0.051,+0.977
1704114120,+3.28,+22.616, +0.049,+0.977
1704114180,+3.28,+22.607, +0.059,+0.978
1704114240,+3.28,+22.607, +0.060,+0.978
1704114300,+3.28,+22.616, +0.068,+0.978
1704114360,+3.28,+22.616, +0.078,+0.978
1704114420,+3.28,+22.624, +0.085,+0.978
1704114480,+3.28,+22.616, +0.084,+0.978
1704114540,+3.28,+22.624, +0.081,+0.978
1704114600,+3.28,+22.649, +0.076,+0.978
1704114660,+3.28,+22.657, +0.070,+0.978
1704114720,+3.28,+22.641, +0.066,+0.978
1704114780,+3.28,+22.657, +0.061,+0.978
1704114840,+3.28,+22.649, +0.057,+0.978
1704114900,+3.28,+22.657, +0.052,+0.977
1704114960,+3.28,+22.657, +0.048,+0.977
1704115020,+3.28,+22.674, +0.046,+0.977
1704115080,+3.28,+22.682, +0.043,+0.977
1704115140,+3.28,+22.674, +0.042,+0.977
1704115200,+3.28,+22.674, +0.040,+0.977
1704115260,+3.28,+22.682, +0.037,+0.977
1704115320,+3.28,+22.691, +0.035,+0.977
1704115380,+3.28,+22.699, +0.036,+0.977
1704115440,+3.28,+22.708, +0.037,+0.977
1704115500,+3.28,+22.699, +0.038,+0.977
1704115560,+3.28,+22.708, +0.040,+0.977
1704115620,+3.28,+22.724, +0.043,+0.977
1704115680,+3.28,+22.708, +0.045,+0.977
1704115740,+3.28,+22.716, +0.045,+0.977
1704115800,+3.28,+22.724, +0.044,+0.977
1704115860,+3.28,+22.716, +0.044,+0.977
1704115920,+3.28,+22.733, +0.043,+0.977
1704115980,+3.28,+22.733, +0.041,+0.977
1704116040,+3.28,+22.733, +0.038,+0.977
1704116100,+3.28,+22.733, +0.036,+0.977
1704116160,+3.28,+22.724, +0.035,+0.977
1704116220,+3.28,+22.741, +0.034,+0.977
1704116280,+3.28,+22.741, +0.034,+0.977
1704116340,+3.28,+22.741, +0.034,+0.977
1704116400,+3.28,+22.741, +0.035,+0.977
1704116460,+3.28,+22.758, +0.036,+0.977
1704116520,+3.28,+22.774, +0.035,+0.977
1704116580,+3.28,+22.749, +0.034,+0.977
1704116640,+3.28,+22.758, +0.034,+0.977
1704116700,+3.28,+22.766, +0.034,+0.977
1704116760,+3.28,+22.766, +0.034,+0.977
1704116820,+3.28,+22.766, +0.034,+0.977
1704116880,+3.28,+22.766, +0.034,+0.977
1704116940,+3.28,+22.774, +0.034,+0.977
1704117000,+3.28,+22.791, +0.033,+0.977
1704117060,+3.28,+22.783, +0.033,+0.977
1704117120,+3.28,+22.783, +0.033,+0.977
1704117180,+3.28,+22.791, +0.033,+0.977
1704117240,+3.28,+22.791, +0.033,+0.977
1704117300,+3.28,+22.808, +0.034,+0.977
1704117360,+3.28,+22.808, +0.033,+0.977
1704117420,+3.28,+22.816, +0.034,+0.977
1704117480,+3.28,+22.808, +0.034,+0.977
1704117540,+3.28,+22.808, +0.034,+0.977
1704117600,+3.28,+22.825, +0.035,+0.977
1704117660,+3.28,+22.833, +0.035,+0.977
1704117720,+3.28,+22.808, +0.037,+0.977
1704117780,+3.28,+22.816, +0.038,+0.977
1704117840,+3.28,+22.841, +0.039,+0.977
1704117900,+3.28,+22.833, +0.040,+0.977
1704117960,+3.28,+22.816, +0.040,+0.977
1704118020,+3.28,+22.850, +0.039,+0.977
1704118080,+3.28,+22.858, +0.039,+0.977
1704118140,+3.28,+22.858, +0.038,+0.977
1704118200,+3.28,+22.858, +0.038,+0.977
1704118260,+3.28,+22.866, +0.038,+0.977
1704118320,+3.28,+22.883, +0.038,+0.977
1704118380,+3.28,+22.892, +0.037,+0.977
1704118440,+3.28,+22.892, +0.035,+0.977
1704118500,+3.28,+22.883, +0.034,+0.977
1704118560,+3.28,+22.917, +0.034,+0.977
1704118620,+3.28,+22.925, +0.034,+0.977
1704118680,+3.28,+22.917, +0.034,+0.977
1704118740,+3.28,+22.900, +0.034,+0.977
1704118800,+3.28,+22.942, +0.034,+0.977
1704118860,+3.28,+22.933, +0.033,+0.977
1704118920,+3.28,+22.942, +0.033,+0.977
1704118980,+3.28,+22.942, +0.032,+0.977
1704119040,+3.28,+22.950, +0.032,+0.977
1704119100,+3.28,+22.967, +0.032,+0.977
1704119160,+3.28,+22.975, +0.034,+0.977
1704119220,+3.28,+22.975, +0.034,+0.977
1704119280,+3.28,+22.975, +0.034,+0.977
1704119340,+3.28,+22.984, +0.032,+0.977
1704119400,+3.28,+22.984, +0.032,+0.977
1704119460,+3.28,+23.000, +0.032,+0.977
1704119520,+3.28,+23.009, +0.032,+0.977
1704119580,+3.28,+23.017, +0.032,+0.977
1704119640,+3.28,+23.009, +0.032,+0.977
1704119700,+3.28,+23.025, +0.031,+0.976
1704119760,+3.28,+23.017, +0.033,+0.977
1704119820,+3.28,+23.042, +0.034,+0.977
1704119880,+3.28,+23.067, +0.034,+0.977
1704119940,+3.28,+23.076, +0.034,+0.977
1704120000,+3.28,+23.076, +0.037,+0.977
1704120060,+3.28,+23.084, +0.037,+0.977
1704120120,+3.28,+23.101, +0.035,+0.977
1704120180,+3.28,+23.117, +0.035,+0.977
1704120240,+3.28,+23.109, +0.033,+0.977
1704120300,+3.28,+23.126, +0.033,+0.976
1704120360,+3.28,+23.117, +0.032,+0.977
1704120420,+3.28,+23.134, +0.032,+0.976
1704120480,+3.28,+23.143, +0.032,+0.976
1704120540,+3.28,+23.159, +0.032,+0.976
1704120600,+3.28,+23.168, +0.032,+0.977
1704120660,+3.28,+23.176, +0.032,+0.977
1704120720,+3.28,+23.168, +0.032,+0.977
1704120780,+3.28,+23.184, +0.033,+0.977
1704120840,+3.28,+23.209, +0.032,+0.977
1704120900,+3.28,+23.218, +0.032,+0.977
1704120960,+3.28,+23.201, +0.032,+0.977
1704121020,+3.28,+23.235, +0.032,+0.976
1704121080,+3.28,+23.243, +0.031,+0.977
1704121140,+3.28,+23.260, +0.032,+0.976
1704121200,+3.28,+23.260, +0.032,+0.977
1704121260,+3.28,+23.235, +0.032,+0.976
1704121320,+3.28,+23.268, +0.032,+0.977
1704121380,+3.28,+23.285, +0.032,+0.977
1704121440,+3.28,+23.285, +0.032,+0.976
1704121500,+3.28,+23.285, +0.031,+0.977
1704121560,+3.28,+23.310, +0.031,+0.976
1704121620,+3.28,+23.310, +0.031,+0.977
1704121680,+3.28,+23.318, +0.032,+0.976
1704121740,+3.28,+23.335, +0.032,+0.976
1704121800,+3.28,+23.343, +0.031,+0.976
1704121860,+3.28,+23.343, +0.031,+0.976
1704121920,+3.28,+23.368, +0.032,+0.976
1704121980,+3.28,+23.368, +0.032,+0.976
1704122040,+3.28,+23.360, +0.031,+0.976
1704122100,+3.28,+23.368, +0.031,+0.976
1704122160,+3.28,+23.385, +0.033,+0.976
1704122220,+3.28,+23.410, +0.036,+0.977
1704122280,+3.28,+23.394, +0.037,+0.977
1704122340,+3.28,+23.427, +0.033,+0.977
1704122400,+3.28,+23.419, +0.032,+0.976
1704122460,+3.28,+23.419, +0.032,+0.976
1704122520,+3.28,+23.419, +0.032,+0.976
1704122580,+3.28,+23.435, +0.031,+0.976
1704122640,+3.28,+23.435, +0.032,+0.976
1704122700,+3.28,+23.461, +0.031,+0.976
1704122760,+3.28,+23.461, +0.031,+0.976
1704122820,+3.28,+23.469, +0.031,+0.976
1704122880,+3.28,+23.477, +0.031,+0.976
1704122940,+3.28,+23.477, +0.031,+0.976
1704123000,+3.28,+23.477, +0.031,+0.976
1704123060,+3.28,+23.494, +0.030,+0.976
1704123120,+3.28,+23.502, +0.031,+0.976
1704123180,+3.28,+23.519, +0.031,+0.976
1704123240,+3.28,+23.511, +0.032,+0.976
1704123300,+3.28,+23.528, +0.032,+0.977
1704123360,+3.28,+23.528, +0.032,+0.976
1704123420,+3.28,+23.536, +0.032,+0.976
1704123480,+3.28,+23.536, +0.031,+0.976
1704123540,+3.28,+23.561, +0.031,+0.976
1704123600,+3.28,+23.561, +0.031,+0.976
1704123660,+3.28,+23.561, +0.031,+0.976
1704123720,+3.28,+23.569, +0.031,+0.976
1704123780,+3.28,+23.578, +0.032,+0.976
1704123840,+3.28,+23.578, +0.032,+0.976
1704123900,+3.28,+23.586, +0.032,+0.976
1704123960,+3.28,+23.620, +0.032,+0.976
1704124020,+3.28,+23.620, +0.032,+0.976
1704124080,+3.28,+23.611, +0.033,+0.976
1704124140,+3.28,+23.645, +0.034,+0.976
1704124200,+3.28,+23.636, +0.032,+0.976
1704124260,+3.28,+23.662, +0.033,+0.977
1704124320,+3.28,+23.645, +0.033,+0.977
1704124380,+3.28,+23.670, +0.032,+0.976
1704124440,+3.28,+23.662, +0.033,+0.976
1704124500,+3.28,+23.712, +0.037,+0.977
1704124560,+3.28,+23.687, +0.032,+0.976
1704124620,+3.28,+23.687, +0.032,+0.976
1704124680,+3.28,+23.687, +0.032,+0.976
1704124740,+3.28,+23.712, +0.036,+0.977
1704124800,+3.28,+23.770, +0.036,+0.977
1704124860,+3.28,+23.762, +0.035,+0.977
1704124920,+3.28,+23.737, +0.033,+0.977
1704124980,+3.28,+23.737, +0.035,+0.976
1704125040,+3.28,+23.779, +0.042,+0.977
1704125100,+3.28,+23.821, +0.044,+0.977
1704125160,+3.28,+23.863, +0.049,+0.977
1704125220,+3.28,+23.888, +0.052,+0.977
1704125280,+3.28,+23.896, +0.057,+0.977
1704125340,+3.28,+23.921, +0.058,+0.977
1704125400,+3.28,+23.896, +0.047,+0.977
1704125460,+3.28,+23.879, +0.041,+0.977
1704125520,+3.28,+23.879, +0.039,+0.977
1704125580,+3.28,+23.879, +0.036,+0.976
1704125640,+3.28,+23.863, +0.034,+0.976
1704125700,+3.28,+23.863, +0.034,+0.976
1704125760,+3.28,+23.888, +0.036,+0.976
1704125820,+3.28,+23.888, +0.041,+0.977
1704125880,+3.28,+23.921, +0.037,+0.976
1704125940,+3.28,+23.913, +0.033,+0.976
1704126000,+3.28,+23.904, +0.032,+0.976
1704126060,+3.28,+23.921, +0.031,+0.976
1704126120,+3.28,+23.921, +0.032,+0.976
1704126180,+3.28,+23.921, +0.033,+0.976
1704126240,+3.28,+23.913, +0.031,+0.976
1704126300,+3.28,+23.946, +0.032,+0.976
1704126360,+3.28,+23.955, +0.035,+0.976
1704126420,+3.28,+24.005, +0.038,+0.977
1704126480,+3.28,+24.005, +0.036,+0.976
1704126540,+3.28,+24.005, +0.034,+0.976
1704126600,+3.28,+24.013, +0.034,+0.976
1704126660,+3.28,+24.013, +0.033,+0.976
1704126720,+3.28,+24.022, +0.034,+0.976
1704126780,+3.28,+24.022, +0.033,+0.976
1704126840,+3.28,+24.039, +0.035,+0.976
1704126900,+3.28,+24.047, +0.034,+0.976
1704126960,+3.28,+24.047, +0.033,+0.976
1704127020,+3.28,+24.072, +0.032,+0.976
1704127080,+3.28,+24.081, +0.031,+0.976
1704127140,+3.28,+24.081, +0.032,+0.976
1704127200,+3.28,+24.106, +0.033,+0.976
1704127260,+3.28,+24.114, +0.032,+0.976
1704127320,+3.28,+24.114, +0.034,+0.977
1704127380,+3.28,+24.148, +0.036,+0.977
1704127440,+3.28,+24.181, +0.039,+0.976
1704127500,+3.28,+24.190, +0.040,+0.977
1704127560,+3.28,+24.206, +0.040,+0.976
1704127620,+3.28,+24.190, +0.040,+0.976
1704127680,+3.28,+24.181, +0.039,+0.977
1704127740,+3.28,+24.206, +0.035,+0.976
1704127800,+3.28,+24.223, +0.034,+0.976
1704127860,+3.28,+24.223, +0.033,+0.976
1704127920,+3.28,+24.223, +0.034,+0.976
1704127980,+3.28,+24.240, +0.033,+0.976
1704128040,+3.28,+24.257, +0.032,+0.976
1704128100,+3.28,+24.265, +0.033,+0.976
1704128160,+3.28,+24.273, +0.033,+0.976
1704128220,+3.28,+24.273, +0.034,+0.976
1704128280,+3.28,+24.299, +0.034,+0.976
1704128340,+3.28,+24.332, +0.036,+0.976
1704128400,+3.28,+24.324, +0.034,+0.976
1704128460,+3.28,+24.332, +0.033,+0.976
1704128520,+3.28,+24.349, +0.032,+0.976
1704128580,+3.28,+24.341, +0.032,+0.976
1704128640,+3.28,+24.366, +0.032,+0.976
1704128700,+3.28,+24.374, +0.031,+0.976
1704128760,+3.28,+24.374, +0.031,+0.976
1704128820,+3.28,+24.382, +0.031,+0.976
1704128880,+3.28,+24.391, +0.031,+0.976
1704128940,+3.28,+24.408, +0.031,+0.976
1704129000,+3.28,+24.408, +0.033,+0.976
1704129060,+3.28,+24.424, +0.033,+0.976
1704129120,+3.28,+24.424, +0.033,+0.976
1704129180,+3.28,+24.433, +0.033,+0.976
1704129240,+3.28,+24.450, +0.033,+0.976
1704129300,+3.28,+24.458, +0.035,+0.976
1704129360,+3.28,+24.475, +0.036,+0.976
1704129420,+3.28,+24.492, +0.037,+0.976
1704129480,+3.28,+24.492, +0.038,+0.976
1704129540,+3.28,+24.492, +0.040,+0.976
1704129600,+3.28,+24.517, +0.042,+0.977
1704129660,+3.28,+24.508, +0.044,+0.977
1704129720,+3.28,+24.508, +0.045,+0.977
1704129780,+3.28,+24.534, +0.047,+0.977
1704129840,+3.28,+24.542, +0.048,+0.977
1704129900,+3.28,+24.542, +0.050,+0.977
1704129960,+3.28,+24.567, +0.055,+0.977
1704130020,+3.28,+24.559, +0.060,+0.977
1704130080,+3.28,+24.575, +0.060,+0.977
1704130140,+3.28,+24.584, +0.059,+0.977
1704130200,+3.28,+24.592, +0.058,+0.977
1704130260,+3.28,+24.601, +0.057,+0.977
1704130320,+3.28,+24.609, +0.054,+0.977
1704130380,+3.28,+24.601, +0.052,+0.977
1704130440,+3.28,+24.601, +0.052,+0.977
1704130500,+3.28,+24.617, +0.051,+0.977
1704130560,+3.28,+24.634, +0.051,+0.977
1704130620,+3.28,+24.651, +0.051,+0.977
1704130680,+3.28,+24.634, +0.054,+0.977
1704130740,+3.28,+24.651, +0.058,+0.977
1704130800,+3.28,+24.668, +0.064,+0.977
1704130860,+3.28,+24.668, +0.068,+0.977
1704130920,+3.28,+24.685, +0.074,+0.977
1704130980,+3.28,+24.693, +0.076,+0.977
1704131040,+3.28,+24.710, +0.084,+0.978
1704131100,+3.28,+24.710, +0.088,+0.978
1704131160,+3.28,+24.718, +0.098,+0.978
1704131220,+3.28,+24.735, +0.092,+0.978
1704131280,+3.28,+24.735, +0.086,+0.978
1704131340,+3.28,+24.752, +0.082,+0.977
1704131400,+3.28,+24.760, +0.084,+0.978
1704131460,+3.28,+24.743, +0.089,+0.978
1704131520,+3.28,+24.752, +0.094,+0.978
1704131580,+3.28,+24.760, +0.100,+0.978
1704131640,+3.28,+24.769, +0.108,+0.978
1704131700,+3.28,+24.760, +0.111,+0.978
1704131760,+3.28,+24.794, +0.116,+0.978
1704131820,+3.28,+24.827, +0.119,+0.978
1704131880,+3.28,+24.827, +0.116,+0.978
1704131940,+3.28,+24.819, +0.106,+0.978
1704132000,+3.28,+24.844, +0.106,+0.978
1704132060,+3.28,+24.836, +0.101,+0.978
1704132120,+3.28,+24.878, +0.103,+0.978
1704132180,+3.28,+24.878, +0.104,+0.978
1704132240,+3.28,+24.928, +0.098,+0.978
1704132300,+3.28,+24.937, +0.093,+0.978
1704132360,+3.28,+24.903, +0.086,+0.978
1704132420,+3.28,+24.886, +0.081,+0.978
1704132480,+3.28,+24.903, +0.080,+0.977
1704132540,+3.28,+24.895, +0.080,+0.977
1704132600,+3.28,+24.895, +0.083,+0.977
1704132660,+3.28,+24.911, +0.086,+0.978
1704132720,+3.28,+24.928, +0.089,+0.978
1704132780,+3.28,+24.928, +0.090,+0.978
1704132840,+3.28,+24.937, +0.095,+0.978
1704132900,+3.28,+24.954, +0.097,+0.978
1704132960,+3.28,+24.970, +0.104,+0.978
1704133020,+3.28,+24.987, +0.104,+0.978
1704133080,+3.28,+24.996, +0.101,+0.978
1704133140,+3.28,+24.970, +0.099,+0.978
1704133200,+3.28,+24.954, +0.101,+0.978
1704133260,+3.28,+24.962, +0.104,+0.978
1704133320,+3.28,+24.954, +0.111,+0.978
1704133380,+3.28,+24.945, +0.116,+0.978
1704133440,+3.28,+24.979, +0.120,+0.978
1704133500,+3.28,+24.979, +0.123,+0.978
1704133560,+3.28,+24.970, +0.126,+0.978
1704133620,+3.28,+24.954, +0.128,+0.978
1704133680,+3.28,+24.954, +0.130,+0.979
1704133740,+3.28,+24.970, +0.127,+0.978
1704133800,+3.28,+24.979, +0.129,+0.979
1704133860,+3.28,+24.987, +0.139,+0.979
1704133920,+3.28,+25.004, +0.169,+0.980
1704133980,+3.28,+25.021, +0.193,+0.981
1704134040,+3.28,+25.012, +0.203,+0.981
1704134100,+3.28,+25.021, +0.211,+0.981
1704134160,+3.28,+25.029, +0.214,+0.982
1704134220,+3.28,+25.029, +0.214,+0.982
1704134280,+3.28,+25.046, +0.212,+0.981
1704134340,+3.28,+25.029, +0.211,+0.981
1704134400,+3.28,+25.012, +0.210,+0.981
1704134460,+3.28,+25.038, +0.214,+0.982
1704134520,+3.28,+25.046, +0.205,+0.981
1704134580,+3.28,+25.046, +0.196,+0.981
1704134640,+3.28,+25.046, +0.190,+0.981
1704134700,+3.28,+25.046, +0.191,+0.981
1704134760,+3.28,+25.054, +0.183,+0.981
1704134820,+3.28,+25.054, +0.177,+0.981
1704134880,+3.28,+25.054, +0.176,+0.981
1704134940,+3.28,+25.046, +0.180,+0.981
1704135000,+3.28,+25.046, +0.181,+0.981
1704135060,+3.28,+25.063, +0.178,+0.981
1704135120,+3.28,+25.063, +0.183,+0.981
1704135180,+3.28,+25.088, +0.186,+0.981
1704135240,+3.28,+25.088, +0.180,+0.981
1704135300,+3.28,+25.080, +0.165,+0.980
1704135360,+3.28,+25.088, +0.152,+0.980
1704135420,+3.28,+25.096, +0.140,+0.980
1704135480,+3.28,+25.080, +0.130,+0.979
1704135540,+3.28,+25.071, +0.122,+0.979
1704135600,+3.28,+25.088, +0.115,+0.979
1704135660,+3.28,+25.080, +0.108,+0.978
1704135720,+3.28,+25.096, +0.103,+0.978
1704135780,+3.28,+25.080, +0.098,+0.978
1704135840,+3.28,+25.080, +0.094,+0.978
1704135900,+3.28,+25.096, +0.093,+0.978
1704135960,+3.28,+25.096, +0.092,+0.978
1704136020,+3.28,+25.088, +0.090,+0.978
1704136080,+3.28,+25.088, +0.088,+0.978
1704136140,+3.27,+25.113, +0.085,+0.978
1704136200,+3.28,+25.096, +0.083,+0.977
1704136260,+3.28,+25.088, +0.081,+0.978
1704136320,+3.28,+25.096, +0.080,+0.978
1704136380,+3.27,+25.096, +0.078,+0.978
1704136440,+3.28,+25.096, +0.077,+0.977
1704136500,+3.28,+25.105, +0.077,+0.977
1704136560,+3.27,+25.096, +0.077,+0.978
1704136620,+3.28,+25.113, +0.076,+0.978
1704136680,+3.28,+25.105, +0.077,+0.978
1704136740,+3.27,+25.113, +0.076,+0.978
1704136800,+3.28,+25.105, +0.075,+0.978
1704136860,+3.28,+25.105, +0.077,+0.978
1704136920,+3.27,+25.122, +0.076,+0.978
1704136980,+3.28,+25.130, +0.075,+0.978
1704137040,+3.27,+25.122, +0.076,+0.978
1704137100,+3.28,+25.105, +0.079,+0.978
1704137160,+3.27,+25.130, +0.078,+0.978
1704137220,+3.27,+25.122, +0.077,+0.978
1704137280,+3.27,+25.130, +0.073,+0.978
1704137340,+3.28,+25.122, +0.070,+0.977
1704137400,+3.28,+25.105, +0.069,+0.977
1704137460,+3.27,+25.122, +0.069,+0.978
1704137520,+3.27,+25.113, +0.067,+0.977
1704137580,+3.27,+25.122, +0.067,+0.977
1704137640,+3.27,+25.122, +0.066,+0.978
1704137700,+3.27,+25.105, +0.064,+0.977
1704137760,+3.28,+25.113, +0.063,+0.977
1704137820,+3.27,+25.113, +0.064,+0.977
1704137880,+3.28,+25.122, +0.065,+0.977
1704137940,+3.28,+25.113, +0.064,+0.977
1704138000,+3.27,+25.122, +0.065,+0.977
1704138060,+3.28,+25.105, +0.071,+0.977
1704138120,+3.27,+25.113, +0.076,+0.978
1704138180,+3.28,+25.105, +0.079,+0.978
1704138240,+3.28,+25.105, +0.077,+0.978
1704138300,+3.28,+25.105, +0.080,+0.978
1704138360,+3.27,+25.105, +0.078,+0.978
1704138420,+3.28,+25.096, +0.077,+0.978
1704138480,+3.28,+25.096, +0.079,+0.978
1704138540,+3.28,+25.096, +0.080,+0.978
1704138600,+3.27,+25.096, +0.085,+0.978
1704138660,+3.28,+25.088, +0.086,+0.978
1704138720,+3.27,+25.096, +0.092,+0.978
1704138780,+3.28,+25.080, +0.099,+0.978
1704138840,+3.28,+25.088, +0.107,+0.979
1704138900,+3.28,+25.080, +0.116,+0.979
1704138960,+3.28,+25.080, +0.123,+0.979
1704139020,+3.28,+25.080, +0.132,+0.979
1704139080,+3.28,+25.080, +0.133,+0.979
1704139140,+3.28,+25.063, +0.130,+0.979
1704139200,+3.28,+25.071, +0.125,+0.979
1704139260,+3.28,+25.063, +0.123,+0.979
1704139320,+3.28,+25.071, +0.125,+0.979
1704139380,+3.28,+25.054, +0.129,+0.979
1704139440,+3.28,+25.063, +0.135,+0.980
1704139500,+3.28,+25.054, +0.138,+0.980
1704139560,+3.28,+25.046, +0.142,+0.980
1704139620,+3.28,+25.029, +0.141,+0.980
1704139680,+3.28,+25.046, +0.138,+0.980
1704139740,+3.28,+25.063, +0.137,+0.980
1704139800,+3.28,+25.038, +0.141,+0.980
1704139860,+3.28,+25.046, +0.147,+0.980
1704139920,+3.28,+25.046, +0.151,+0.980
1704139980,+3.28,+25.046, +0.162,+0.980
1704140040,+3.28,+25.046, +0.166,+0.980
1704140100,+3.28,+25.021, +0.163,+0.980
