7450-695497
OS REV: 1.05 Sensor Cal: 1618510905
Time (sec),  BV (Volts),  T (deg C),  DO (mg/l),  Q ()
1705522560,+3.26,+26.006, +7.806,+0.991
1705522620,+3.26,+26.074, +7.779,+0.991
1705522680,+3.25,+26.133, +7.782,+0.991
1705522740,+3.25,+26.167, +7.766,+0.991
1705522800,+3.25,+26.234, +7.747,+0.991
1705522860,+3.25,+26.285, +7.776,+0.991
1705522920,+3.25,+26.327, +7.756,+0.990
1705522980,+3.25,+26.361, +7.769,+0.992
1705523040,+3.25,+26.403, +7.764,+0.991
1705523100,+3.25,+26.446, +7.747,+0.991
1705523160,+3.25,+26.479, +7.751,+0.992
1705523220,+3.26,+26.505, +7.754,+0.991
1705523280,+3.26,+26.522, +7.744,+0.991
1705523340,+3.26,+26.556, +7.738,+0.991
1705523400,+3.26,+26.564, +7.748,+0.991
1705523460,+3.26,+26.606, +7.751,+0.992
1705523520,+3.26,+26.615, +7.736,+0.991
1705523580,+3.26,+26.632, +7.726,+0.990
1705523640,+3.26,+26.649, +7.732,+0.991
1705523700,+3.26,+26.682, +7.729,+0.991
1705523760,+3.26,+26.666, +7.732,+0.991
1705523820,+3.26,+26.682, +7.732,+0.991
1705523880,+3.26,+26.699, +7.736,+0.992
1705523940,+3.26,+26.708, +7.716,+0.991
1705524000,+3.26,+26.716, +7.730,+0.991
1705524060,+3.26,+26.716, +7.715,+0.990
1705524120,+3.26,+26.708, +7.732,+0.992
1705524180,+3.26,+26.742, +7.722,+0.991
1705524240,+3.26,+26.733, +7.723,+0.991
1705524300,+3.26,+26.750, +7.715,+0.991
1705524360,+3.26,+26.767, +7.740,+0.992
1705524420,+3.26,+26.784, +7.716,+0.991
1705524480,+3.26,+26.767, +7.722,+0.991
1705524540,+3.26,+26.793, +7.723,+0.992
1705524600,+3.26,+26.810, +7.723,+0.992
1705524660,+3.25,+26.818, +7.714,+0.991
1705524720,+3.26,+26.826, +7.718,+0.991
1705524780,+3.26,+26.826, +7.711,+0.991
1705524840,+3.26,+26.835, +7.704,+0.990
1705524900,+3.26,+26.835, +7.718,+0.991
1705524960,+3.25,+26.869, +7.710,+0.991
1705525020,+3.25,+26.869, +7.712,+0.991
1705525080,+3.25,+26.886, +7.708,+0.991
1705525140,+3.25,+26.894, +7.712,+0.991
1705525200,+3.25,+26.894, +7.701,+0.990
1705525260,+3.25,+26.911, +7.707,+0.992
1705525320,+3.25,+26.911, +7.696,+0.990
1705525380,+3.25,+26.894, +7.706,+0.991
1705525440,+3.25,+26.911, +7.702,+0.991
1705525500,+3.25,+26.911, +7.706,+0.991
1705525560,+3.25,+26.894, +7.712,+0.991
1705525620,+3.25,+26.894, +7.706,+0.991
1705525680,+3.25,+26.894, +7.712,+0.991
1705525740,+3.25,+26.877, +7.717,+0.991
1705525800,+3.25,+26.894, +7.710,+0.991
1705525860,+3.25,+26.903, +7.705,+0.991
1705525920,+3.26,+26.869, +7.714,+0.991
1705525980,+3.26,+26.869, +7.714,+0.991
1705526040,+3.25,+26.869, +7.712,+0.991
1705526100,+3.25,+26.852, +7.715,+0.991
1705526160,+3.25,+26.852, +7.715,+0.991
1705526220,+3.26,+26.860, +7.710,+0.991
1705526280,+3.25,+26.852, +7.715,+0.991
1705526340,+3.25,+26.826, +7.727,+0.991
1705526400,+3.25,+26.835, +7.718,+0.991
1705526460,+3.25,+26.835, +7.724,+0.991
1705526520,+3.25,+26.835, +7.714,+0.991
1705526580,+3.26,+26.818, +7.716,+0.991
1705526640,+3.25,+26.835, +7.720,+0.991
1705526700,+3.25,+26.826, +7.724,+0.991
1705526760,+3.26,+26.810, +7.721,+0.991
1705526820,+3.26,+26.818, +7.727,+0.992
1705526880,+3.25,+26.835, +7.715,+0.991
1705526940,+3.25,+26.826, +7.724,+0.991
1705527000,+3.26,+26.826, +7.730,+0.991
1705527060,+3.26,+26.835, +7.717,+0.991
1705527120,+3.26,+26.843, +7.718,+0.991
1705527180,+3.26,+26.843, +7.716,+0.991
1705527240,+3.25,+26.852, +7.715,+0.991
1705527300,+3.25,+26.869, +7.715,+0.991
1705527360,+3.25,+26.860, +7.727,+0.992
1705527420,+3.25,+26.869, +7.706,+0.990
1705527480,+3.25,+26.869, +7.721,+0.991
1705527540,+3.25,+26.860, +7.725,+0.991
1705527600,+3.25,+26.852, +7.722,+0.991
1705527660,+3.25,+26.852, +7.722,+0.991
1705527720,+3.25,+26.852, +7.720,+0.991
1705527780,+3.25,+26.869, +7.722,+0.991
1705527840,+3.25,+26.852, +7.718,+0.991
1705527900,+3.25,+26.835, +7.731,+0.991
1705527960,+3.25,+26.835, +7.719,+0.991
1705528020,+3.25,+26.826, +7.714,+0.990
1705528080,+3.25,+26.826, +7.730,+0.991
1705528140,+3.26,+26.826, +7.715,+0.990
1705528200,+3.26,+26.818, +7.729,+0.991
1705528260,+3.26,+26.810, +7.734,+0.991
1705528320,+3.26,+26.793, +7.725,+0.991
1705528380,+3.26,+26.776, +7.734,+0.991
1705528440,+3.26,+26.793, +7.718,+0.991
1705528500,+3.26,+26.793, +7.728,+0.991
1705528560,+3.26,+26.767, +7.726,+0.991
1705528620,+3.26,+26.776, +7.729,+0.991
1705528680,+3.26,+26.767, +7.727,+0.991
1705528740,+3.25,+26.742, +7.726,+0.991
1705528800,+3.26,+26.750, +7.734,+0.991
1705528860,+3.26,+26.759, +7.725,+0.991
1705528920,+3.26,+26.742, +7.725,+0.990
1705528980,+3.26,+26.742, +7.737,+0.991
1705529040,+3.26,+26.725, +7.731,+0.991
1705529100,+3.26,+26.733, +7.735,+0.991
1705529160,+3.26,+26.716, +7.737,+0.991
1705529220,+3.26,+26.725, +7.733,+0.991
1705529280,+3.26,+26.716, +7.737,+0.991
1705529340,+3.26,+26.708, +7.731,+0.991
1705529400,+3.26,+26.716, +7.725,+0.991
1705529460,+3.26,+26.699, +7.741,+0.991
1705529520,+3.26,+26.691, +7.736,+0.991
1705529580,+3.26,+26.691, +7.741,+0.991
1705529640,+3.26,+26.691, +7.733,+0.991
1705529700,+3.26,+26.674, +7.739,+0.991
1705529760,+3.26,+26.691, +7.731,+0.991
1705529820,+3.26,+26.682, +7.732,+0.990
1705529880,+3.26,+26.682, +7.742,+0.991
1705529940,+3.26,+26.674, +7.734,+0.991
1705530000,+3.26,+26.682, +7.727,+0.991
1705530060,+3.26,+26.666, +7.737,+0.991
1705530120,+3.26,+26.666, +7.738,+0.991
1705530180,+3.26,+26.674, +7.728,+0.991
1705530240,+3.26,+26.666, +7.732,+0.991
1705530300,+3.26,+26.649, +7.740,+0.991
1705530360,+3.26,+26.666, +7.731,+0.991
1705530420,+3.26,+26.657, +7.736,+0.991
1705530480,+3.26,+26.640, +7.739,+0.991
1705530540,+3.26,+26.649, +7.744,+0.991
1705530600,+3.26,+26.649, +7.740,+0.991
1705530660,+3.26,+26.640, +7.743,+0.992
1705530720,+3.26,+26.649, +7.726,+0.991
1705530780,+3.26,+26.632, +7.734,+0.991
1705530840,+3.26,+26.640, +7.738,+0.991
1705530900,+3.26,+26.632, +7.732,+0.990
1705530960,+3.26,+26.632, +7.732,+0.990
1705531020,+3.26,+26.632, +7.728,+0.990
1705531080,+3.26,+26.615, +7.736,+0.991
1705531140,+3.26,+26.623, +7.733,+0.991
1705531200,+3.26,+26.623, +7.746,+0.991
1705531260,+3.26,+26.640, +7.727,+0.991
1705531320,+3.26,+26.615, +7.739,+0.991
1705531380,+3.26,+26.615, +7.739,+0.991
1705531440,+3.26,+26.606, +7.742,+0.991
1705531500,+3.26,+26.615, +7.742,+0.991
1705531560,+3.26,+26.623, +7.739,+0.991
1705531620,+3.26,+26.606, +7.748,+0.992
1705531680,+3.26,+26.598, +7.756,+0.992
1705531740,+3.26,+26.615, +7.739,+0.991
1705531800,+3.26,+26.615, +7.729,+0.990
1705531860,+3.26,+26.615, +7.738,+0.991
1705531920,+3.26,+26.615, +7.738,+0.991
1705531980,+3.26,+26.606, +7.733,+0.990
1705532040,+3.26,+26.598, +7.743,+0.991
1705532100,+3.26,+26.589, +7.748,+0.991
1705532160,+3.26,+26.589, +7.745,+0.991
1705532220,+3.26,+26.598, +7.739,+0.991
1705532280,+3.26,+26.606, +7.740,+0.991
1705532340,+3.26,+26.606, +7.727,+0.990
1705532400,+3.26,+26.589, +7.749,+0.991
1705532460,+3.26,+26.581, +7.744,+0.991
1705532520,+3.26,+26.589, +7.739,+0.991
1705532580,+3.26,+26.572, +7.743,+0.991
1705532640,+3.26,+26.581, +7.738,+0.990
1705532700,+3.26,+26.589, +7.741,+0.991
1705532760,+3.26,+26.581, +7.746,+0.991
1705532820,+3.26,+26.581, +7.736,+0.991
1705532880,+3.26,+26.572, +7.753,+0.992
1705532940,+3.26,+26.572, +7.746,+0.991
1705533000,+3.26,+26.556, +7.750,+0.991
1705533060,+3.26,+26.564, +7.746,+0.991
1705533120,+3.26,+26.564, +7.754,+0.991
1705533180,+3.26,+26.564, +7.748,+0.991
1705533240,+3.26,+26.564, +7.745,+0.991
1705533300,+3.26,+26.556, +7.757,+0.991
1705533360,+3.26,+26.564, +7.762,+0.992
1705533420,+3.26,+26.556, +7.751,+0.991
1705533480,+3.26,+26.547, +7.754,+0.991
1705533540,+3.26,+26.547, +7.751,+0.991
1705533600,+3.26,+26.539, +7.743,+0.991
1705533660,+3.26,+26.522, +7.750,+0.992
1705533720,+3.26,+26.530, +7.747,+0.991
1705533780,+3.25,+26.505, +7.750,+0.991
1705533840,+3.25,+26.488, +7.753,+0.991
1705533900,+3.25,+26.479, +7.752,+0.991
1705533960,+3.25,+26.479, +7.757,+0.991
1705534020,+3.25,+26.462, +7.753,+0.991
1705534080,+3.25,+26.446, +7.764,+0.991
1705534140,+3.25,+26.437, +7.759,+0.991
1705534200,+3.25,+26.437, +7.759,+0.991
1705534260,+3.25,+26.429, +7.744,+0.990
1705534320,+3.25,+26.403, +7.765,+0.991
1705534380,+3.25,+26.420, +7.755,+0.991
1705534440,+3.25,+26.395, +7.762,+0.991
1705534500,+3.25,+26.395, +7.764,+0.991
1705534560,+3.25,+26.386, +7.774,+0.991
1705534620,+3.25,+26.386, +7.780,+0.991
1705534680,+3.25,+26.386, +7.771,+0.991
1705534740,+3.25,+26.395, +7.772,+0.991
1705534800,+3.25,+26.412, +7.772,+0.991
1705534860,+3.25,+26.403, +7.770,+0.990
1705534920,+3.25,+26.395, +7.777,+0.991
1705534980,+3.25,+26.403, +7.774,+0.991
1705535040,+3.25,+26.403, +7.775,+0.991
1705535100,+3.25,+26.420, +7.775,+0.991
1705535160,+3.25,+26.395, +7.776,+0.991
1705535220,+3.25,+26.395, +7.784,+0.991
1705535280,+3.25,+26.386, +7.787,+0.991
1705535340,+3.25,+26.420, +7.769,+0.991
1705535400,+3.25,+26.403, +7.773,+0.990
1705535460,+3.25,+26.403, +7.780,+0.991
1705535520,+3.25,+26.403, +7.773,+0.990
1705535580,+3.25,+26.412, +7.775,+0.991
1705535640,+3.25,+26.412, +7.760,+0.990
1705535700,+3.25,+26.412, +7.776,+0.991
1705535760,+3.25,+26.403, +7.781,+0.991
1705535820,+3.25,+26.403, +7.772,+0.991
1705535880,+3.25,+26.395, +7.777,+0.991
1705535940,+3.25,+26.412, +7.772,+0.991
1705536000,+3.25,+26.395, +7.782,+0.991
1705536060,+3.25,+26.412, +7.784,+0.992
1705536120,+3.25,+26.412, +7.774,+0.991
1705536180,+3.25,+26.395, +7.785,+0.991
1705536240,+3.25,+26.412, +7.774,+0.991
1705536300,+3.25,+26.403, +7.789,+0.992
1705536360,+3.25,+26.403, +7.775,+0.990
1705536420,+3.25,+26.395, +7.782,+0.991
1705536480,+3.25,+26.403, +7.773,+0.991
1705536540,+3.25,+26.412, +7.776,+0.991
1705536600,+3.25,+26.420, +7.781,+0.992
1705536660,+3.25,+26.412, +7.784,+0.991
1705536720,+3.25,+26.395, +7.781,+0.991
1705536780,+3.25,+26.403, +7.779,+0.991
1705536840,+3.25,+26.412, +7.783,+0.991
1705536900,+3.25,+26.403, +7.789,+0.991
1705536960,+3.25,+26.403, +7.786,+0.991
1705537020,+3.25,+26.412, +7.786,+0.991
1705537080,+3.25,+26.412, +7.779,+0.991
1705537140,+3.25,+26.395, +7.777,+0.990
1705537200,+3.25,+26.386, +7.788,+0.991
1705537260,+3.25,+26.395, +7.789,+0.991
1705537320,+3.25,+26.395, +7.772,+0.990
1705537380,+3.25,+26.395, +7.785,+0.992
1705537440,+3.25,+26.403, +7.774,+0.991
1705537500,+3.25,+26.403, +7.769,+0.991
1705537560,+3.25,+26.412, +7.772,+0.991
1705537620,+3.25,+26.395, +7.772,+0.990
1705537680,+3.25,+26.403, +7.773,+0.991
1705537740,+3.25,+26.386, +7.777,+0.991
1705537800,+3.25,+26.403, +7.788,+0.991
1705537860,+3.25,+26.386, +7.781,+0.991
1705537920,+3.25,+26.386, +7.786,+0.992
1705537980,+3.25,+26.378, +7.776,+0.991
1705538040,+3.25,+26.395, +7.776,+0.991
1705538100,+3.25,+26.412, +7.769,+0.991
1705538160,+3.25,+26.386, +7.784,+0.991
1705538220,+3.25,+26.395, +7.770,+0.990
1705538280,+3.25,+26.378, +7.791,+0.992
1705538340,+3.25,+26.395, +7.780,+0.991
1705538400,+3.25,+26.378, +7.778,+0.991
1705538460,+3.25,+26.369, +7.786,+0.991
1705538520,+3.25,+26.369, +7.785,+0.991
1705538580,+3.25,+26.369, +7.787,+0.991
1705538640,+3.25,+26.378, +7.782,+0.991
1705538700,+3.25,+26.378, +7.782,+0.991
1705538760,+3.25,+26.378, +7.777,+0.991
1705538820,+3.25,+26.361, +7.796,+0.992
1705538880,+3.25,+26.386, +7.789,+0.991
1705538940,+3.25,+26.378, +7.787,+0.991
1705539000,+3.25,+26.386, +7.776,+0.991
1705539060,+3.25,+26.369, +7.794,+0.992
1705539120,+3.25,+26.369, +7.793,+0.991
1705539180,+3.25,+26.378, +7.781,+0.991
1705539240,+3.25,+26.369, +7.781,+0.991
1705539300,+3.25,+26.369, +7.782,+0.991
1705539360,+3.25,+26.369, +7.791,+0.991
1705539420,+3.25,+26.369, +7.793,+0.991
1705539480,+3.25,+26.378, +7.782,+0.991
1705539540,+3.25,+26.378, +7.792,+0.992
1705539600,+3.25,+26.361, +7.793,+0.991
1705539660,+3.25,+26.369, +7.790,+0.991
1705539720,+3.25,+26.361, +7.794,+0.991
1705539780,+3.25,+26.361, +7.792,+0.991
1705539840,+3.25,+26.353, +7.796,+0.991
1705539900,+3.25,+26.361, +7.780,+0.990
1705539960,+3.25,+26.336, +7.804,+0.992
1705540020,+3.25,+26.369, +7.787,+0.991
1705540080,+3.25,+26.378, +7.785,+0.991
1705540140,+3.25,+26.361, +7.787,+0.991
1705540200,+3.25,+26.369, +7.786,+0.991
1705540260,+3.25,+26.353, +7.798,+0.992
1705540320,+3.25,+26.353, +7.790,+0.991
1705540380,+3.25,+26.369, +7.781,+0.991
1705540440,+3.25,+26.361, +7.787,+0.991
1705540500,+3.25,+26.353, +7.791,+0.991
1705540560,+3.25,+26.361, +7.790,+0.991
1705540620,+3.25,+26.369, +7.788,+0.991
1705540680,+3.25,+26.361, +7.784,+0.991
1705540740,+3.25,+26.353, +7.793,+0.991
1705540800,+3.25,+26.361, +7.794,+0.991
1705540860,+3.25,+26.361, +7.797,+0.991
1705540920,+3.25,+26.369, +7.788,+0.991
1705540980,+3.25,+26.369, +7.786,+0.991
1705541040,+3.25,+26.353, +7.789,+0.991
1705541100,+3.25,+26.369, +7.797,+0.991
1705541160,+3.25,+26.353, +7.790,+0.991
1705541220,+3.25,+26.353, +7.796,+0.991
1705541280,+3.25,+26.336, +7.801,+0.991
1705541340,+3.25,+26.353, +7.792,+0.991
1705541400,+3.25,+26.369, +7.800,+0.992
1705541460,+3.25,+26.361, +7.786,+0.991
1705541520,+3.25,+26.369, +7.794,+0.991
1705541580,+3.25,+26.361, +7.793,+0.991
1705541640,+3.25,+26.353, +7.791,+0.991
1705541700,+3.25,+26.353, +7.795,+0.991
1705541760,+3.25,+26.344, +7.787,+0.990
1705541820,+3.25,+26.353, +7.791,+0.991
1705541880,+3.25,+26.344, +7.810,+0.992
1705541940,+3.25,+26.369, +7.792,+0.991
1705542000,+3.25,+26.336, +7.798,+0.991
1705542060,+3.25,+26.353, +7.803,+0.992
1705542120,+3.25,+26.336, +7.806,+0.991
1705542180,+3.25,+26.336, +7.803,+0.991
1705542240,+3.25,+26.344, +7.792,+0.991
1705542300,+3.25,+26.353, +7.800,+0.991
1705542360,+3.25,+26.344, +7.801,+0.991
1705542420,+3.25,+26.344, +7.801,+0.991
1705542480,+3.25,+26.336, +7.805,+0.992
1705542540,+3.25,+26.336, +7.794,+0.991
1705542600,+3.25,+26.344, +7.802,+0.991
1705542660,+3.25,+26.336, +7.807,+0.992
1705542720,+3.25,+26.353, +7.799,+0.991
1705542780,+3.25,+26.353, +7.787,+0.990
1705542840,+3.25,+26.353, +7.796,+0.991
1705542900,+3.25,+26.344, +7.802,+0.991
1705542960,+3.25,+26.319, +7.803,+0.991
1705543020,+3.25,+26.344, +7.791,+0.990
1705543080,+3.25,+26.344, +7.797,+0.991
1705543140,+3.25,+26.327, +7.795,+0.991
1705543200,+3.25,+26.353, +7.793,+0.991
1705543260,+3.25,+26.336, +7.805,+0.991
1705543320,+3.25,+26.336, +7.801,+0.991
1705543380,+3.25,+26.336, +7.808,+0.991
1705543440,+3.25,+26.344, +7.799,+0.991
1705543500,+3.25,+26.327, +7.808,+0.992
1705543560,+3.25,+26.344, +7.800,+0.991
1705543620,+3.25,+26.327, +7.799,+0.991
1705543680,+3.25,+26.327, +7.813,+0.992
1705543740,+3.25,+26.344, +7.794,+0.991
1705543800,+3.25,+26.336, +7.798,+0.991
1705543860,+3.25,+26.344, +7.794,+0.991
1705543920,+3.25,+26.327, +7.799,+0.991
1705543980,+3.25,+26.344, +7.789,+0.992
1705544040,+3.25,+26.361, +7.786,+0.992
1705544100,+3.25,+26.353, +7.786,+0.992
1705544160,+3.25,+26.369, +7.770,+0.991
1705544220,+3.25,+26.378, +7.773,+0.991
1705544280,+3.25,+26.395, +7.757,+0.991
1705544340,+3.25,+26.369, +7.784,+0.992
1705544400,+3.25,+26.386, +7.772,+0.991
1705544460,+3.25,+26.395, +7.764,+0.991
1705544520,+3.25,+26.386, +7.766,+0.991
1705544580,+3.25,+26.395, +7.758,+0.991
1705544640,+3.25,+26.403, +7.757,+0.991
1705544700,+3.25,+26.378, +7.766,+0.991
1705544760,+3.25,+26.386, +7.760,+0.991
1705544820,+3.25,+26.395, +7.769,+0.992
1705544880,+3.25,+26.378, +7.767,+0.991
1705544940,+3.25,+26.369, +7.775,+0.992
1705545000,+3.25,+26.386, +7.756,+0.991
1705545060,+3.25,+26.395, +7.762,+0.991
1705545120,+3.25,+26.369, +7.771,+0.992
1705545180,+3.25,+26.386, +7.757,+0.991
1705545240,+3.25,+26.378, +7.762,+0.991
1705545300,+3.25,+26.378, +7.752,+0.991
1705545360,+3.25,+26.395, +7.755,+0.991
1705545420,+3.25,+26.369, +7.767,+0.991
1705545480,+3.25,+26.369, +7.764,+0.992
1705545540,+3.25,+26.361, +7.770,+0.992
1705545600,+3.25,+26.378, +7.755,+0.991
1705545660,+3.25,+26.361, +7.761,+0.991
1705545720,+3.25,+26.369, +7.760,+0.991
1705545780,+3.25,+26.369, +7.763,+0.992
1705545840,+3.25,+26.369, +7.756,+0.991
1705545900,+3.25,+26.369, +7.762,+0.991
1705545960,+3.25,+26.378, +7.762,+0.991
1705546020,+3.25,+26.378, +7.757,+0.991
1705546080,+3.25,+26.386, +7.754,+0.991
1705546140,+3.25,+26.369, +7.756,+0.991
1705546200,+3.25,+26.369, +7.765,+0.992
1705546260,+3.25,+26.378, +7.755,+0.991
1705546320,+3.25,+26.386, +7.757,+0.992
1705546380,+3.25,+26.386, +7.752,+0.991
1705546440,+3.25,+26.386, +7.755,+0.992
1705546500,+3.25,+26.386, +7.747,+0.991
1705546560,+3.25,+26.386, +7.749,+0.991
1705546620,+3.25,+26.386, +7.754,+0.991
1705546680,+3.25,+26.403, +7.756,+0.992
1705546740,+3.25,+26.395, +7.749,+0.991
1705546800,+3.25,+26.403, +7.749,+0.991
1705546860,+3.25,+26.412, +7.757,+0.992
1705546920,+3.25,+26.403, +7.748,+0.991
1705546980,+3.25,+26.420, +7.742,+0.991
1705547040,+3.25,+26.403, +7.754,+0.992
1705547100,+3.25,+26.412, +7.752,+0.992
1705547160,+3.25,+26.429, +7.745,+0.991
1705547220,+3.25,+26.420, +7.747,+0.991
1705547280,+3.25,+26.429, +7.743,+0.991
1705547340,+3.25,+26.420, +7.745,+0.991
1705547400,+3.25,+26.412, +7.748,+0.991
1705547460,+3.25,+26.429, +7.738,+0.991
1705547520,+3.25,+26.437, +7.738,+0.991
1705547580,+3.25,+26.429, +7.748,+0.991
1705547640,+3.25,+26.446, +7.739,+0.991
1705547700,+3.25,+26.437, +7.743,+0.992
1705547760,+3.25,+26.437, +7.745,+0.992
1705547820,+3.25,+26.446, +7.736,+0.991
1705547880,+3.25,+26.429, +7.743,+0.991
1705547940,+3.25,+26.429, +7.748,+0.992
1705548000,+3.25,+26.437, +7.742,+0.991
1705548060,+3.25,+26.446, +7.741,+0.992
1705548120,+3.25,+26.437, +7.737,+0.991
1705548180,+3.25,+26.429, +7.734,+0.990
1705548240,+3.25,+26.420, +7.750,+0.992
1705548300,+3.25,+26.429, +7.735,+0.991
1705548360,+3.25,+26.429, +7.743,+0.992
1705548420,+3.25,+26.437, +7.739,+0.991
1705548480,+3.25,+26.420, +7.738,+0.991
1705548540,+3.25,+26.429, +7.737,+0.991
1705548600,+3.25,+26.429, +7.741,+0.992
1705548660,+3.25,+26.412, +7.754,+0.992
1705548720,+3.25,+26.412, +7.743,+0.991
1705548780,+3.25,+26.412, +7.743,+0.991
1705548840,+3.25,+26.403, +7.743,+0.991
1705548900,+3.25,+26.403, +7.747,+0.991
1705548960,+3.25,+26.412, +7.746,+0.991
1705549020,+3.25,+26.412, +7.742,+0.991
1705549080,+3.25,+26.386, +7.751,+0.992
1705549140,+3.25,+26.395, +7.743,+0.991
1705549200,+3.25,+26.386, +7.746,+0.991
1705549260,+3.25,+26.395, +7.747,+0.992
1705549320,+3.25,+26.378, +7.745,+0.991
1705549380,+3.25,+26.369, +7.744,+0.991
1705549440,+3.25,+26.369, +7.746,+0.991
1705549500,+3.25,+26.378, +7.756,+0.992
1705549560,+3.25,+26.369, +7.748,+0.992
1705549620,+3.25,+26.378, +7.742,+0.991
1705549680,+3.25,+26.361, +7.742,+0.991
1705549740,+3.25,+26.353, +7.760,+0.992
1705549800,+3.25,+26.361, +7.761,+0.992
1705549860,+3.25,+26.353, +7.757,+0.991
1705549920,+3.25,+26.344, +7.757,+0.992
1705549980,+3.25,+26.327, +7.760,+0.992
1705550040,+3.25,+26.310, +7.755,+0.991
1705550100,+3.25,+26.336, +7.749,+0.991
1705550160,+3.25,+26.327, +7.756,+0.991
1705550220,+3.25,+26.327, +7.761,+0.992
1705550280,+3.25,+26.327, +7.761,+0.992
1705550340,+3.25,+26.310, +7.753,+0.991
1705550400,+3.25,+26.319, +7.756,+0.991
1705550460,+3.25,+26.310, +7.750,+0.991
1705550520,+3.25,+26.302, +7.753,+0.991
1705550580,+3.25,+26.310, +7.759,+0.991
1705550640,+3.25,+26.293, +7.759,+0.991
1705550700,+3.25,+26.285, +7.757,+0.991
1705550760,+3.25,+26.293, +7.763,+0.992
1705550820,+3.25,+26.293, +7.751,+0.991
1705550880,+3.25,+26.268, +7.769,+0.992
1705550940,+3.25,+26.268, +7.756,+0.991
1705551000,+3.25,+26.268, +7.763,+0.991
1705551060,+3.25,+26.285, +7.764,+0.992
1705551120,+3.25,+26.251, +7.763,+0.991
1705551180,+3.25,+26.260, +7.757,+0.991
1705551240,+3.25,+26.251, +7.772,+0.992
1705551300,+3.25,+26.234, +7.763,+0.991
1705551360,+3.25,+26.243, +7.765,+0.991
1705551420,+3.25,+26.226, +7.776,+0.992
1705551480,+3.25,+26.226, +7.768,+0.991
1705551540,+3.25,+26.226, +7.766,+0.991
1705551600,+3.25,+26.226, +7.770,+0.991
1705551660,+3.25,+26.217, +7.769,+0.991
1705551720,+3.25,+26.209, +7.770,+0.991
1705551780,+3.25,+26.217, +7.771,+0.992
1705551840,+3.25,+26.200, +7.765,+0.991
1705551900,+3.25,+26.209, +7.763,+0.991
1705551960,+3.25,+26.175, +7.784,+0.992
1705552020,+3.25,+26.184, +7.775,+0.991
1705552080,+3.25,+26.175, +7.774,+0.991
1705552140,+3.25,+26.192, +7.772,+0.991
1705552200,+3.25,+26.175, +7.782,+0.992
1705552260,+3.25,+26.158, +7.779,+0.991
1705552320,+3.25,+26.158, +7.779,+0.992
1705552380,+3.25,+26.175, +7.769,+0.991
1705552440,+3.25,+26.158, +7.775,+0.991
1705552500,+3.25,+26.167, +7.776,+0.992
1705552560,+3.25,+26.158, +7.768,+0.991
1705552620,+3.25,+26.141, +7.783,+0.992
1705552680,+3.25,+26.158, +7.772,+0.991
1705552740,+3.25,+26.158, +7.772,+0.991
1705552800,+3.25,+26.133, +7.780,+0.991
1705552860,+3.25,+26.133, +7.778,+0.991
1705552920,+3.25,+26.124, +7.783,+0.991
1705552980,+3.25,+26.141, +7.775,+0.991
1705553040,+3.25,+26.150, +7.777,+0.991
1705553100,+3.25,+26.133, +7.771,+0.991
1705553160,+3.25,+26.124, +7.788,+0.992
1705553220,+3.25,+26.116, +7.783,+0.991
1705553280,+3.25,+26.124, +7.774,+0.991
1705553340,+3.25,+26.124, +7.789,+0.992
1705553400,+3.25,+26.133, +7.776,+0.991
1705553460,+3.25,+26.133, +7.784,+0.992
1705553520,+3.25,+26.124, +7.778,+0.991
1705553580,+3.25,+26.124, +7.781,+0.992
1705553640,+3.25,+26.124, +7.776,+0.991
1705553700,+3.25,+26.108, +7.785,+0.991
1705553760,+3.25,+26.099, +7.785,+0.991
1705553820,+3.25,+26.108, +7.777,+0.991
1705553880,+3.25,+26.116, +7.784,+0.992
1705553940,+3.25,+26.108, +7.782,+0.991
1705554000,+3.25,+26.124, +7.771,+0.991
1705554060,+3.25,+26.099, +7.783,+0.991
1705554120,+3.25,+26.091, +7.784,+0.991
1705554180,+3.25,+26.091, +7.783,+0.991
1705554240,+3.25,+26.082, +7.786,+0.991
1705554300,+3.25,+26.091, +7.790,+0.992
1705554360,+3.25,+26.082, +7.788,+0.992
1705554420,+3.25,+26.099, +7.782,+0.992
1705554480,+3.25,+26.082, +7.783,+0.991
1705554540,+3.25,+26.065, +7.785,+0.991
1705554600,+3.25,+26.082, +7.785,+0.992
1705554660,+3.25,+26.065, +7.786,+0.991
1705554720,+3.25,+26.082, +7.787,+0.992
1705554780,+3.25,+26.057, +7.786,+0.991
1705554840,+3.25,+26.057, +7.786,+0.991
1705554900,+3.25,+26.040, +7.790,+0.991
1705554960,+3.25,+26.040, +7.784,+0.991
1705555020,+3.25,+26.057, +7.780,+0.991
1705555080,+3.25,+26.048, +7.784,+0.991
1705555140,+3.25,+26.040, +7.783,+0.991
1705555200,+3.25,+26.040, +7.786,+0.991
1705555260,+3.25,+26.023, +7.794,+0.991
1705555320,+3.25,+26.015, +7.790,+0.991
1705555380,+3.25,+26.032, +7.785,+0.991
1705555440,+3.25,+26.015, +7.781,+0.991
1705555500,+3.25,+26.006, +7.798,+0.991
1705555560,+3.25,+26.006, +7.794,+0.991
1705555620,+3.25,+25.998, +7.798,+0.992
1705555680,+3.25,+25.973, +7.804,+0.991
1705555740,+3.25,+25.998, +7.794,+0.991
1705555800,+3.25,+25.989, +7.790,+0.991
1705555860,+3.25,+25.973, +7.809,+0.992
1705555920,+3.25,+25.973, +7.809,+0.992
1705555980,+3.25,+25.981, +7.799,+0.992
1705556040,+3.25,+25.956, +7.804,+0.992
1705556100,+3.25,+25.964, +7.799,+0.991
1705556160,+3.25,+25.956, +7.803,+0.991
1705556220,+3.25,+25.939, +7.795,+0.991
1705556280,+3.25,+25.947, +7.802,+0.991
1705556340,+3.25,+25.947, +7.803,+0.991
1705556400,+3.25,+25.939, +7.794,+0.991
1705556460,+3.25,+25.930, +7.807,+0.992
1705556520,+3.25,+25.930, +7.802,+0.991
1705556580,+3.25,+25.913, +7.813,+0.992
1705556640,+3.25,+25.922, +7.801,+0.991
1705556700,+3.25,+25.922, +7.801,+0.991
1705556760,+3.25,+25.922, +7.797,+0.991
1705556820,+3.25,+25.913, +7.797,+0.991
1705556880,+3.25,+25.913, +7.797,+0.991
1705556940,+3.25,+25.888, +7.805,+0.991
1705557000,+3.25,+25.880, +7.809,+0.991
1705557060,+3.25,+25.897, +7.803,+0.991
1705557120,+3.25,+25.897, +7.801,+0.991
1705557180,+3.25,+25.905, +7.795,+0.991
1705557240,+3.25,+25.888, +7.798,+0.990
1705557300,+3.25,+25.880, +7.807,+0.991
1705557360,+3.25,+25.871, +7.809,+0.991
1705557420,+3.25,+25.880, +7.805,+0.991
1705557480,+3.25,+25.888, +7.803,+0.991
1705557540,+3.25,+25.871, +7.815,+0.991
1705557600,+3.25,+25.871, +7.811,+0.991
1705557660,+3.25,+25.854, +7.814,+0.991
1705557720,+3.25,+25.871, +7.808,+0.991
1705557780,+3.25,+25.863, +7.804,+0.991
1705557840,+3.25,+25.871, +7.803,+0.991
1705557900,+3.25,+25.854, +7.809,+0.991
1705557960,+3.25,+25.863, +7.802,+0.991
1705558020,+3.25,+25.863, +7.814,+0.992
1705558080,+3.25,+25.854, +7.801,+0.991
1705558140,+3.25,+25.846, +7.815,+0.991
1705558200,+3.25,+25.846, +7.817,+0.992
1705558260,+3.25,+25.838, +7.814,+0.991
1705558320,+3.25,+25.829, +7.814,+0.991
1705558380,+3.25,+25.838, +7.820,+0.992
1705558440,+3.25,+25.812, +7.817,+0.991
1705558500,+3.25,+25.846, +7.810,+0.991
1705558560,+3.25,+25.812, +7.810,+0.991
1705558620,+3.25,+25.829, +7.816,+0.991
1705558680,+3.25,+25.829, +7.815,+0.992
1705558740,+3.25,+25.821, +7.804,+0.991
1705558800,+3.25,+25.812, +7.811,+0.991
1705558860,+3.25,+25.821, +7.811,+0.991
1705558920,+3.25,+25.812, +7.810,+0.991
1705558980,+3.25,+25.804, +7.815,+0.991
1705559040,+3.25,+25.812, +7.805,+0.991
1705559100,+3.25,+25.787, +7.820,+0.991
1705559160,+3.25,+25.795, +7.818,+0.991
1705559220,+3.25,+25.787, +7.818,+0.991
1705559280,+3.25,+25.779, +7.822,+0.991
1705559340,+3.25,+25.770, +7.818,+0.991
1705559400,+3.25,+25.779, +7.812,+0.991
1705559460,+3.26,+25.770, +7.823,+0.991
1705559520,+3.26,+25.770, +7.819,+0.991
1705559580,+3.26,+25.762, +7.828,+0.992
1705559640,+3.25,+25.753, +7.813,+0.990
1705559700,+3.25,+25.762, +7.825,+0.992
1705559760,+3.25,+25.745, +7.822,+0.991
1705559820,+3.26,+25.745, +7.823,+0.991
1705559880,+3.26,+25.745, +7.817,+0.991
1705559940,+3.25,+25.745, +7.820,+0.991
1705560000,+3.26,+25.753, +7.820,+0.991
1705560060,+3.26,+25.719, +7.824,+0.991
1705560120,+3.26,+25.719, +7.827,+0.991
1705560180,+3.25,+25.719, +7.844,+0.992
1705560240,+3.26,+25.728, +7.818,+0.991
1705560300,+3.26,+25.719, +7.821,+0.991
1705560360,+3.26,+25.719, +7.817,+0.991
1705560420,+3.26,+25.719, +7.819,+0.991
1705560480,+3.25,+25.728, +7.821,+0.991
1705560540,+3.26,+25.719, +7.823,+0.991
1705560600,+3.26,+25.694, +7.831,+0.991
1705560660,+3.26,+25.719, +7.821,+0.991
1705560720,+3.26,+25.711, +7.825,+0.991
1705560780,+3.26,+25.711, +7.817,+0.991
1705560840,+3.26,+25.711, +7.823,+0.991
1705560900,+3.26,+25.694, +7.818,+0.990
1705560960,+3.26,+25.711, +7.820,+0.991
1705561020,+3.26,+25.694, +7.833,+0.991
1705561080,+3.26,+25.694, +7.821,+0.991
1705561140,+3.26,+25.669, +7.830,+0.991
1705561200,+3.26,+25.677, +7.817,+0.990
1705561260,+3.26,+25.669, +7.828,+0.991
1705561320,+3.26,+25.694, +7.814,+0.991
1705561380,+3.26,+25.652, +7.833,+0.991
1705561440,+3.26,+25.694, +7.820,+0.991
1705561500,+3.26,+25.669, +7.834,+0.992
1705561560,+3.26,+25.660, +7.829,+0.991
1705561620,+3.26,+25.669, +7.826,+0.991
1705561680,+3.26,+25.669, +7.829,+0.991
1705561740,+3.26,+25.660, +7.836,+0.992
1705561800,+3.26,+25.660, +7.835,+0.991
1705561860,+3.26,+25.652, +7.833,+0.991
1705561920,+3.26,+25.660, +7.828,+0.991
1705561980,+3.26,+25.669, +7.825,+0.991
1705562040,+3.26,+25.652, +7.823,+0.991
1705562100,+3.26,+25.660, +7.833,+0.991
1705562160,+3.26,+25.652, +7.827,+0.991
1705562220,+3.26,+25.652, +7.836,+0.992
1705562280,+3.26,+25.652, +7.832,+0.991
1705562340,+3.26,+25.635, +7.832,+0.991
1705562400,+3.26,+25.627, +7.838,+0.991
1705562460,+3.26,+25.652, +7.821,+0.991
1705562520,+3.26,+25.635, +7.832,+0.991
1705562580,+3.26,+25.635, +7.825,+0.991
1705562640,+3.26,+25.635, +7.833,+0.991
1705562700,+3.26,+25.635, +7.823,+0.991
1705562760,+3.26,+25.644, +7.824,+0.991
1705562820,+3.26,+25.627, +7.833,+0.991
1705562880,+3.26,+25.610, +7.837,+0.991
1705562940,+3.26,+25.618, +7.826,+0.991
1705563000,+3.26,+25.635, +7.831,+0.991
1705563060,+3.26,+25.610, +7.832,+0.991
1705563120,+3.26,+25.610, +7.832,+0.991
1705563180,+3.26,+25.627, +7.830,+0.991
1705563240,+3.26,+25.618, +7.838,+0.992
1705563300,+3.26,+25.601, +7.832,+0.991
1705563360,+3.26,+25.618, +7.826,+0.991
1705563420,+3.26,+25.601, +7.837,+0.991
1705563480,+3.26,+25.610, +7.826,+0.990
1705563540,+3.26,+25.601, +7.839,+0.992
1705563600,+3.26,+25.593, +7.838,+0.991
1705563660,+3.26,+25.601, +7.836,+0.991
1705563720,+3.26,+25.601, +7.842,+0.992
1705563780,+3.26,+25.576, +7.834,+0.991
1705563840,+3.26,+25.601, +7.838,+0.991
1705563900,+3.26,+25.585, +7.832,+0.991
1705563960,+3.26,+25.601, +7.827,+0.991
1705564020,+3.26,+25.585, +7.828,+0.991
1705564080,+3.26,+25.585, +7.835,+0.991
1705564140,+3.26,+25.568, +7.841,+0.991
1705564200,+3.26,+25.576, +7.836,+0.991
1705564260,+3.26,+25.559, +7.838,+0.991
1705564320,+3.26,+25.576, +7.843,+0.992
1705564380,+3.26,+25.576, +7.830,+0.991
1705564440,+3.26,+25.551, +7.851,+0.992
1705564500,+3.26,+25.551, +7.848,+0.992
1705564560,+3.26,+25.551, +7.831,+0.991
1705564620,+3.26,+25.551, +7.840,+0.991
1705564680,+3.26,+25.543, +7.839,+0.991
1705564740,+3.26,+25.534, +7.845,+0.991
1705564800,+3.26,+25.534, +7.847,+0.991
1705564860,+3.26,+25.559, +7.836,+0.991
1705564920,+3.26,+25.534, +7.853,+0.992
1705564980,+3.26,+25.559, +7.837,+0.991
1705565040,+3.26,+25.543, +7.839,+0.991
1705565100,+3.26,+25.534, +7.843,+0.991
1705565160,+3.26,+25.543, +7.835,+0.991
1705565220,+3.26,+25.526, +7.843,+0.991
1705565280,+3.26,+25.526, +7.844,+0.991
1705565340,+3.26,+25.517, +7.839,+0.991
1705565400,+3.26,+25.517, +7.845,+0.991
1705565460,+3.26,+25.517, +7.841,+0.991
1705565520,+3.26,+25.517, +7.837,+0.991
1705565580,+3.26,+25.500, +7.845,+0.991
1705565640,+3.26,+25.500, +7.840,+0.991
1705565700,+3.26,+25.509, +7.846,+0.991
1705565760,+3.26,+25.509, +7.843,+0.991
1705565820,+3.26,+25.492, +7.852,+0.991
1705565880,+3.26,+25.509, +7.848,+0.991
1705565940,+3.26,+25.500, +7.856,+0.992
1705566000,+3.26,+25.475, +7.851,+0.991
1705566060,+3.26,+25.475, +7.847,+0.991
1705566120,+3.26,+25.458, +7.860,+0.991
1705566180,+3.26,+25.484, +7.844,+0.991
1705566240,+3.26,+25.475, +7.850,+0.991
1705566300,+3.26,+25.475, +7.850,+0.991
1705566360,+3.26,+25.475, +7.855,+0.991
1705566420,+3.26,+25.450, +7.859,+0.991
1705566480,+3.26,+25.467, +7.843,+0.990
1705566540,+3.26,+25.467, +7.855,+0.991
1705566600,+3.26,+25.467, +7.852,+0.991
1705566660,+3.26,+25.475, +7.850,+0.991
1705566720,+3.26,+25.467, +7.855,+0.991
1705566780,+3.26,+25.467, +7.848,+0.991
1705566840,+3.26,+25.450, +7.850,+0.991
1705566900,+3.26,+25.458, +7.857,+0.991
1705566960,+3.26,+25.441, +7.850,+0.991
1705567020,+3.26,+25.458, +7.848,+0.991
1705567080,+3.26,+25.467, +7.838,+0.991
1705567140,+3.26,+25.433, +7.861,+0.991
1705567200,+3.26,+25.450, +7.858,+0.991
1705567260,+3.26,+25.441, +7.856,+0.991
1705567320,+3.26,+25.441, +7.856,+0.991
1705567380,+3.26,+25.441, +7.856,+0.991
1705567440,+3.26,+25.441, +7.857,+0.991
1705567500,+3.26,+25.433, +7.858,+0.991
1705567560,+3.26,+25.425, +7.858,+0.991
1705567620,+3.26,+25.425, +7.856,+0.991
1705567680,+3.26,+25.416, +7.864,+0.992
1705567740,+3.26,+25.416, +7.863,+0.991
1705567800,+3.26,+25.408, +7.863,+0.991
1705567860,+3.25,+25.416, +7.865,+0.991
1705567920,+3.25,+25.399, +7.861,+0.991
1705567980,+3.25,+25.399, +7.852,+0.990
1705568040,+3.25,+25.408, +7.872,+0.992
1705568100,+3.25,+25.425, +7.857,+0.991
1705568160,+3.25,+25.391, +7.866,+0.991
1705568220,+3.25,+25.399, +7.867,+0.992
1705568280,+3.25,+25.391, +7.864,+0.991
1705568340,+3.25,+25.391, +7.866,+0.991
1705568400,+3.25,+25.366, +7.864,+0.991
1705568460,+3.25,+25.383, +7.858,+0.991
1705568520,+3.25,+25.383, +7.852,+0.990
1705568580,+3.25,+25.366, +7.863,+0.991
1705568640,+3.25,+25.374, +7.865,+0.991
1705568700,+3.25,+25.366, +7.869,+0.991
1705568760,+3.25,+25.383, +7.867,+0.991
1705568820,+3.25,+25.366, +7.861,+0.991
1705568880,+3.25,+25.366, +7.870,+0.991
1705568940,+3.25,+25.357, +7.870,+0.991
1705569000,+3.25,+25.340, +7.874,+0.991
1705569060,+3.25,+25.357, +7.874,+0.992
1705569120,+3.25,+25.349, +7.869,+0.991
1705569180,+3.25,+25.332, +7.876,+0.991
1705569240,+3.25,+25.340, +7.870,+0.991
1705569300,+3.25,+25.324, +7.876,+0.992
1705569360,+3.25,+25.315, +7.877,+0.991
1705569420,+3.25,+25.315, +7.873,+0.991
1705569480,+3.25,+25.307, +7.877,+0.991
1705569540,+3.25,+25.315, +7.872,+0.991
1705569600,+3.25,+25.324, +7.872,+0.991
1705569660,+3.25,+25.307, +7.872,+0.991
1705569720,+3.25,+25.290, +7.876,+0.991
1705569780,+3.25,+25.298, +7.884,+0.991
1705569840,+3.25,+25.290, +7.873,+0.991
1705569900,+3.25,+25.273, +7.882,+0.991
1705569960,+3.25,+25.282, +7.885,+0.992
1705570020,+3.25,+25.273, +7.882,+0.991
1705570080,+3.25,+25.273, +7.881,+0.991
1705570140,+3.25,+25.256, +7.888,+0.991
1705570200,+3.25,+25.265, +7.874,+0.991
1705570260,+3.25,+25.256, +7.886,+0.991
1705570320,+3.25,+25.256, +7.884,+0.991
1705570380,+3.25,+25.248, +7.886,+0.991
1705570440,+3.25,+25.231, +7.892,+0.992
1705570500,+3.25,+25.248, +7.880,+0.991
1705570560,+3.25,+25.239, +7.879,+0.991
1705570620,+3.25,+25.239, +7.876,+0.991
1705570680,+3.25,+25.231, +7.886,+0.991
1705570740,+3.25,+25.231, +7.878,+0.991
1705570800,+3.25,+25.239, +7.881,+0.991
1705570860,+3.25,+25.239, +7.881,+0.991
1705570920,+3.25,+25.223, +7.890,+0.991
1705570980,+3.25,+25.231, +7.889,+0.991
1705571040,+3.25,+25.223, +7.872,+0.990
1705571100,+3.25,+25.223, +7.877,+0.991
1705571160,+3.25,+25.231, +7.874,+0.991
1705571220,+3.25,+25.223, +7.890,+0.992
1705571280,+3.25,+25.206, +7.886,+0.991
1705571340,+3.25,+25.223, +7.888,+0.991
1705571400,+3.25,+25.223, +7.884,+0.991
1705571460,+3.25,+25.214, +7.888,+0.991
1705571520,+3.25,+25.223, +7.889,+0.991
1705571580,+3.25,+25.206, +7.881,+0.991
1705571640,+3.25,+25.189, +7.887,+0.991
1705571700,+3.25,+25.197, +7.888,+0.991
1705571760,+3.25,+25.206, +7.876,+0.990
1705571820,+3.25,+25.189, +7.894,+0.991
1705571880,+3.25,+25.172, +7.893,+0.991
1705571940,+3.25,+25.181, +7.879,+0.990
1705572000,+3.25,+25.164, +7.888,+0.991
1705572060,+3.25,+25.172, +7.901,+0.992
1705572120,+3.25,+25.164, +7.895,+0.991
1705572180,+3.25,+25.147, +7.900,+0.991
1705572240,+3.25,+25.164, +7.890,+0.991
1705572300,+3.25,+25.155, +7.893,+0.991
1705572360,+3.25,+25.138, +7.903,+0.991
1705572420,+3.25,+25.147, +7.896,+0.991
1705572480,+3.25,+25.164, +7.901,+0.991
1705572540,+3.25,+25.147, +7.891,+0.991
1705572600,+3.25,+25.155, +7.888,+0.990
1705572660,+3.25,+25.164, +7.898,+0.991
1705572720,+3.25,+25.172, +7.894,+0.991
1705572780,+3.25,+25.155, +7.901,+0.991
1705572840,+3.25,+25.164, +7.897,+0.991
1705572900,+3.25,+25.172, +7.900,+0.992
1705572960,+3.25,+25.172, +7.886,+0.990
1705573020,+3.25,+25.172, +7.897,+0.991
1705573080,+3.25,+25.172, +7.896,+0.991
1705573140,+3.25,+25.181, +7.888,+0.991
1705573200,+3.25,+25.189, +7.888,+0.991
1705573260,+3.25,+25.181, +7.899,+0.991
1705573320,+3.25,+25.189, +7.891,+0.991
1705573380,+3.25,+25.189, +7.894,+0.991
1705573440,+3.25,+25.189, +7.887,+0.991
1705573500,+3.25,+25.197, +7.895,+0.991
1705573560,+3.25,+25.189, +7.889,+0.991
1705573620,+3.25,+25.197, +7.890,+0.991
1705573680,+3.25,+25.206, +7.887,+0.991
1705573740,+3.25,+25.206, +7.897,+0.992
1705573800,+3.25,+25.206, +7.883,+0.991
1705573860,+3.25,+25.206, +7.902,+0.992
1705573920,+3.25,+25.206, +7.884,+0.991
1705573980,+3.25,+25.197, +7.898,+0.992
1705574040,+3.25,+25.197, +7.896,+0.992
1705574100,+3.25,+25.206, +7.885,+0.991
1705574160,+3.25,+25.189, +7.888,+0.991
1705574220,+3.25,+25.197, +7.890,+0.991
1705574280,+3.25,+25.214, +7.887,+0.991
1705574340,+3.25,+25.206, +7.887,+0.991
1705574400,+3.25,+25.223, +7.887,+0.991
1705574460,+3.25,+25.197, +7.885,+0.991
1705574520,+3.25,+25.214, +7.888,+0.991
1705574580,+3.25,+25.214, +7.874,+0.990
1705574640,+3.25,+25.214, +7.892,+0.991
1705574700,+3.25,+25.197, +7.887,+0.991
1705574760,+3.25,+25.223, +7.890,+0.992
1705574820,+3.25,+25.206, +7.894,+0.991
1705574880,+3.25,+25.223, +7.890,+0.991
1705574940,+3.25,+25.231, +7.877,+0.991
1705575000,+3.25,+25.231, +7.887,+0.991
1705575060,+3.25,+25.248, +7.891,+0.992
1705575120,+3.25,+25.248, +7.882,+0.991
1705575180,+3.25,+25.239, +7.878,+0.991
1705575240,+3.25,+25.239, +7.891,+0.992
1705575300,+3.25,+25.256, +7.881,+0.991
1705575360,+3.25,+25.265, +7.878,+0.991
1705575420,+3.25,+25.239, +7.883,+0.991
1705575480,+3.25,+25.248, +7.880,+0.991
1705575540,+3.25,+25.256, +7.882,+0.991
1705575600,+3.25,+25.256, +7.882,+0.991
1705575660,+3.25,+25.256, +7.873,+0.990
1705575720,+3.25,+25.256, +7.883,+0.991
1705575780,+3.25,+25.256, +7.887,+0.991
1705575840,+3.25,+25.256, +7.891,+0.991
1705575900,+3.25,+25.248, +7.897,+0.992
1705575960,+3.25,+25.248, +7.881,+0.991
1705576020,+3.25,+25.256, +7.888,+0.991
1705576080,+3.25,+25.265, +7.879,+0.991
1705576140,+3.25,+25.248, +7.876,+0.991
1705576200,+3.25,+25.256, +7.880,+0.991
1705576260,+3.25,+25.256, +7.891,+0.991
1705576320,+3.25,+25.265, +7.892,+0.992
1705576380,+3.25,+25.265, +7.889,+0.991
1705576440,+3.25,+25.273, +7.887,+0.991
1705576500,+3.25,+25.282, +7.886,+0.991
1705576560,+3.25,+25.265, +7.887,+0.991
1705576620,+3.25,+25.265, +7.886,+0.991
1705576680,+3.25,+25.273, +7.882,+0.991
1705576740,+3.25,+25.273, +7.895,+0.992
1705576800,+3.25,+25.282, +7.878,+0.991
1705576860,+3.25,+25.273, +7.885,+0.991
1705576920,+3.25,+25.265, +7.878,+0.990
1705576980,+3.25,+25.282, +7.883,+0.991
1705577040,+3.25,+25.265, +7.882,+0.991
1705577100,+3.25,+25.282, +7.880,+0.991
1705577160,+3.25,+25.290, +7.890,+0.992
1705577220,+3.25,+25.282, +7.877,+0.991
1705577280,+3.25,+25.282, +7.876,+0.991
1705577340,+3.25,+25.282, +7.884,+0.991
1705577400,+3.25,+25.290, +7.884,+0.991
1705577460,+3.25,+25.282, +7.891,+0.992
1705577520,+3.25,+25.290, +7.882,+0.991
1705577580,+3.25,+25.282, +7.887,+0.991
1705577640,+3.25,+25.282, +7.887,+0.991
1705577700,+3.25,+25.290, +7.886,+0.991
1705577760,+3.25,+25.282, +7.891,+0.991
1705577820,+3.25,+25.298, +7.887,+0.992
1705577880,+3.25,+25.307, +7.883,+0.991
1705577940,+3.25,+25.298, +7.887,+0.992
1705578000,+3.25,+25.290, +7.881,+0.991
1705578060,+3.25,+25.298, +7.874,+0.991
1705578120,+3.25,+25.307, +7.882,+0.991
1705578180,+3.25,+25.298, +7.879,+0.991
1705578240,+3.25,+25.298, +7.881,+0.991
1705578300,+3.25,+25.315, +7.883,+0.992
1705578360,+3.25,+25.298, +7.882,+0.991
1705578420,+3.25,+25.315, +7.878,+0.991
1705578480,+3.25,+25.298, +7.893,+0.992
1705578540,+3.25,+25.307, +7.880,+0.991
1705578600,+3.25,+25.298, +7.891,+0.992
1705578660,+3.25,+25.290, +7.879,+0.991
1705578720,+3.25,+25.315, +7.870,+0.991
1705578780,+3.25,+25.315, +7.885,+0.992
1705578840,+3.25,+25.324, +7.874,+0.991
1705578900,+3.25,+25.307, +7.877,+0.991
1705578960,+3.25,+25.298, +7.882,+0.991
1705579020,+3.25,+25.307, +7.875,+0.990
1705579080,+3.25,+25.324, +7.881,+0.991
1705579140,+3.25,+25.298, +7.884,+0.991
1705579200,+3.25,+25.298, +7.886,+0.991
1705579260,+3.25,+25.307, +7.879,+0.991
1705579320,+3.25,+25.307, +7.886,+0.991
1705579380,+3.25,+25.298, +7.886,+0.991
1705579440,+3.25,+25.290, +7.888,+0.991
1705579500,+3.25,+25.315, +7.878,+0.991
1705579560,+3.25,+25.298, +7.882,+0.991
1705579620,+3.25,+25.307, +7.878,+0.991
1705579680,+3.25,+25.307, +7.883,+0.991
1705579740,+3.25,+25.315, +7.882,+0.991
1705579800,+3.25,+25.307, +7.882,+0.991
1705579860,+3.25,+25.324, +7.873,+0.991
1705579920,+3.25,+25.324, +7.874,+0.991
1705579980,+3.25,+25.324, +7.879,+0.991
1705580040,+3.25,+25.315, +7.878,+0.991
1705580100,+3.25,+25.340, +7.877,+0.991
1705580160,+3.25,+25.357, +7.881,+0.992
1705580220,+3.25,+25.332, +7.880,+0.991
1705580280,+3.25,+25.349, +7.872,+0.991
1705580340,+3.25,+25.366, +7.874,+0.991
1705580400,+3.25,+25.357, +7.886,+0.992
1705580460,+3.25,+25.357, +7.875,+0.991
1705580520,+3.25,+25.383, +7.873,+0.991
1705580580,+3.25,+25.374, +7.873,+0.991
1705580640,+3.25,+25.391, +7.879,+0.992
1705580700,+3.25,+25.391, +7.874,+0.991
1705580760,+3.25,+25.391, +7.863,+0.990
1705580820,+3.26,+25.416, +7.877,+0.992
1705580880,+3.26,+25.425, +7.870,+0.991
1705580940,+3.26,+25.450, +7.866,+0.991
1705581000,+3.26,+25.458, +7.863,+0.991
1705581060,+3.26,+25.475, +7.864,+0.992
1705581120,+3.26,+25.492, +7.858,+0.991
1705581180,+3.26,+25.484, +7.858,+0.991
1705581240,+3.26,+25.526, +7.851,+0.991
1705581300,+3.26,+25.526, +7.859,+0.992
1705581360,+3.26,+25.559, +7.850,+0.992
1705581420,+3.26,+25.543, +7.850,+0.991
1705581480,+3.26,+25.559, +7.847,+0.991
1705581540,+3.26,+25.559, +7.856,+0.992
1705581600,+3.26,+25.551, +7.852,+0.991
1705581660,+3.26,+25.568, +7.849,+0.991
1705581720,+3.26,+25.551, +7.855,+0.991
1705581780,+3.26,+25.559, +7.848,+0.991
1705581840,+3.26,+25.551, +7.851,+0.991
1705581900,+3.26,+25.568, +7.853,+0.992
1705581960,+3.26,+25.568, +7.855,+0.992
1705582020,+3.26,+25.568, +7.852,+0.991
1705582080,+3.26,+25.568, +7.856,+0.992
1705582140,+3.26,+25.559, +7.857,+0.992
1705582200,+3.26,+25.576, +7.839,+0.991
1705582260,+3.26,+25.551, +7.856,+0.992
1705582320,+3.26,+25.551, +7.850,+0.991
1705582380,+3.26,+25.568, +7.854,+0.992
1705582440,+3.26,+25.559, +7.853,+0.991
1705582500,+3.26,+25.559, +7.843,+0.991
1705582560,+3.26,+25.559, +7.849,+0.991
1705582620,+3.26,+25.568, +7.855,+0.991
1705582680,+3.26,+25.568, +7.844,+0.991
1705582740,+3.26,+25.559, +7.847,+0.991
1705582800,+3.26,+25.568, +7.858,+0.992
1705582860,+3.26,+25.568, +7.843,+0.991
1705582920,+3.26,+25.585, +7.849,+0.991
1705582980,+3.26,+25.551, +7.859,+0.992
1705583040,+3.26,+25.551, +7.851,+0.991
1705583100,+3.26,+25.559, +7.864,+0.992
1705583160,+3.26,+25.543, +7.870,+0.992
1705583220,+3.26,+25.576, +7.855,+0.991
1705583280,+3.26,+25.559, +7.856,+0.991
1705583340,+3.26,+25.568, +7.854,+0.992
1705583400,+3.26,+25.593, +7.851,+0.991
1705583460,+3.26,+25.568, +7.853,+0.991
1705583520,+3.26,+25.576, +7.845,+0.991
1705583580,+3.26,+25.576, +7.858,+0.992
1705583640,+3.26,+25.576, +7.850,+0.991
1705583700,+3.26,+25.559, +7.862,+0.992
1705583760,+3.26,+25.585, +7.842,+0.991
1705583820,+3.26,+25.585, +7.848,+0.991
1705583880,+3.26,+25.593, +7.849,+0.991
1705583940,+3.26,+25.585, +7.847,+0.991
1705584000,+3.26,+25.585, +7.852,+0.991
1705584060,+3.26,+25.601, +7.846,+0.991
1705584120,+3.26,+25.585, +7.854,+0.991
1705584180,+3.26,+25.601, +7.854,+0.991
1705584240,+3.26,+25.601, +7.853,+0.992
1705584300,+3.26,+25.601, +7.840,+0.991
1705584360,+3.26,+25.601, +7.842,+0.991
1705584420,+3.26,+25.601, +7.852,+0.991
1705584480,+3.26,+25.610, +7.850,+0.991
1705584540,+3.26,+25.593, +7.866,+0.992
1705584600,+3.26,+25.593, +7.859,+0.992
1705584660,+3.26,+25.601, +7.850,+0.991
1705584720,+3.26,+25.618, +7.847,+0.991
1705584780,+3.26,+25.610, +7.849,+0.991
1705584840,+3.26,+25.618, +7.842,+0.991
1705584900,+3.26,+25.610, +7.843,+0.991
1705584960,+3.26,+25.627, +7.848,+0.991
1705585020,+3.26,+25.618, +7.843,+0.991
1705585080,+3.26,+25.618, +7.852,+0.991
1705585140,+3.26,+25.627, +7.844,+0.991
1705585200,+3.26,+25.644, +7.846,+0.991
1705585260,+3.26,+25.610, +7.853,+0.991
1705585320,+3.26,+25.627, +7.841,+0.991
1705585380,+3.26,+25.635, +7.849,+0.992
1705585440,+3.26,+25.644, +7.851,+0.992
1705585500,+3.26,+25.660, +7.836,+0.991
1705585560,+3.26,+25.660, +7.845,+0.991
1705585620,+3.26,+25.677, +7.848,+0.992
1705585680,+3.25,+25.677, +7.843,+0.991
1705585740,+3.25,+25.694, +7.835,+0.991
1705585800,+3.25,+25.703, +7.835,+0.991
1705585860,+3.25,+25.703, +7.836,+0.991
1705585920,+3.25,+25.711, +7.830,+0.991
1705585980,+3.25,+25.728, +7.829,+0.991
1705586040,+3.25,+25.728, +7.830,+0.991
1705586100,+3.25,+25.736, +7.827,+0.991
1705586160,+3.25,+25.745, +7.827,+0.991
1705586220,+3.25,+25.753, +7.826,+0.991
1705586280,+3.25,+25.753, +7.824,+0.991
1705586340,+3.25,+25.745, +7.833,+0.992
1705586400,+3.25,+25.762, +7.825,+0.991
1705586460,+3.25,+25.762, +7.824,+0.991
1705586520,+3.25,+25.762, +7.856,+0.991
