7450-695497
OS REV: 1.05 Sensor Cal: 1618510905
Time (sec),  BV (Volts),  T (deg C),  DO (mg/l),  Q ()
1704312960,+3.28,+24.047, +0.030,+0.976
1704313020,+3.28,+24.047, +0.030,+0.976
1704313080,+3.28,+24.064, +0.030,+0.976
1704313140,+3.28,+24.039, +0.031,+0.976
1704313200,+3.27,+24.047, +0.030,+0.976
1704313260,+3.27,+24.072, +0.030,+0.976
1704313320,+3.27,+24.064, +0.031,+0.976
1704313380,+3.27,+24.064, +0.030,+0.976
1704313440,+3.27,+24.047, +0.030,+0.976
1704313500,+3.27,+24.081, +0.031,+0.976
1704313560,+3.27,+24.072, +0.030,+0.976
1704313620,+3.27,+24.072, +0.030,+0.976
1704313680,+3.27,+24.064, +0.030,+0.976
1704313740,+3.27,+24.072, +0.030,+0.976
1704313800,+3.27,+24.072, +0.030,+0.976
1704313860,+3.27,+24.081, +0.030,+0.976
1704313920,+3.27,+24.064, +0.030,+0.976
1704313980,+3.27,+24.089, +0.030,+0.976
1704314040,+3.27,+24.089, +0.029,+0.975
1704314100,+3.27,+24.081, +0.030,+0.976
1704314160,+3.27,+24.081, +0.031,+0.976
1704314220,+3.27,+24.097, +0.030,+0.976
1704314280,+3.27,+24.097, +0.030,+0.976
1704314340,+3.27,+24.089, +0.030,+0.976
1704314400,+3.27,+24.097, +0.030,+0.976
1704314460,+3.27,+24.106, +0.030,+0.976
1704314520,+3.27,+24.089, +0.030,+0.976
1704314580,+3.27,+24.114, +0.030,+0.976
1704314640,+3.27,+24.089, +0.030,+0.976
1704314700,+3.27,+24.131, +0.030,+0.976
1704314760,+3.27,+24.106, +0.030,+0.976
1704314820,+3.27,+24.097, +0.030,+0.976
1704314880,+3.27,+24.114, +0.030,+0.976
1704314940,+3.27,+24.122, +0.030,+0.976
1704315000,+3.27,+24.106, +0.030,+0.976
1704315060,+3.27,+24.114, +0.030,+0.976
1704315120,+3.27,+24.122, +0.031,+0.976
1704315180,+3.27,+24.122, +0.030,+0.976
1704315240,+3.27,+24.122, +0.030,+0.975
1704315300,+3.27,+24.139, +0.031,+0.976
1704315360,+3.27,+24.122, +0.031,+0.976
1704315420,+3.27,+24.122, +0.031,+0.976
1704315480,+3.27,+24.114, +0.031,+0.976
1704315540,+3.27,+24.139, +0.030,+0.976
1704315600,+3.27,+24.139, +0.031,+0.976
1704315660,+3.27,+24.131, +0.030,+0.976
1704315720,+3.27,+24.139, +0.031,+0.976
1704315780,+3.27,+24.139, +0.030,+0.976
1704315840,+3.27,+24.139, +0.030,+0.976
1704315900,+3.27,+24.148, +0.030,+0.976
1704315960,+3.27,+24.148, +0.030,+0.976
1704316020,+3.27,+24.139, +0.030,+0.976
1704316080,+3.27,+24.139, +0.030,+0.976
1704316140,+3.27,+24.156, +0.030,+0.976
1704316200,+3.27,+24.156, +0.030,+0.976
1704316260,+3.27,+24.139, +0.030,+0.976
1704316320,+3.27,+24.148, +0.031,+0.976
1704316380,+3.27,+24.148, +0.030,+0.976
1704316440,+3.27,+24.156, +0.030,+0.976
1704316500,+3.27,+24.156, +0.030,+0.976
1704316560,+3.27,+24.156, +0.031,+0.976
1704316620,+3.27,+24.164, +0.030,+0.976
1704316680,+3.27,+24.164, +0.031,+0.976
1704316740,+3.27,+24.164, +0.030,+0.976
1704316800,+3.27,+24.156, +0.030,+0.976
1704316860,+3.27,+24.164, +0.030,+0.976
1704316920,+3.27,+24.164, +0.030,+0.976
1704316980,+3.27,+24.173, +0.030,+0.976
1704317040,+3.27,+24.164, +0.030,+0.976
1704317100,+3.27,+24.173, +0.030,+0.976
1704317160,+3.27,+24.173, +0.030,+0.976
1704317220,+3.27,+24.173, +0.030,+0.976
1704317280,+3.27,+24.173, +0.030,+0.976
1704317340,+3.27,+24.181, +0.030,+0.976
1704317400,+3.27,+24.173, +0.030,+0.976
1704317460,+3.27,+24.181, +0.030,+0.976
1704317520,+3.27,+24.173, +0.030,+0.976
1704317580,+3.27,+24.173, +0.030,+0.976
1704317640,+3.27,+24.190, +0.030,+0.976
1704317700,+3.27,+24.173, +0.031,+0.976
1704317760,+3.27,+24.190, +0.030,+0.976
1704317820,+3.27,+24.190, +0.031,+0.976
1704317880,+3.27,+24.190, +0.031,+0.976
1704317940,+3.27,+24.181, +0.030,+0.976
1704318000,+3.27,+24.190, +0.030,+0.976
1704318060,+3.27,+24.206, +0.031,+0.976
1704318120,+3.27,+24.190, +0.031,+0.976
1704318180,+3.27,+24.181, +0.030,+0.976
1704318240,+3.27,+24.198, +0.031,+0.976
1704318300,+3.27,+24.206, +0.030,+0.976
1704318360,+3.27,+24.198, +0.030,+0.976
1704318420,+3.27,+24.190, +0.031,+0.976
1704318480,+3.27,+24.215, +0.031,+0.976
1704318540,+3.27,+24.215, +0.031,+0.976
1704318600,+3.27,+24.198, +0.030,+0.976
1704318660,+3.27,+24.198, +0.031,+0.976
1704318720,+3.27,+24.206, +0.031,+0.976
1704318780,+3.27,+24.190, +0.031,+0.976
1704318840,+3.27,+24.198, +0.031,+0.976
1704318900,+3.27,+24.215, +0.030,+0.976
1704318960,+3.27,+24.206, +0.031,+0.976
1704319020,+3.27,+24.206, +0.031,+0.976
1704319080,+3.27,+24.206, +0.031,+0.976
1704319140,+3.27,+24.206, +0.031,+0.976
1704319200,+3.27,+24.223, +0.031,+0.976
1704319260,+3.27,+24.223, +0.031,+0.976
1704319320,+3.27,+24.215, +0.031,+0.976
1704319380,+3.27,+24.231, +0.030,+0.976
1704319440,+3.27,+24.206, +0.031,+0.976
1704319500,+3.27,+24.206, +0.032,+0.976
1704319560,+3.27,+24.223, +0.031,+0.976
1704319620,+3.27,+24.206, +0.031,+0.976
1704319680,+3.27,+24.231, +0.031,+0.976
1704319740,+3.27,+24.231, +0.031,+0.976
1704319800,+3.27,+24.215, +0.031,+0.976
1704319860,+3.27,+24.231, +0.031,+0.976
1704319920,+3.27,+24.231, +0.031,+0.976
1704319980,+3.27,+24.231, +0.031,+0.976
1704320040,+3.27,+24.215, +0.032,+0.976
1704320100,+3.27,+24.240, +0.031,+0.976
1704320160,+3.27,+24.240, +0.032,+0.976
1704320220,+3.27,+24.240, +0.031,+0.976
1704320280,+3.27,+24.231, +0.032,+0.976
1704320340,+3.27,+24.240, +0.031,+0.976
1704320400,+3.27,+24.248, +0.031,+0.976
1704320460,+3.27,+24.231, +0.032,+0.976
1704320520,+3.27,+24.248, +0.031,+0.976
1704320580,+3.27,+24.240, +0.032,+0.976
1704320640,+3.27,+24.240, +0.032,+0.976
1704320700,+3.27,+24.223, +0.031,+0.976
1704320760,+3.27,+24.240, +0.031,+0.976
1704320820,+3.27,+24.240, +0.031,+0.976
1704320880,+3.27,+24.240, +0.031,+0.976
1704320940,+3.27,+24.265, +0.031,+0.976
1704321000,+3.27,+24.248, +0.031,+0.976
1704321060,+3.27,+24.240, +0.031,+0.976
1704321120,+3.27,+24.248, +0.031,+0.976
1704321180,+3.27,+24.248, +0.031,+0.976
1704321240,+3.27,+24.240, +0.031,+0.976
1704321300,+3.27,+24.257, +0.031,+0.976
1704321360,+3.27,+24.265, +0.031,+0.976
1704321420,+3.27,+24.265, +0.031,+0.976
1704321480,+3.27,+24.248, +0.031,+0.976
1704321540,+3.27,+24.257, +0.031,+0.976
1704321600,+3.27,+24.265, +0.032,+0.976
1704321660,+3.27,+24.257, +0.031,+0.976
1704321720,+3.27,+24.265, +0.032,+0.976
1704321780,+3.27,+24.248, +0.031,+0.976
1704321840,+3.27,+24.257, +0.031,+0.976
1704321900,+3.27,+24.273, +0.031,+0.976
1704321960,+3.27,+24.265, +0.031,+0.976
1704322020,+3.27,+24.257, +0.031,+0.976
1704322080,+3.27,+24.257, +0.031,+0.976
1704322140,+3.27,+24.257, +0.031,+0.976
1704322200,+3.27,+24.265, +0.032,+0.976
1704322260,+3.27,+24.273, +0.031,+0.976
1704322320,+3.27,+24.273, +0.031,+0.976
1704322380,+3.27,+24.273, +0.031,+0.976
1704322440,+3.27,+24.248, +0.032,+0.976
1704322500,+3.27,+24.273, +0.031,+0.976
1704322560,+3.27,+24.282, +0.031,+0.976
1704322620,+3.27,+24.257, +0.032,+0.976
1704322680,+3.27,+24.273, +0.031,+0.976
1704322740,+3.27,+24.273, +0.031,+0.976
1704322800,+3.27,+24.273, +0.032,+0.976
1704322860,+3.27,+24.282, +0.031,+0.976
1704322920,+3.27,+24.273, +0.031,+0.976
1704322980,+3.27,+24.273, +0.031,+0.976
1704323040,+3.27,+24.273, +0.031,+0.976
1704323100,+3.27,+24.265, +0.032,+0.976
1704323160,+3.27,+24.273, +0.031,+0.976
1704323220,+3.27,+24.273, +0.032,+0.976
1704323280,+3.27,+24.282, +0.032,+0.976
1704323340,+3.27,+24.282, +0.032,+0.976
1704323400,+3.27,+24.273, +0.031,+0.976
1704323460,+3.27,+24.282, +0.031,+0.976
1704323520,+3.27,+24.273, +0.032,+0.976
1704323580,+3.27,+24.265, +0.032,+0.976
1704323640,+3.27,+24.265, +0.032,+0.976
1704323700,+3.27,+24.273, +0.032,+0.976
1704323760,+3.27,+24.290, +0.032,+0.976
1704323820,+3.27,+24.282, +0.031,+0.976
1704323880,+3.27,+24.290, +0.031,+0.976
1704323940,+3.27,+24.282, +0.032,+0.976
1704324000,+3.27,+24.299, +0.031,+0.976
1704324060,+3.27,+24.282, +0.032,+0.976
1704324120,+3.28,+24.290, +0.032,+0.976
1704324180,+3.27,+24.290, +0.031,+0.976
1704324240,+3.27,+24.299, +0.032,+0.976
1704324300,+3.27,+24.273, +0.032,+0.976
1704324360,+3.27,+24.282, +0.031,+0.976
1704324420,+3.27,+24.282, +0.031,+0.976
1704324480,+3.27,+24.299, +0.031,+0.976
1704324540,+3.27,+24.299, +0.031,+0.976
1704324600,+3.27,+24.282, +0.031,+0.976
1704324660,+3.27,+24.290, +0.031,+0.976
1704324720,+3.27,+24.282, +0.032,+0.976
1704324780,+3.27,+24.290, +0.031,+0.976
1704324840,+3.27,+24.290, +0.031,+0.976
1704324900,+3.27,+24.282, +0.031,+0.976
1704324960,+3.27,+24.307, +0.031,+0.976
1704325020,+3.27,+24.299, +0.031,+0.976
1704325080,+3.27,+24.299, +0.031,+0.976
1704325140,+3.27,+24.290, +0.032,+0.976
1704325200,+3.27,+24.299, +0.031,+0.976
1704325260,+3.27,+24.299, +0.032,+0.976
1704325320,+3.27,+24.299, +0.032,+0.976
1704325380,+3.27,+24.299, +0.032,+0.976
1704325440,+3.27,+24.307, +0.032,+0.976
1704325500,+3.27,+24.282, +0.031,+0.976
1704325560,+3.27,+24.282, +0.031,+0.976
1704325620,+3.27,+24.307, +0.031,+0.976
1704325680,+3.27,+24.299, +0.031,+0.976
1704325740,+3.27,+24.307, +0.031,+0.976
1704325800,+3.27,+24.282, +0.031,+0.976
1704325860,+3.27,+24.290, +0.031,+0.976
1704325920,+3.27,+24.307, +0.031,+0.976
1704325980,+3.27,+24.299, +0.031,+0.976
1704326040,+3.27,+24.299, +0.031,+0.976
1704326100,+3.27,+24.307, +0.031,+0.976
1704326160,+3.27,+24.307, +0.031,+0.976
1704326220,+3.27,+24.307, +0.031,+0.976
1704326280,+3.27,+24.307, +0.031,+0.976
1704326340,+3.27,+24.307, +0.031,+0.976
1704326400,+3.27,+24.299, +0.031,+0.976
1704326460,+3.27,+24.315, +0.031,+0.976
1704326520,+3.27,+24.299, +0.031,+0.976
1704326580,+3.27,+24.299, +0.031,+0.976
1704326640,+3.27,+24.299, +0.031,+0.976
1704326700,+3.27,+24.315, +0.031,+0.976
1704326760,+3.27,+24.307, +0.031,+0.976
1704326820,+3.27,+24.307, +0.031,+0.976
1704326880,+3.27,+24.290, +0.031,+0.976
1704326940,+3.27,+24.315, +0.031,+0.976
1704327000,+3.27,+24.307, +0.031,+0.976
1704327060,+3.27,+24.307, +0.031,+0.976
1704327120,+3.27,+24.307, +0.031,+0.976
1704327180,+3.27,+24.315, +0.031,+0.976
1704327240,+3.27,+24.299, +0.031,+0.976
1704327300,+3.27,+24.307, +0.030,+0.976
1704327360,+3.27,+24.315, +0.031,+0.976
1704327420,+3.27,+24.299, +0.031,+0.976
1704327480,+3.27,+24.307, +0.031,+0.976
1704327540,+3.27,+24.324, +0.031,+0.976
1704327600,+3.27,+24.307, +0.031,+0.976
1704327660,+3.27,+24.315, +0.031,+0.976
1704327720,+3.27,+24.307, +0.031,+0.976
1704327780,+3.27,+24.307, +0.031,+0.976
1704327840,+3.27,+24.299, +0.031,+0.976
1704327900,+3.27,+24.307, +0.031,+0.976
1704327960,+3.27,+24.315, +0.031,+0.976
1704328020,+3.27,+24.307, +0.031,+0.976
1704328080,+3.27,+24.307, +0.031,+0.976
1704328140,+3.27,+24.299, +0.031,+0.976
1704328200,+3.28,+24.315, +0.031,+0.976
1704328260,+3.27,+24.315, +0.031,+0.976
1704328320,+3.27,+24.307, +0.031,+0.976
1704328380,+3.27,+24.290, +0.031,+0.976
1704328440,+3.27,+24.290, +0.031,+0.976
1704328500,+3.28,+24.315, +0.031,+0.976
1704328560,+3.27,+24.299, +0.031,+0.976
1704328620,+3.27,+24.299, +0.030,+0.976
1704328680,+3.28,+24.324, +0.031,+0.976
1704328740,+3.27,+24.273, +0.031,+0.976
1704328800,+3.27,+24.307, +0.031,+0.976
1704328860,+3.27,+24.299, +0.031,+0.976
1704328920,+3.27,+24.299, +0.031,+0.976
1704328980,+3.27,+24.290, +0.031,+0.976
1704329040,+3.27,+24.307, +0.030,+0.976
1704329100,+3.27,+24.299, +0.030,+0.976
1704329160,+3.27,+24.299, +0.031,+0.976
1704329220,+3.27,+24.307, +0.031,+0.976
1704329280,+3.27,+24.307, +0.031,+0.976
1704329340,+3.27,+24.307, +0.031,+0.976
1704329400,+3.27,+24.315, +0.031,+0.976
1704329460,+3.27,+24.290, +0.031,+0.976
1704329520,+3.27,+24.290, +0.031,+0.976
1704329580,+3.27,+24.307, +0.031,+0.976
1704329640,+3.27,+24.299, +0.031,+0.976
1704329700,+3.27,+24.290, +0.031,+0.976
1704329760,+3.27,+24.299, +0.030,+0.976
1704329820,+3.28,+24.290, +0.031,+0.976
1704329880,+3.27,+24.290, +0.031,+0.976
1704329940,+3.27,+24.299, +0.031,+0.976
1704330000,+3.27,+24.307, +0.031,+0.976
1704330060,+3.27,+24.290, +0.030,+0.976
1704330120,+3.27,+24.290, +0.031,+0.976
1704330180,+3.27,+24.290, +0.031,+0.976
1704330240,+3.27,+24.307, +0.031,+0.976
1704330300,+3.27,+24.290, +0.031,+0.976
1704330360,+3.27,+24.299, +0.030,+0.976
1704330420,+3.27,+24.290, +0.031,+0.976
1704330480,+3.27,+24.299, +0.031,+0.976
1704330540,+3.27,+24.290, +0.031,+0.976
1704330600,+3.27,+24.299, +0.030,+0.976
1704330660,+3.27,+24.290, +0.030,+0.976
1704330720,+3.27,+24.290, +0.031,+0.976
1704330780,+3.27,+24.282, +0.031,+0.976
1704330840,+3.27,+24.290, +0.030,+0.976
1704330900,+3.27,+24.282, +0.031,+0.976
1704330960,+3.27,+24.290, +0.031,+0.976
1704331020,+3.27,+24.273, +0.031,+0.976
1704331080,+3.27,+24.290, +0.031,+0.976
1704331140,+3.27,+24.290, +0.031,+0.976
1704331200,+3.27,+24.282, +0.031,+0.976
1704331260,+3.27,+24.282, +0.030,+0.976
1704331320,+3.27,+24.299, +0.030,+0.976
1704331380,+3.27,+24.299, +0.031,+0.976
1704331440,+3.27,+24.290, +0.031,+0.976
1704331500,+3.27,+24.282, +0.030,+0.976
1704331560,+3.27,+24.282, +0.031,+0.976
1704331620,+3.27,+24.273, +0.031,+0.976
1704331680,+3.27,+24.290, +0.031,+0.976
1704331740,+3.27,+24.290, +0.031,+0.976
1704331800,+3.27,+24.290, +0.031,+0.976
1704331860,+3.27,+24.290, +0.031,+0.976
1704331920,+3.27,+24.299, +0.030,+0.976
1704331980,+3.27,+24.282, +0.031,+0.976
1704332040,+3.27,+24.290, +0.031,+0.976
1704332100,+3.27,+24.282, +0.031,+0.976
1704332160,+3.27,+24.282, +0.030,+0.976
1704332220,+3.27,+24.282, +0.031,+0.976
1704332280,+3.27,+24.290, +0.030,+0.976
1704332340,+3.27,+24.273, +0.031,+0.976
1704332400,+3.27,+24.299, +0.030,+0.976
1704332460,+3.27,+24.273, +0.030,+0.976
1704332520,+3.27,+24.282, +0.031,+0.976
1704332580,+3.27,+24.282, +0.031,+0.976
1704332640,+3.27,+24.273, +0.031,+0.976
1704332700,+3.27,+24.282, +0.031,+0.976
1704332760,+3.27,+24.290, +0.031,+0.976
1704332820,+3.27,+24.299, +0.031,+0.976
1704332880,+3.27,+24.282, +0.031,+0.976
1704332940,+3.27,+24.290, +0.031,+0.977
1704333000,+3.27,+24.290, +0.030,+0.976
1704333060,+3.27,+24.290, +0.031,+0.976
1704333120,+3.27,+24.282, +0.031,+0.976
1704333180,+3.27,+24.299, +0.031,+0.976
1704333240,+3.27,+24.282, +0.030,+0.976
1704333300,+3.27,+24.273, +0.032,+0.976
1704333360,+3.27,+24.282, +0.031,+0.977
1704333420,+3.27,+24.273, +0.031,+0.976
1704333480,+3.27,+24.282, +0.031,+0.976
1704333540,+3.27,+24.273, +0.031,+0.976
1704333600,+3.27,+24.290, +0.031,+0.976
1704333660,+3.27,+24.282, +0.030,+0.976
1704333720,+3.27,+24.282, +0.031,+0.976
1704333780,+3.27,+24.290, +0.031,+0.977
1704333840,+3.27,+24.273, +0.030,+0.976
1704333900,+3.27,+24.282, +0.031,+0.976
1704333960,+3.27,+24.290, +0.030,+0.976
1704334020,+3.27,+24.290, +0.030,+0.976
1704334080,+3.27,+24.282, +0.031,+0.976
1704334140,+3.27,+24.273, +0.031,+0.976
1704334200,+3.27,+24.265, +0.031,+0.976
1704334260,+3.27,+24.273, +0.030,+0.976
1704334320,+3.27,+24.282, +0.030,+0.976
1704334380,+3.27,+24.265, +0.030,+0.976
1704334440,+3.27,+24.273, +0.031,+0.976
1704334500,+3.27,+24.273, +0.031,+0.976
1704334560,+3.27,+24.273, +0.031,+0.976
1704334620,+3.27,+24.282, +0.030,+0.976
1704334680,+3.27,+24.290, +0.031,+0.976
1704334740,+3.27,+24.282, +0.030,+0.976
1704334800,+3.27,+24.265, +0.031,+0.976
1704334860,+3.27,+24.273, +0.031,+0.976
1704334920,+3.27,+24.273, +0.030,+0.976
1704334980,+3.27,+24.273, +0.031,+0.976
1704335040,+3.27,+24.273, +0.031,+0.977
1704335100,+3.27,+24.257, +0.031,+0.976
1704335160,+3.27,+24.290, +0.031,+0.977
1704335220,+3.27,+24.273, +0.031,+0.976
1704335280,+3.27,+24.265, +0.031,+0.976
1704335340,+3.27,+24.265, +0.031,+0.976
1704335400,+3.27,+24.282, +0.031,+0.976
1704335460,+3.27,+24.265, +0.031,+0.977
1704335520,+3.27,+24.273, +0.031,+0.976
1704335580,+3.27,+24.273, +0.031,+0.976
1704335640,+3.27,+24.273, +0.031,+0.976
1704335700,+3.27,+24.265, +0.030,+0.976
1704335760,+3.27,+24.265, +0.031,+0.977
1704335820,+3.27,+24.265, +0.031,+0.976
1704335880,+3.27,+24.257, +0.033,+0.976
1704335940,+3.27,+24.273, +0.036,+0.977
1704336000,+3.27,+24.265, +0.040,+0.977
1704336060,+3.27,+24.248, +0.045,+0.977
1704336120,+3.27,+24.257, +0.044,+0.977
1704336180,+3.27,+24.240, +0.041,+0.977
1704336240,+3.27,+24.248, +0.037,+0.977
1704336300,+3.27,+24.257, +0.036,+0.977
1704336360,+3.27,+24.265, +0.036,+0.977
1704336420,+3.27,+24.240, +0.037,+0.977
1704336480,+3.27,+24.240, +0.038,+0.977
1704336540,+3.27,+24.248, +0.037,+0.977
1704336600,+3.27,+24.240, +0.037,+0.977
1704336660,+3.27,+24.240, +0.038,+0.977
1704336720,+3.27,+24.240, +0.037,+0.977
1704336780,+3.27,+24.248, +0.036,+0.977
1704336840,+3.27,+24.231, +0.037,+0.977
1704336900,+3.27,+24.240, +0.036,+0.977
1704336960,+3.27,+24.231, +0.036,+0.977
1704337020,+3.27,+24.248, +0.036,+0.977
1704337080,+3.27,+24.231, +0.036,+0.977
1704337140,+3.27,+24.240, +0.036,+0.977
1704337200,+3.27,+24.223, +0.036,+0.977
1704337260,+3.27,+24.223, +0.037,+0.977
1704337320,+3.27,+24.215, +0.039,+0.977
1704337380,+3.27,+24.215, +0.040,+0.977
1704337440,+3.27,+24.223, +0.042,+0.977
1704337500,+3.27,+24.206, +0.047,+0.977
1704337560,+3.27,+24.215, +0.052,+0.977
1704337620,+3.27,+24.231, +0.059,+0.977
1704337680,+3.27,+24.215, +0.064,+0.977
1704337740,+3.27,+24.190, +0.069,+0.977
1704337800,+3.27,+24.198, +0.075,+0.978
1704337860,+3.27,+24.198, +0.078,+0.978
1704337920,+3.27,+24.206, +0.083,+0.978
1704337980,+3.27,+24.181, +0.092,+0.978
1704338040,+3.27,+24.181, +0.100,+0.979
1704338100,+3.27,+24.190, +0.107,+0.979
1704338160,+3.27,+24.206, +0.113,+0.979
1704338220,+3.27,+24.181, +0.120,+0.979
1704338280,+3.27,+24.164, +0.129,+0.979
1704338340,+3.27,+24.173, +0.144,+0.980
1704338400,+3.27,+24.181, +0.158,+0.980
1704338460,+3.27,+24.173, +0.167,+0.980
1704338520,+3.27,+24.164, +0.172,+0.981
1704338580,+3.27,+24.148, +0.173,+0.981
1704338640,+3.27,+24.148, +0.168,+0.980
1704338700,+3.27,+24.156, +0.159,+0.980
1704338760,+3.27,+24.148, +0.147,+0.980
1704338820,+3.27,+24.164, +0.135,+0.980
1704338880,+3.27,+24.148, +0.124,+0.979
1704338940,+3.27,+24.148, +0.116,+0.979
1704339000,+3.27,+24.139, +0.111,+0.979
1704339060,+3.27,+24.148, +0.107,+0.979
1704339120,+3.27,+24.139, +0.106,+0.979
1704339180,+3.27,+24.148, +0.104,+0.979
1704339240,+3.27,+24.114, +0.101,+0.979
1704339300,+3.27,+24.114, +0.097,+0.978
1704339360,+3.27,+24.114, +0.088,+0.978
1704339420,+3.27,+24.114, +0.080,+0.978
1704339480,+3.27,+24.122, +0.074,+0.978
1704339540,+3.27,+24.106, +0.072,+0.978
1704339600,+3.27,+24.114, +0.071,+0.978
1704339660,+3.27,+24.106, +0.067,+0.978
1704339720,+3.27,+24.097, +0.066,+0.978
1704339780,+3.27,+24.089, +0.063,+0.978
1704339840,+3.27,+24.089, +0.058,+0.977
1704339900,+3.27,+24.097, +0.052,+0.977
1704339960,+3.27,+24.106, +0.046,+0.977
1704340020,+3.27,+24.089, +0.043,+0.977
1704340080,+3.27,+24.089, +0.040,+0.977
1704340140,+3.27,+24.089, +0.038,+0.977
1704340200,+3.27,+24.064, +0.035,+0.976
1704340260,+3.27,+24.081, +0.035,+0.977
1704340320,+3.27,+24.072, +0.034,+0.977
1704340380,+3.27,+24.072, +0.033,+0.976
1704340440,+3.27,+24.064, +0.033,+0.977
1704340500,+3.27,+24.064, +0.034,+0.977
1704340560,+3.27,+24.064, +0.037,+0.977
1704340620,+3.27,+24.039, +0.041,+0.977
1704340680,+3.27,+24.055, +0.041,+0.977
1704340740,+3.27,+24.064, +0.039,+0.977
1704340800,+3.27,+24.039, +0.036,+0.977
1704340860,+3.27,+24.055, +0.035,+0.977
1704340920,+3.27,+24.047, +0.036,+0.977
1704340980,+3.27,+24.039, +0.037,+0.977
1704341040,+3.27,+24.030, +0.040,+0.977
1704341100,+3.27,+24.039, +0.043,+0.977
1704341160,+3.27,+24.039, +0.044,+0.977
1704341220,+3.27,+24.030, +0.045,+0.977
1704341280,+3.27,+24.030, +0.047,+0.977
1704341340,+3.27,+24.005, +0.048,+0.977
1704341400,+3.27,+24.030, +0.049,+0.977
1704341460,+3.27,+24.022, +0.048,+0.977
1704341520,+3.27,+24.005, +0.048,+0.977
1704341580,+3.27,+24.013, +0.046,+0.977
1704341640,+3.27,+24.013, +0.043,+0.977
1704341700,+3.27,+24.005, +0.038,+0.977
1704341760,+3.27,+24.005, +0.033,+0.977
1704341820,+3.27,+23.997, +0.032,+0.976
1704341880,+3.27,+23.988, +0.033,+0.977
1704341940,+3.27,+23.997, +0.033,+0.976
1704342000,+3.27,+23.988, +0.035,+0.977
1704342060,+3.27,+23.988, +0.035,+0.977
1704342120,+3.27,+23.963, +0.035,+0.977
1704342180,+3.27,+23.963, +0.035,+0.977
1704342240,+3.27,+23.963, +0.035,+0.977
1704342300,+3.27,+23.972, +0.034,+0.977
1704342360,+3.27,+23.972, +0.033,+0.977
1704342420,+3.27,+23.963, +0.033,+0.977
1704342480,+3.27,+23.972, +0.033,+0.977
1704342540,+3.27,+23.955, +0.034,+0.977
1704342600,+3.27,+23.972, +0.033,+0.977
1704342660,+3.27,+23.955, +0.034,+0.977
1704342720,+3.27,+23.955, +0.034,+0.976
1704342780,+3.27,+23.938, +0.034,+0.977
1704342840,+3.27,+23.955, +0.034,+0.977
1704342900,+3.27,+23.946, +0.034,+0.977
1704342960,+3.27,+23.938, +0.034,+0.977
1704343020,+3.27,+23.938, +0.033,+0.977
1704343080,+3.27,+23.938, +0.033,+0.977
1704343140,+3.27,+23.946, +0.033,+0.977
1704343200,+3.27,+23.930, +0.033,+0.977
1704343260,+3.27,+23.938, +0.033,+0.977
1704343320,+3.27,+23.938, +0.034,+0.977
1704343380,+3.27,+23.913, +0.034,+0.977
1704343440,+3.27,+23.930, +0.035,+0.977
1704343500,+3.27,+23.921, +0.035,+0.977
1704343560,+3.27,+23.930, +0.034,+0.977
1704343620,+3.27,+23.913, +0.034,+0.977
1704343680,+3.27,+23.904, +0.034,+0.977
1704343740,+3.27,+23.913, +0.034,+0.977
1704343800,+3.27,+23.904, +0.034,+0.977
1704343860,+3.27,+23.904, +0.036,+0.977
1704343920,+3.27,+23.904, +0.036,+0.977
1704343980,+3.27,+23.904, +0.035,+0.977
1704344040,+3.27,+23.896, +0.035,+0.977
1704344100,+3.27,+23.904, +0.033,+0.977
1704344160,+3.27,+23.879, +0.033,+0.977
1704344220,+3.27,+23.888, +0.033,+0.977
1704344280,+3.27,+23.888, +0.032,+0.977
1704344340,+3.27,+23.879, +0.033,+0.977
1704344400,+3.27,+23.888, +0.033,+0.977
1704344460,+3.27,+23.896, +0.034,+0.977
1704344520,+3.27,+23.879, +0.034,+0.977
1704344580,+3.27,+23.879, +0.034,+0.977
1704344640,+3.27,+23.879, +0.034,+0.977
1704344700,+3.27,+23.879, +0.033,+0.977
1704344760,+3.27,+23.871, +0.034,+0.977
1704344820,+3.27,+23.863, +0.035,+0.977
1704344880,+3.27,+23.854, +0.034,+0.977
1704344940,+3.27,+23.854, +0.035,+0.977
1704345000,+3.27,+23.846, +0.034,+0.977
1704345060,+3.27,+23.854, +0.034,+0.977
1704345120,+3.27,+23.854, +0.033,+0.977
1704345180,+3.27,+23.854, +0.032,+0.976
1704345240,+3.27,+23.854, +0.031,+0.977
1704345300,+3.27,+23.829, +0.032,+0.977
1704345360,+3.27,+23.837, +0.032,+0.977
1704345420,+3.27,+23.837, +0.032,+0.977
1704345480,+3.27,+23.846, +0.033,+0.977
1704345540,+3.27,+23.837, +0.032,+0.977
1704345600,+3.27,+23.829, +0.032,+0.977
1704345660,+3.27,+23.837, +0.032,+0.977
1704345720,+3.27,+23.821, +0.032,+0.977
1704345780,+3.27,+23.829, +0.032,+0.977
1704345840,+3.27,+23.812, +0.031,+0.977
1704345900,+3.27,+23.821, +0.031,+0.977
1704345960,+3.27,+23.821, +0.031,+0.976
1704346020,+3.27,+23.812, +0.031,+0.977
1704346080,+3.27,+23.812, +0.031,+0.977
1704346140,+3.27,+23.821, +0.032,+0.977
1704346200,+3.27,+23.812, +0.032,+0.977
1704346260,+3.27,+23.804, +0.032,+0.977
1704346320,+3.27,+23.804, +0.032,+0.977
1704346380,+3.27,+23.804, +0.032,+0.977
1704346440,+3.27,+23.796, +0.032,+0.977
1704346500,+3.27,+23.779, +0.034,+0.977
1704346560,+3.27,+23.804, +0.033,+0.977
1704346620,+3.27,+23.787, +0.033,+0.977
1704346680,+3.27,+23.787, +0.032,+0.977
1704346740,+3.27,+23.796, +0.031,+0.976
1704346800,+3.27,+23.779, +0.032,+0.977
1704346860,+3.27,+23.787, +0.032,+0.977
1704346920,+3.27,+23.779, +0.032,+0.977
1704346980,+3.28,+23.770, +0.031,+0.976
1704347040,+3.27,+23.779, +0.032,+0.977
1704347100,+3.27,+23.770, +0.032,+0.977
1704347160,+3.27,+23.762, +0.032,+0.977
1704347220,+3.27,+23.762, +0.032,+0.977
1704347280,+3.28,+23.770, +0.032,+0.977
1704347340,+3.27,+23.770, +0.032,+0.977
1704347400,+3.28,+23.762, +0.031,+0.976
1704347460,+3.27,+23.770, +0.031,+0.977
1704347520,+3.28,+23.745, +0.031,+0.977
1704347580,+3.27,+23.754, +0.031,+0.977
1704347640,+3.28,+23.737, +0.031,+0.977
1704347700,+3.28,+23.745, +0.031,+0.977
1704347760,+3.28,+23.737, +0.031,+0.976
1704347820,+3.28,+23.737, +0.031,+0.976
1704347880,+3.28,+23.729, +0.030,+0.976
1704347940,+3.28,+23.737, +0.031,+0.977
1704348000,+3.27,+23.745, +0.031,+0.977
1704348060,+3.27,+23.729, +0.031,+0.977
1704348120,+3.28,+23.729, +0.032,+0.977
1704348180,+3.28,+23.720, +0.032,+0.977
1704348240,+3.28,+23.729, +0.032,+0.977
1704348300,+3.28,+23.720, +0.032,+0.977
1704348360,+3.28,+23.729, +0.032,+0.977
1704348420,+3.28,+23.712, +0.032,+0.977
1704348480,+3.28,+23.695, +0.033,+0.977
1704348540,+3.28,+23.687, +0.032,+0.977
1704348600,+3.28,+23.695, +0.033,+0.977
1704348660,+3.28,+23.712, +0.032,+0.977
1704348720,+3.28,+23.703, +0.031,+0.976
1704348780,+3.28,+23.712, +0.031,+0.977
1704348840,+3.28,+23.695, +0.031,+0.977
1704348900,+3.28,+23.695, +0.031,+0.977
1704348960,+3.28,+23.703, +0.031,+0.976
1704349020,+3.28,+23.695, +0.032,+0.977
1704349080,+3.28,+23.695, +0.031,+0.977
1704349140,+3.28,+23.678, +0.031,+0.976
1704349200,+3.28,+23.670, +0.032,+0.977
1704349260,+3.28,+23.670, +0.031,+0.976
1704349320,+3.28,+23.695, +0.032,+0.977
1704349380,+3.28,+23.670, +0.032,+0.977
1704349440,+3.28,+23.670, +0.031,+0.977
1704349500,+3.28,+23.678, +0.032,+0.977
1704349560,+3.28,+23.670, +0.032,+0.977
1704349620,+3.28,+23.662, +0.032,+0.977
1704349680,+3.28,+23.670, +0.032,+0.977
1704349740,+3.28,+23.653, +0.032,+0.977
1704349800,+3.28,+23.670, +0.031,+0.977
1704349860,+3.28,+23.662, +0.031,+0.977
1704349920,+3.28,+23.645, +0.031,+0.977
1704349980,+3.28,+23.645, +0.031,+0.977
1704350040,+3.28,+23.636, +0.031,+0.977
1704350100,+3.28,+23.645, +0.031,+0.977
1704350160,+3.28,+23.645, +0.031,+0.977
1704350220,+3.28,+23.645, +0.031,+0.977
1704350280,+3.28,+23.636, +0.031,+0.977
1704350340,+3.28,+23.636, +0.031,+0.977
1704350400,+3.28,+23.636, +0.031,+0.977
1704350460,+3.28,+23.636, +0.030,+0.977
1704350520,+3.28,+23.628, +0.031,+0.977
1704350580,+3.28,+23.620, +0.031,+0.976
1704350640,+3.28,+23.628, +0.031,+0.977
1704350700,+3.28,+23.628, +0.030,+0.976
1704350760,+3.28,+23.636, +0.031,+0.977
1704350820,+3.28,+23.620, +0.031,+0.977
1704350880,+3.28,+23.620, +0.031,+0.977
1704350940,+3.28,+23.611, +0.030,+0.977
1704351000,+3.28,+23.603, +0.031,+0.977
1704351060,+3.28,+23.611, +0.031,+0.977
1704351120,+3.28,+23.620, +0.031,+0.977
1704351180,+3.28,+23.620, +0.030,+0.977
1704351240,+3.28,+23.603, +0.030,+0.976
1704351300,+3.28,+23.603, +0.031,+0.977
1704351360,+3.28,+23.603, +0.031,+0.977
1704351420,+3.28,+23.595, +0.031,+0.977
1704351480,+3.28,+23.595, +0.030,+0.977
1704351540,+3.28,+23.611, +0.030,+0.977
1704351600,+3.28,+23.586, +0.031,+0.977
1704351660,+3.28,+23.578, +0.031,+0.977
1704351720,+3.28,+23.595, +0.030,+0.976
1704351780,+3.28,+23.595, +0.031,+0.977
1704351840,+3.28,+23.586, +0.030,+0.976
1704351900,+3.28,+23.586, +0.030,+0.977
1704351960,+3.28,+23.586, +0.030,+0.977
1704352020,+3.28,+23.578, +0.030,+0.977
1704352080,+3.28,+23.586, +0.030,+0.977
1704352140,+3.28,+23.578, +0.031,+0.977
1704352200,+3.28,+23.569, +0.030,+0.977
1704352260,+3.28,+23.569, +0.031,+0.977
1704352320,+3.28,+23.569, +0.030,+0.977
1704352380,+3.28,+23.569, +0.030,+0.977
1704352440,+3.28,+23.561, +0.030,+0.977
1704352500,+3.28,+23.569, +0.030,+0.977
1704352560,+3.28,+23.561, +0.031,+0.977
1704352620,+3.28,+23.561, +0.031,+0.977
1704352680,+3.28,+23.561, +0.030,+0.977
1704352740,+3.28,+23.561, +0.031,+0.977
1704352800,+3.28,+23.544, +0.031,+0.977
1704352860,+3.28,+23.561, +0.031,+0.977
1704352920,+3.28,+23.553, +0.031,+0.977
1704352980,+3.28,+23.553, +0.031,+0.977
1704353040,+3.28,+23.561, +0.030,+0.977
1704353100,+3.28,+23.569, +0.030,+0.977
1704353160,+3.28,+23.536, +0.030,+0.977
1704353220,+3.28,+23.544, +0.030,+0.977
1704353280,+3.28,+23.553, +0.031,+0.977
1704353340,+3.28,+23.536, +0.031,+0.977
1704353400,+3.28,+23.544, +0.030,+0.977
1704353460,+3.28,+23.553, +0.030,+0.977
1704353520,+3.28,+23.544, +0.031,+0.977
1704353580,+3.28,+23.536, +0.030,+0.977
1704353640,+3.28,+23.528, +0.031,+0.977
1704353700,+3.28,+23.536, +0.031,+0.977
1704353760,+3.28,+23.544, +0.031,+0.977
1704353820,+3.28,+23.528, +0.030,+0.977
1704353880,+3.28,+23.536, +0.031,+0.977
1704353940,+3.28,+23.528, +0.031,+0.977
1704354000,+3.28,+23.528, +0.031,+0.977
1704354060,+3.28,+23.544, +0.031,+0.977
1704354120,+3.28,+23.511, +0.031,+0.977
1704354180,+3.28,+23.511, +0.030,+0.977
1704354240,+3.28,+23.511, +0.031,+0.977
1704354300,+3.28,+23.519, +0.031,+0.977
1704354360,+3.28,+23.486, +0.031,+0.977
1704354420,+3.28,+23.511, +0.030,+0.977
1704354480,+3.28,+23.502, +0.030,+0.977
1704354540,+3.28,+23.502, +0.031,+0.977
1704354600,+3.28,+23.494, +0.031,+0.977
1704354660,+3.28,+23.494, +0.030,+0.977
1704354720,+3.28,+23.502, +0.030,+0.977
1704354780,+3.28,+23.486, +0.031,+0.977
1704354840,+3.28,+23.486, +0.031,+0.977
1704354900,+3.28,+23.494, +0.031,+0.977
1704354960,+3.28,+23.477, +0.031,+0.977
1704355020,+3.28,+23.477, +0.030,+0.977
1704355080,+3.28,+23.486, +0.031,+0.977
1704355140,+3.28,+23.469, +0.031,+0.977
1704355200,+3.28,+23.486, +0.031,+0.977
1704355260,+3.28,+23.477, +0.031,+0.977
1704355320,+3.28,+23.477, +0.031,+0.977
1704355380,+3.28,+23.469, +0.031,+0.977
1704355440,+3.28,+23.494, +0.031,+0.977
1704355500,+3.28,+23.486, +0.031,+0.977
1704355560,+3.28,+23.477, +0.031,+0.977
1704355620,+3.28,+23.461, +0.031,+0.977
1704355680,+3.28,+23.477, +0.030,+0.977
1704355740,+3.28,+23.469, +0.031,+0.977
1704355800,+3.28,+23.469, +0.031,+0.977
1704355860,+3.28,+23.461, +0.031,+0.977
1704355920,+3.28,+23.461, +0.031,+0.977
1704355980,+3.28,+23.461, +0.031,+0.977
1704356040,+3.28,+23.461, +0.031,+0.977
1704356100,+3.28,+23.461, +0.031,+0.977
1704356160,+3.28,+23.461, +0.031,+0.977
1704356220,+3.28,+23.469, +0.031,+0.977
1704356280,+3.28,+23.452, +0.031,+0.977
1704356340,+3.28,+23.444, +0.031,+0.977
1704356400,+3.28,+23.452, +0.031,+0.977
1704356460,+3.28,+23.461, +0.030,+0.977
1704356520,+3.28,+23.452, +0.030,+0.977
1704356580,+3.28,+23.435, +0.031,+0.977
1704356640,+3.28,+23.435, +0.031,+0.977
1704356700,+3.28,+23.444, +0.031,+0.977
1704356760,+3.28,+23.444, +0.031,+0.977
1704356820,+3.28,+23.435, +0.031,+0.977
1704356880,+3.28,+23.427, +0.030,+0.977
1704356940,+3.28,+23.435, +0.031,+0.977
1704357000,+3.28,+23.435, +0.031,+0.977
1704357060,+3.28,+23.435, +0.031,+0.977
1704357120,+3.28,+23.419, +0.031,+0.977
1704357180,+3.28,+23.435, +0.031,+0.977
1704357240,+3.28,+23.435, +0.031,+0.977
1704357300,+3.28,+23.419, +0.031,+0.977
1704357360,+3.28,+23.435, +0.031,+0.977
1704357420,+3.28,+23.410, +0.031,+0.977
1704357480,+3.28,+23.419, +0.031,+0.977
1704357540,+3.28,+23.419, +0.030,+0.977
1704357600,+3.28,+23.419, +0.030,+0.977
1704357660,+3.28,+23.427, +0.031,+0.977
1704357720,+3.28,+23.419, +0.030,+0.976
1704357780,+3.28,+23.402, +0.030,+0.976
1704357840,+3.28,+23.435, +0.031,+0.977
1704357900,+3.28,+23.419, +0.031,+0.977
1704357960,+3.28,+23.402, +0.031,+0.977
1704358020,+3.28,+23.394, +0.031,+0.977
1704358080,+3.28,+23.402, +0.031,+0.977
1704358140,+3.28,+23.402, +0.031,+0.977
1704358200,+3.28,+23.402, +0.031,+0.977
1704358260,+3.28,+23.402, +0.030,+0.977
1704358320,+3.28,+23.410, +0.031,+0.977
1704358380,+3.28,+23.385, +0.031,+0.977
1704358440,+3.28,+23.385, +0.031,+0.977
1704358500,+3.28,+23.385, +0.030,+0.977
1704358560,+3.28,+23.394, +0.031,+0.977
1704358620,+3.28,+23.402, +0.031,+0.977
1704358680,+3.28,+23.394, +0.031,+0.977
1704358740,+3.28,+23.385, +0.030,+0.977
1704358800,+3.28,+23.385, +0.031,+0.977
1704358860,+3.28,+23.385, +0.031,+0.977
1704358920,+3.28,+23.352, +0.031,+0.977
1704358980,+3.28,+23.377, +0.031,+0.977
1704359040,+3.28,+23.385, +0.030,+0.977
1704359100,+3.28,+23.360, +0.031,+0.977
1704359160,+3.28,+23.368, +0.030,+0.977
1704359220,+3.28,+23.368, +0.031,+0.977
1704359280,+3.28,+23.368, +0.030,+0.977
1704359340,+3.28,+23.360, +0.031,+0.977
1704359400,+3.28,+23.368, +0.031,+0.977
1704359460,+3.28,+23.360, +0.031,+0.977
1704359520,+3.28,+23.368, +0.031,+0.977
1704359580,+3.28,+23.360, +0.031,+0.977
1704359640,+3.28,+23.352, +0.031,+0.977
1704359700,+3.28,+23.343, +0.031,+0.977
1704359760,+3.28,+23.360, +0.031,+0.977
1704359820,+3.28,+23.368, +0.031,+0.977
1704359880,+3.28,+23.360, +0.031,+0.977
1704359940,+3.28,+23.352, +0.031,+0.977
1704360000,+3.28,+23.360, +0.031,+0.977
1704360060,+3.28,+23.335, +0.031,+0.977
1704360120,+3.28,+23.343, +0.031,+0.977
1704360180,+3.28,+23.343, +0.031,+0.977
1704360240,+3.28,+23.335, +0.031,+0.977
1704360300,+3.28,+23.335, +0.030,+0.977
1704360360,+3.28,+23.352, +0.031,+0.977
1704360420,+3.28,+23.310, +0.030,+0.977
1704360480,+3.28,+23.327, +0.031,+0.977
1704360540,+3.28,+23.335, +0.031,+0.977
1704360600,+3.28,+23.327, +0.031,+0.977
1704360660,+3.28,+23.318, +0.030,+0.977
1704360720,+3.28,+23.327, +0.030,+0.977
1704360780,+3.28,+23.302, +0.031,+0.977
1704360840,+3.28,+23.302, +0.031,+0.977
1704360900,+3.28,+23.318, +0.031,+0.977
1704360960,+3.28,+23.310, +0.031,+0.977
1704361020,+3.28,+23.302, +0.031,+0.977
1704361080,+3.28,+23.302, +0.031,+0.977
1704361140,+3.28,+23.302, +0.031,+0.977
1704361200,+3.28,+23.302, +0.031,+0.977
1704361260,+3.28,+23.310, +0.030,+0.977
1704361320,+3.28,+23.302, +0.031,+0.977
1704361380,+3.28,+23.293, +0.030,+0.977
1704361440,+3.28,+23.302, +0.030,+0.977
1704361500,+3.28,+23.293, +0.030,+0.976
1704361560,+3.28,+23.293, +0.030,+0.977
1704361620,+3.28,+23.293, +0.030,+0.977
1704361680,+3.28,+23.285, +0.031,+0.977
1704361740,+3.28,+23.285, +0.031,+0.977
1704361800,+3.28,+23.293, +0.031,+0.977
1704361860,+3.28,+23.268, +0.031,+0.977
1704361920,+3.28,+23.293, +0.030,+0.977
1704361980,+3.28,+23.285, +0.030,+0.977
1704362040,+3.28,+23.276, +0.031,+0.977
1704362100,+3.28,+23.260, +0.031,+0.977
1704362160,+3.28,+23.285, +0.031,+0.977
1704362220,+3.28,+23.260, +0.031,+0.977
1704362280,+3.28,+23.268, +0.031,+0.977
1704362340,+3.28,+23.260, +0.031,+0.977
1704362400,+3.28,+23.260, +0.030,+0.977
1704362460,+3.28,+23.260, +0.031,+0.977
1704362520,+3.28,+23.251, +0.031,+0.977
1704362580,+3.27,+23.243, +0.031,+0.977
1704362640,+3.28,+23.243, +0.031,+0.977
1704362700,+3.28,+23.260, +0.031,+0.977
1704362760,+3.28,+23.260, +0.031,+0.977
1704362820,+3.27,+23.243, +0.031,+0.977
1704362880,+3.27,+23.226, +0.031,+0.977
1704362940,+3.28,+23.235, +0.031,+0.977
1704363000,+3.28,+23.243, +0.031,+0.977
1704363060,+3.27,+23.226, +0.031,+0.977
1704363120,+3.28,+23.235, +0.031,+0.977
1704363180,+3.28,+23.243, +0.031,+0.977
1704363240,+3.27,+23.226, +0.031,+0.977
1704363300,+3.27,+23.235, +0.031,+0.977
1704363360,+3.28,+23.235, +0.030,+0.977
1704363420,+3.27,+23.226, +0.031,+0.977
1704363480,+3.27,+23.209, +0.031,+0.977
1704363540,+3.27,+23.209, +0.031,+0.977
1704363600,+3.27,+23.209, +0.031,+0.977
1704363660,+3.27,+23.209, +0.031,+0.977
1704363720,+3.27,+23.201, +0.031,+0.977
1704363780,+3.27,+23.193, +0.031,+0.977
1704363840,+3.27,+23.184, +0.031,+0.977
1704363900,+3.27,+23.201, +0.030,+0.977
1704363960,+3.27,+23.201, +0.031,+0.977
1704364020,+3.27,+23.193, +0.031,+0.977
1704364080,+3.27,+23.201, +0.031,+0.977
1704364140,+3.27,+23.176, +0.031,+0.977
1704364200,+3.27,+23.193, +0.031,+0.977
1704364260,+3.27,+23.193, +0.031,+0.977
1704364320,+3.27,+23.184, +0.031,+0.977
1704364380,+3.27,+23.176, +0.031,+0.977
1704364440,+3.27,+23.168, +0.031,+0.977
1704364500,+3.27,+23.159, +0.030,+0.977
1704364560,+3.27,+23.176, +0.031,+0.977
1704364620,+3.27,+23.168, +0.031,+0.977
1704364680,+3.27,+23.168, +0.031,+0.977
1704364740,+3.27,+23.143, +0.031,+0.977
1704364800,+3.27,+23.151, +0.030,+0.977
1704364860,+3.27,+23.143, +0.031,+0.977
1704364920,+3.27,+23.159, +0.031,+0.977
1704364980,+3.27,+23.151, +0.031,+0.977
1704365040,+3.27,+23.151, +0.031,+0.977
1704365100,+3.27,+23.134, +0.031,+0.977
1704365160,+3.27,+23.126, +0.031,+0.977
1704365220,+3.27,+23.134, +0.031,+0.977
1704365280,+3.27,+23.134, +0.031,+0.977
1704365340,+3.27,+23.126, +0.031,+0.977
1704365400,+3.27,+23.143, +0.030,+0.977
1704365460,+3.27,+23.134, +0.030,+0.977
1704365520,+3.27,+23.126, +0.030,+0.976
1704365580,+3.27,+23.126, +0.031,+0.977
1704365640,+3.27,+23.126, +0.031,+0.977
1704365700,+3.27,+23.117, +0.031,+0.977
1704365760,+3.27,+23.109, +0.031,+0.976
1704365820,+3.27,+23.126, +0.030,+0.977
1704365880,+3.27,+23.109, +0.031,+0.977
1704365940,+3.27,+23.109, +0.031,+0.977
1704366000,+3.27,+23.117, +0.031,+0.977
1704366060,+3.27,+23.101, +0.030,+0.977
1704366120,+3.27,+23.126, +0.030,+0.977
1704366180,+3.27,+23.117, +0.031,+0.977
1704366240,+3.27,+23.101, +0.031,+0.977
1704366300,+3.27,+23.117, +0.031,+0.977
1704366360,+3.27,+23.084, +0.030,+0.976
1704366420,+3.27,+23.109, +0.030,+0.977
1704366480,+3.27,+23.084, +0.031,+0.977
1704366540,+3.27,+23.092, +0.030,+0.977
1704366600,+3.27,+23.101, +0.031,+0.977
1704366660,+3.27,+23.084, +0.031,+0.977
1704366720,+3.27,+23.084, +0.031,+0.977
1704366780,+3.27,+23.084, +0.031,+0.977
1704366840,+3.27,+23.084, +0.031,+0.977
1704366900,+3.27,+23.101, +0.031,+0.977
1704366960,+3.27,+23.076, +0.031,+0.977
1704367020,+3.27,+23.092, +0.030,+0.977
1704367080,+3.27,+23.092, +0.031,+0.977
1704367140,+3.27,+23.067, +0.030,+0.977
1704367200,+3.27,+23.084, +0.031,+0.977
1704367260,+3.27,+23.076, +0.030,+0.976
1704367320,+3.27,+23.084, +0.031,+0.977
1704367380,+3.27,+23.076, +0.031,+0.977
1704367440,+3.27,+23.067, +0.031,+0.977
1704367500,+3.27,+23.067, +0.031,+0.977
1704367560,+3.27,+23.076, +0.030,+0.977
1704367620,+3.27,+23.059, +0.031,+0.977
1704367680,+3.27,+23.076, +0.031,+0.977
1704367740,+3.27,+23.076, +0.031,+0.977
1704367800,+3.27,+23.059, +0.031,+0.977
1704367860,+3.27,+23.067, +0.031,+0.977
1704367920,+3.27,+23.059, +0.031,+0.977
1704367980,+3.27,+23.067, +0.031,+0.977
1704368040,+3.27,+23.050, +0.031,+0.977
1704368100,+3.27,+23.059, +0.031,+0.977
1704368160,+3.27,+23.059, +0.030,+0.977
1704368220,+3.27,+23.050, +0.031,+0.977
1704368280,+3.27,+23.042, +0.031,+0.977
1704368340,+3.27,+23.059, +0.031,+0.977
1704368400,+3.27,+23.050, +0.031,+0.977
1704368460,+3.27,+23.042, +0.031,+0.977
1704368520,+3.27,+23.050, +0.031,+0.977
1704368580,+3.27,+23.034, +0.031,+0.977
1704368640,+3.27,+23.034, +0.031,+0.977
1704368700,+3.27,+23.042, +0.032,+0.977
1704368760,+3.27,+23.050, +0.031,+0.977
1704368820,+3.27,+23.042, +0.030,+0.977
1704368880,+3.27,+23.034, +0.031,+0.977
1704368940,+3.27,+23.034, +0.030,+0.977
1704369000,+3.27,+23.042, +0.031,+0.977
1704369060,+3.27,+23.034, +0.030,+0.977
1704369120,+3.27,+23.034, +0.031,+0.977
1704369180,+3.27,+23.050, +0.031,+0.977
1704369240,+3.27,+23.050, +0.030,+0.977
1704369300,+3.27,+23.042, +0.031,+0.977
1704369360,+3.27,+23.050, +0.031,+0.977
1704369420,+3.27,+23.042, +0.030,+0.977
1704369480,+3.27,+23.034, +0.031,+0.977
1704369540,+3.27,+23.034, +0.031,+0.977
1704369600,+3.27,+23.042, +0.031,+0.977
1704369660,+3.27,+23.017, +0.031,+0.977
1704369720,+3.27,+23.017, +0.031,+0.977
1704369780,+3.27,+23.034, +0.031,+0.977
1704369840,+3.27,+23.034, +0.031,+0.977
1704369900,+3.27,+23.042, +0.031,+0.977
1704369960,+3.27,+23.050, +0.030,+0.977
1704370020,+3.27,+23.025, +0.031,+0.977
1704370080,+3.27,+23.034, +0.031,+0.977
1704370140,+3.27,+23.017, +0.031,+0.977
1704370200,+3.27,+23.034, +0.031,+0.977
1704370260,+3.27,+23.042, +0.030,+0.977
1704370320,+3.27,+23.042, +0.031,+0.977
1704370380,+3.27,+23.034, +0.031,+0.977
1704370440,+3.27,+23.017, +0.031,+0.977
1704370500,+3.27,+23.034, +0.031,+0.977
1704370560,+3.27,+23.025, +0.031,+0.977
1704370620,+3.27,+23.042, +0.031,+0.977
1704370680,+3.27,+23.034, +0.030,+0.977
1704370740,+3.27,+23.034, +0.031,+0.977
1704370800,+3.27,+23.025, +0.031,+0.977
1704370860,+3.27,+23.025, +0.031,+0.977
1704370920,+3.27,+23.025, +0.031,+0.977
1704370980,+3.27,+23.034, +0.031,+0.977
1704371040,+3.27,+23.034, +0.031,+0.977
1704371100,+3.27,+23.025, +0.031,+0.977
1704371160,+3.27,+23.034, +0.031,+0.977
1704371220,+3.27,+23.034, +0.031,+0.977
1704371280,+3.27,+23.042, +0.031,+0.977
1704371340,+3.27,+23.042, +0.030,+0.977
1704371400,+3.27,+23.034, +0.031,+0.977
1704371460,+3.27,+23.025, +0.031,+0.977
1704371520,+3.27,+23.034, +0.030,+0.977
1704371580,+3.27,+23.017, +0.031,+0.977
1704371640,+3.27,+23.017, +0.031,+0.977
1704371700,+3.27,+23.025, +0.031,+0.977
1704371760,+3.27,+23.025, +0.031,+0.977
1704371820,+3.27,+23.034, +0.031,+0.977
1704371880,+3.27,+23.025, +0.031,+0.977
1704371940,+3.27,+23.009, +0.031,+0.977
1704372000,+3.27,+23.042, +0.031,+0.977
1704372060,+3.27,+23.025, +0.031,+0.977
1704372120,+3.27,+23.025, +0.030,+0.977
1704372180,+3.27,+23.034, +0.031,+0.977
1704372240,+3.27,+23.042, +0.031,+0.977
1704372300,+3.27,+23.017, +0.030,+0.977
1704372360,+3.27,+23.034, +0.031,+0.977
1704372420,+3.27,+23.042, +0.031,+0.977
1704372480,+3.27,+23.034, +0.031,+0.977
1704372540,+3.27,+23.025, +0.031,+0.977
1704372600,+3.27,+23.050, +0.031,+0.977
1704372660,+3.27,+23.025, +0.031,+0.977
1704372720,+3.27,+23.042, +0.031,+0.977
1704372780,+3.27,+23.034, +0.031,+0.977
1704372840,+3.27,+23.042, +0.030,+0.977
1704372900,+3.27,+23.034, +0.031,+0.977
1704372960,+3.27,+23.034, +0.031,+0.977
1704373020,+3.27,+23.042, +0.031,+0.977
1704373080,+3.27,+23.034, +0.031,+0.977
1704373140,+3.27,+23.034, +0.031,+0.977
1704373200,+3.27,+23.034, +0.031,+0.977
1704373260,+3.27,+23.042, +0.030,+0.976
1704373320,+3.27,+23.042, +0.031,+0.977
1704373380,+3.27,+23.050, +0.030,+0.977
1704373440,+3.27,+23.050, +0.031,+0.977
1704373500,+3.27,+23.050, +0.031,+0.977
1704373560,+3.27,+23.059, +0.030,+0.977
1704373620,+3.27,+23.042, +0.031,+0.977
1704373680,+3.27,+23.042, +0.031,+0.977
1704373740,+3.27,+23.042, +0.031,+0.977
1704373800,+3.27,+23.067, +0.031,+0.977
1704373860,+3.27,+23.050, +0.030,+0.976
1704373920,+3.27,+23.042, +0.030,+0.977
1704373980,+3.27,+23.042, +0.031,+0.977
1704374040,+3.27,+23.059, +0.031,+0.977
1704374100,+3.27,+23.076, +0.031,+0.977
1704374160,+3.27,+23.042, +0.031,+0.977
1704374220,+3.27,+23.050, +0.031,+0.977
1704374280,+3.27,+23.067, +0.031,+0.977
1704374340,+3.27,+23.050, +0.031,+0.977
1704374400,+3.27,+23.067, +0.031,+0.977
1704374460,+3.27,+23.059, +0.031,+0.977
1704374520,+3.27,+23.067, +0.031,+0.977
1704374580,+3.27,+23.067, +0.031,+0.977
1704374640,+3.27,+23.067, +0.030,+0.977
1704374700,+3.27,+23.067, +0.031,+0.977
1704374760,+3.27,+23.076, +0.031,+0.977
1704374820,+3.27,+23.076, +0.031,+0.977
1704374880,+3.27,+23.076, +0.031,+0.977
1704374940,+3.27,+23.067, +0.031,+0.977
1704375000,+3.27,+23.076, +0.031,+0.976
1704375060,+3.27,+23.092, +0.031,+0.977
1704375120,+3.27,+23.084, +0.030,+0.976
1704375180,+3.27,+23.084, +0.031,+0.977
1704375240,+3.27,+23.092, +0.031,+0.977
1704375300,+3.27,+23.084, +0.031,+0.977
1704375360,+3.27,+23.084, +0.031,+0.977
1704375420,+3.27,+23.101, +0.031,+0.977
1704375480,+3.27,+23.084, +0.031,+0.977
1704375540,+3.27,+23.092, +0.030,+0.976
1704375600,+3.27,+23.109, +0.031,+0.976
1704375660,+3.27,+23.092, +0.030,+0.977
1704375720,+3.27,+23.084, +0.031,+0.977
1704375780,+3.27,+23.109, +0.031,+0.977
1704375840,+3.27,+23.117, +0.031,+0.976
1704375900,+3.27,+23.092, +0.032,+0.977
1704375960,+3.27,+23.109, +0.031,+0.977
1704376020,+3.27,+23.117, +0.030,+0.976
1704376080,+3.27,+23.101, +0.031,+0.977
1704376140,+3.27,+23.117, +0.031,+0.976
1704376200,+3.27,+23.109, +0.031,+0.977
1704376260,+3.27,+23.109, +0.031,+0.977
1704376320,+3.27,+23.109, +0.031,+0.977
1704376380,+3.27,+23.126, +0.031,+0.976
1704376440,+3.27,+23.117, +0.031,+0.977
1704376500,+3.27,+23.117, +0.031,+0.976
1704376560,+3.27,+23.117, +0.031,+0.977
1704376620,+3.27,+23.126, +0.031,+0.976
1704376680,+3.27,+23.134, +0.031,+0.977
1704376740,+3.27,+23.134, +0.031,+0.977
1704376800,+3.27,+23.126, +0.031,+0.976
1704376860,+3.27,+23.126, +0.031,+0.977
1704376920,+3.27,+23.143, +0.030,+0.977
1704376980,+3.27,+23.159, +0.031,+0.977
1704377040,+3.27,+23.151, +0.031,+0.977
1704377100,+3.27,+23.151, +0.031,+0.977
1704377160,+3.27,+23.159, +0.031,+0.977
1704377220,+3.27,+23.159, +0.031,+0.977
1704377280,+3.27,+23.143, +0.030,+0.976
1704377340,+3.27,+23.168, +0.031,+0.977
1704377400,+3.27,+23.151, +0.031,+0.976
1704377460,+3.27,+23.143, +0.031,+0.977
1704377520,+3.27,+23.159, +0.030,+0.976
1704377580,+3.27,+23.176, +0.031,+0.976
1704377640,+3.27,+23.151, +0.030,+0.976
1704377700,+3.27,+23.168, +0.030,+0.977
1704377760,+3.27,+23.168, +0.031,+0.977
1704377820,+3.27,+23.168, +0.031,+0.977
1704377880,+3.27,+23.184, +0.030,+0.976
1704377940,+3.27,+23.193, +0.030,+0.976
1704378000,+3.27,+23.201, +0.031,+0.977
1704378060,+3.27,+23.168, +0.031,+0.976
1704378120,+3.27,+23.184, +0.030,+0.976
1704378180,+3.27,+23.193, +0.031,+0.976
1704378240,+3.27,+23.209, +0.030,+0.976
1704378300,+3.27,+23.184, +0.030,+0.976
1704378360,+3.27,+23.193, +0.031,+0.976
1704378420,+3.27,+23.193, +0.031,+0.976
1704378480,+3.27,+23.193, +0.031,+0.976
1704378540,+3.27,+23.201, +0.031,+0.976
1704378600,+3.27,+23.201, +0.031,+0.976
1704378660,+3.27,+23.209, +0.031,+0.976
1704378720,+3.27,+23.184, +0.030,+0.976
1704378780,+3.27,+23.226, +0.030,+0.976
1704378840,+3.27,+23.226, +0.031,+0.977
1704378900,+3.27,+23.209, +0.031,+0.976
1704378960,+3.27,+23.218, +0.031,+0.976
1704379020,+3.27,+23.209, +0.031,+0.976
1704379080,+3.27,+23.243, +0.031,+0.976
1704379140,+3.27,+23.218, +0.031,+0.976
1704379200,+3.27,+23.226, +0.031,+0.976
1704379260,+3.27,+23.235, +0.031,+0.976
1704379320,+3.27,+23.235, +0.031,+0.976
1704379380,+3.27,+23.243, +0.031,+0.976
1704379440,+3.27,+23.243, +0.031,+0.976
1704379500,+3.27,+23.235, +0.031,+0.976
1704379560,+3.28,+23.276, +0.030,+0.976
1704379620,+3.28,+23.268, +0.030,+0.976
1704379680,+3.28,+23.243, +0.031,+0.976
1704379740,+3.28,+23.260, +0.031,+0.976
1704379800,+3.28,+23.268, +0.030,+0.976
1704379860,+3.28,+23.276, +0.031,+0.976
1704379920,+3.28,+23.268, +0.030,+0.976
1704379980,+3.28,+23.268, +0.031,+0.976
1704380040,+3.28,+23.285, +0.031,+0.976
1704380100,+3.28,+23.276, +0.031,+0.976
1704380160,+3.28,+23.285, +0.030,+0.976
1704380220,+3.28,+23.302, +0.031,+0.976
1704380280,+3.28,+23.293, +0.031,+0.976
1704380340,+3.28,+23.310, +0.031,+0.976
1704380400,+3.28,+23.302, +0.030,+0.976
1704380460,+3.28,+23.302, +0.030,+0.976
1704380520,+3.28,+23.310, +0.031,+0.976
1704380580,+3.28,+23.318, +0.030,+0.976
1704380640,+3.28,+23.310, +0.030,+0.976
1704380700,+3.28,+23.318, +0.031,+0.976
1704380760,+3.28,+23.335, +0.030,+0.976
1704380820,+3.28,+23.327, +0.030,+0.976
1704380880,+3.28,+23.327, +0.031,+0.976
1704380940,+3.28,+23.335, +0.030,+0.976
1704381000,+3.28,+23.335, +0.030,+0.976
1704381060,+3.28,+23.335, +0.030,+0.976
1704381120,+3.28,+23.343, +0.031,+0.976
1704381180,+3.28,+23.352, +0.031,+0.976
1704381240,+3.28,+23.352, +0.030,+0.976
1704381300,+3.28,+23.352, +0.031,+0.976
1704381360,+3.28,+23.360, +0.031,+0.976
1704381420,+3.28,+23.368, +0.030,+0.976
1704381480,+3.28,+23.377, +0.031,+0.976
1704381540,+3.28,+23.394, +0.031,+0.976
1704381600,+3.28,+23.385, +0.030,+0.976
1704381660,+3.28,+23.377, +0.030,+0.976
1704381720,+3.28,+23.385, +0.030,+0.976
1704381780,+3.28,+23.394, +0.031,+0.976
1704381840,+3.28,+23.402, +0.030,+0.976
1704381900,+3.28,+23.410, +0.031,+0.976
1704381960,+3.28,+23.394, +0.031,+0.976
1704382020,+3.28,+23.394, +0.030,+0.976
1704382080,+3.28,+23.402, +0.031,+0.976
1704382140,+3.28,+23.410, +0.031,+0.976
1704382200,+3.28,+23.410, +0.031,+0.976
1704382260,+3.28,+23.419, +0.030,+0.976
1704382320,+3.28,+23.419, +0.030,+0.976
1704382380,+3.28,+23.419, +0.031,+0.976
1704382440,+3.28,+23.435, +0.031,+0.976
1704382500,+3.28,+23.427, +0.031,+0.976
1704382560,+3.28,+23.444, +0.030,+0.976
1704382620,+3.28,+23.427, +0.030,+0.976
1704382680,+3.28,+23.444, +0.030,+0.976
1704382740,+3.28,+23.452, +0.030,+0.976
1704382800,+3.28,+23.444, +0.030,+0.976
1704382860,+3.28,+23.444, +0.031,+0.976
1704382920,+3.28,+23.452, +0.030,+0.976
1704382980,+3.28,+23.461, +0.030,+0.976
1704383040,+3.28,+23.444, +0.031,+0.976
1704383100,+3.28,+23.452, +0.030,+0.976
1704383160,+3.28,+23.461, +0.031,+0.976
1704383220,+3.28,+23.452, +0.030,+0.976
1704383280,+3.28,+23.477, +0.030,+0.976
1704383340,+3.28,+23.469, +0.031,+0.976
1704383400,+3.28,+23.477, +0.030,+0.976
1704383460,+3.28,+23.486, +0.030,+0.976
1704383520,+3.28,+23.494, +0.030,+0.976
1704383580,+3.28,+23.502, +0.031,+0.976
1704383640,+3.28,+23.477, +0.030,+0.976
1704383700,+3.28,+23.494, +0.030,+0.976
1704383760,+3.28,+23.502, +0.030,+0.976
1704383820,+3.28,+23.519, +0.031,+0.976
1704383880,+3.28,+23.536, +0.030,+0.976
1704383940,+3.28,+23.536, +0.030,+0.976
1704384000,+3.28,+23.519, +0.030,+0.976
1704384060,+3.28,+23.544, +0.031,+0.976
1704384120,+3.28,+23.553, +0.030,+0.976
1704384180,+3.28,+23.553, +0.031,+0.976
1704384240,+3.28,+23.569, +0.031,+0.976
1704384300,+3.28,+23.569, +0.030,+0.976
1704384360,+3.28,+23.586, +0.031,+0.976
1704384420,+3.28,+23.578, +0.030,+0.976
1704384480,+3.28,+23.595, +0.031,+0.976
1704384540,+3.28,+23.595, +0.031,+0.976
1704384600,+3.28,+23.628, +0.030,+0.976
1704384660,+3.28,+23.620, +0.030,+0.976
1704384720,+3.28,+23.611, +0.030,+0.976
1704384780,+3.28,+23.628, +0.030,+0.976
1704384840,+3.28,+23.620, +0.031,+0.976
1704384900,+3.28,+23.636, +0.030,+0.976
1704384960,+3.28,+23.636, +0.030,+0.976
1704385020,+3.28,+23.645, +0.030,+0.976
1704385080,+3.28,+23.636, +0.030,+0.976
1704385140,+3.28,+23.628, +0.031,+0.976
1704385200,+3.28,+23.636, +0.030,+0.976
1704385260,+3.28,+23.628, +0.031,+0.976
1704385320,+3.28,+23.662, +0.030,+0.976
1704385380,+3.28,+23.645, +0.031,+0.976
1704385440,+3.28,+23.653, +0.031,+0.976
1704385500,+3.28,+23.653, +0.030,+0.976
1704385560,+3.28,+23.653, +0.031,+0.976
1704385620,+3.28,+23.662, +0.030,+0.976
1704385680,+3.28,+23.662, +0.030,+0.976
1704385740,+3.28,+23.662, +0.031,+0.976
1704385800,+3.28,+23.662, +0.031,+0.976
1704385860,+3.28,+23.678, +0.030,+0.976
1704385920,+3.28,+23.670, +0.030,+0.976
1704385980,+3.28,+23.687, +0.030,+0.976
1704386040,+3.28,+23.670, +0.031,+0.976
1704386100,+3.28,+23.695, +0.030,+0.976
1704386160,+3.28,+23.687, +0.030,+0.976
1704386220,+3.28,+23.687, +0.030,+0.976
1704386280,+3.28,+23.695, +0.030,+0.976
1704386340,+3.28,+23.695, +0.030,+0.976
1704386400,+3.28,+23.695, +0.030,+0.976
1704386460,+3.28,+23.703, +0.030,+0.976
1704386520,+3.28,+23.712, +0.030,+0.976
1704386580,+3.28,+23.712, +0.031,+0.976
1704386640,+3.28,+23.703, +0.031,+0.976
1704386700,+3.28,+23.678, +0.030,+0.976
1704386760,+3.28,+23.729, +0.030,+0.976
1704386820,+3.28,+23.737, +0.030,+0.976
1704386880,+3.28,+23.737, +0.031,+0.976
1704386940,+3.28,+23.737, +0.030,+0.976
1704387000,+3.28,+23.762, +0.031,+0.976
1704387060,+3.28,+23.754, +0.031,+0.976
1704387120,+3.28,+23.762, +0.030,+0.976
1704387180,+3.28,+23.779, +0.030,+0.976
1704387240,+3.28,+23.770, +0.030,+0.976
1704387300,+3.28,+23.779, +0.030,+0.976
1704387360,+3.28,+23.779, +0.030,+0.976
1704387420,+3.27,+23.796, +0.030,+0.976
1704387480,+3.28,+23.779, +0.031,+0.976
1704387540,+3.28,+23.796, +0.030,+0.976
1704387600,+3.28,+23.787, +0.030,+0.976
1704387660,+3.27,+23.796, +0.030,+0.976
1704387720,+3.27,+23.812, +0.030,+0.976
1704387780,+3.28,+23.812, +0.030,+0.976
1704387840,+3.28,+23.812, +0.030,+0.976
1704387900,+3.27,+23.821, +0.030,+0.976
1704387960,+3.27,+23.821, +0.030,+0.976
1704388020,+3.27,+23.829, +0.030,+0.976
1704388080,+3.27,+23.829, +0.030,+0.976
1704388140,+3.27,+23.829, +0.030,+0.976
1704388200,+3.27,+23.837, +0.030,+0.976
1704388260,+3.27,+23.837, +0.030,+0.976
1704388320,+3.27,+23.846, +0.030,+0.976
1704388380,+3.27,+23.863, +0.030,+0.976
1704388440,+3.27,+23.863, +0.030,+0.976
1704388500,+3.27,+23.863, +0.030,+0.976
1704388560,+3.27,+23.863, +0.030,+0.976
1704388620,+3.27,+23.871, +0.030,+0.976
1704388680,+3.27,+23.871, +0.030,+0.976
1704388740,+3.27,+23.871, +0.031,+0.976
1704388800,+3.27,+23.871, +0.030,+0.976
1704388860,+3.27,+23.871, +0.030,+0.976
1704388920,+3.27,+23.896, +0.030,+0.976
1704388980,+3.27,+23.896, +0.030,+0.976
1704389040,+3.27,+23.871, +0.030,+0.976
1704389100,+3.27,+23.896, +0.030,+0.976
1704389160,+3.27,+23.904, +0.030,+0.976
1704389220,+3.27,+23.896, +0.030,+0.976
1704389280,+3.27,+23.913, +0.030,+0.976
1704389340,+3.27,+23.913, +0.031,+0.976
1704389400,+3.27,+23.904, +0.030,+0.976
1704389460,+3.27,+23.904, +0.030,+0.976
1704389520,+3.27,+23.921, +0.030,+0.976
1704389580,+3.27,+23.921, +0.030,+0.976
1704389640,+3.27,+23.938, +0.030,+0.976
1704389700,+3.27,+23.930, +0.031,+0.976
1704389760,+3.27,+23.938, +0.030,+0.976
1704389820,+3.27,+23.921, +0.030,+0.976
1704389880,+3.27,+23.946, +0.030,+0.976
1704389940,+3.27,+23.938, +0.030,+0.976
1704390000,+3.27,+23.955, +0.030,+0.975
1704390060,+3.27,+23.955, +0.030,+0.976
1704390120,+3.27,+23.972, +0.030,+0.976
1704390180,+3.27,+23.955, +0.030,+0.975
1704390240,+3.27,+23.980, +0.030,+0.976
1704390300,+3.27,+23.980, +0.030,+0.976
1704390360,+3.27,+23.980, +0.030,+0.976
1704390420,+3.27,+23.980, +0.030,+0.976
1704390480,+3.27,+23.988, +0.030,+0.976
1704390540,+3.27,+23.988, +0.030,+0.975
1704390600,+3.27,+23.997, +0.030,+0.976
1704390660,+3.27,+23.997, +0.030,+0.976
1704390720,+3.27,+24.005, +0.030,+0.975
1704390780,+3.27,+23.988, +0.030,+0.975
1704390840,+3.27,+24.013, +0.031,+0.976
1704390900,+3.27,+23.997, +0.030,+0.976
1704390960,+3.27,+24.013, +0.030,+0.975
1704391020,+3.27,+24.013, +0.030,+0.976
1704391080,+3.27,+24.013, +0.030,+0.975
1704391140,+3.27,+24.030, +0.030,+0.976
1704391200,+3.27,+24.039, +0.030,+0.976
1704391260,+3.27,+24.047, +0.030,+0.976
1704391320,+3.27,+24.030, +0.030,+0.975
1704391380,+3.27,+24.039, +0.030,+0.976
1704391440,+3.27,+24.055, +0.030,+0.976
1704391500,+3.27,+24.055, +0.030,+0.976
1704391560,+3.27,+24.047, +0.030,+0.975
1704391620,+3.27,+24.064, +0.030,+0.976
1704391680,+3.27,+24.072, +0.030,+0.975
1704391740,+3.27,+24.072, +0.030,+0.976
1704391800,+3.27,+24.081, +0.030,+0.976
1704391860,+3.27,+24.081, +0.030,+0.975
1704391920,+3.27,+24.089, +0.030,+0.975
1704391980,+3.27,+24.064, +0.030,+0.976
1704392040,+3.27,+24.081, +0.030,+0.975
1704392100,+3.27,+24.106, +0.030,+0.976
1704392160,+3.27,+24.097, +0.030,+0.975
1704392220,+3.27,+24.106, +0.030,+0.975
1704392280,+3.27,+24.114, +0.030,+0.975
1704392340,+3.27,+24.106, +0.030,+0.975
1704392400,+3.27,+24.106, +0.030,+0.975
1704392460,+3.27,+24.114, +0.030,+0.976
1704392520,+3.27,+24.106, +0.030,+0.976
1704392580,+3.27,+24.131, +0.030,+0.975
1704392640,+3.27,+24.131, +0.030,+0.975
1704392700,+3.27,+24.139, +0.030,+0.976
1704392760,+3.27,+24.122, +0.030,+0.975
1704392820,+3.27,+24.139, +0.031,+0.976
1704392880,+3.27,+24.131, +0.030,+0.975
1704392940,+3.27,+24.148, +0.030,+0.975
1704393000,+3.27,+24.148, +0.030,+0.975
1704393060,+3.27,+24.173, +0.030,+0.976
1704393120,+3.27,+24.164, +0.030,+0.976
1704393180,+3.27,+24.156, +0.030,+0.976
1704393240,+3.27,+24.156, +0.030,+0.975
1704393300,+3.27,+24.148, +0.030,+0.976
1704393360,+3.27,+24.164, +0.030,+0.975
1704393420,+3.27,+24.148, +0.030,+0.975
1704393480,+3.27,+24.156, +0.031,+0.976
1704393540,+3.27,+24.181, +0.030,+0.976
1704393600,+3.27,+24.173, +0.030,+0.976
1704393660,+3.27,+24.173, +0.030,+0.975
1704393720,+3.27,+24.181, +0.030,+0.975
1704393780,+3.27,+24.198, +0.029,+0.975
1704393840,+3.27,+24.198, +0.030,+0.976
1704393900,+3.27,+24.190, +0.030,+0.975
1704393960,+3.27,+24.190, +0.030,+0.976
1704394020,+3.27,+24.190, +0.030,+0.976
1704394080,+3.27,+24.190, +0.030,+0.975
1704394140,+3.27,+24.198, +0.030,+0.975
1704394200,+3.27,+24.206, +0.030,+0.975
1704394260,+3.27,+24.190, +0.030,+0.975
1704394320,+3.27,+24.215, +0.030,+0.975
1704394380,+3.27,+24.215, +0.030,+0.975
1704394440,+3.27,+24.206, +0.030,+0.975
1704394500,+3.27,+24.206, +0.030,+0.976
1704394560,+3.27,+24.223, +0.030,+0.975
1704394620,+3.27,+24.206, +0.030,+0.975
1704394680,+3.27,+24.206, +0.030,+0.976
1704394740,+3.27,+24.231, +0.030,+0.976
1704394800,+3.27,+24.215, +0.030,+0.976
1704394860,+3.27,+24.231, +0.030,+0.975
1704394920,+3.27,+24.223, +0.030,+0.975
1704394980,+3.27,+24.206, +0.030,+0.976
1704395040,+3.27,+24.240, +0.030,+0.975
1704395100,+3.27,+24.240, +0.031,+0.975
1704395160,+3.27,+24.240, +0.030,+0.975
1704395220,+3.27,+24.248, +0.031,+0.975
1704395280,+3.27,+24.231, +0.030,+0.975
1704395340,+3.27,+24.248, +0.030,+0.975
1704395400,+3.27,+24.248, +0.030,+0.975
1704395460,+3.27,+24.248, +0.031,+0.975
1704395520,+3.27,+24.240, +0.031,+0.975
1704395580,+3.27,+24.231, +0.031,+0.975
1704395640,+3.27,+24.240, +0.031,+0.975
1704395700,+3.27,+24.257, +0.031,+0.976
1704395760,+3.27,+24.265, +0.031,+0.976
1704395820,+3.27,+24.248, +0.031,+0.975
1704395880,+3.27,+24.257, +0.031,+0.975
1704395940,+3.27,+24.265, +0.032,+0.975
1704396000,+3.27,+24.273, +0.031,+0.975
1704396060,+3.27,+24.273, +0.032,+0.975
1704396120,+3.27,+24.257, +0.031,+0.975
1704396180,+3.27,+24.265, +0.031,+0.975
1704396240,+3.27,+24.282, +0.031,+0.975
1704396300,+3.27,+24.265, +0.031,+0.975
1704396360,+3.27,+24.273, +0.031,+0.975
1704396420,+3.27,+24.282, +0.032,+0.975
1704396480,+3.27,+24.282, +0.031,+0.975
1704396540,+3.27,+24.290, +0.031,+0.975
1704396600,+3.27,+24.290, +0.031,+0.976
1704396660,+3.27,+24.290, +0.031,+0.975
1704396720,+3.27,+24.290, +0.032,+0.975
1704396780,+3.27,+24.290, +0.031,+0.976
1704396840,+3.27,+24.290, +0.031,+0.975
1704396900,+3.27,+24.299, +0.032,+0.975
1704396960,+3.27,+24.307, +0.032,+0.975
1704397020,+3.27,+24.299, +0.031,+0.975
1704397080,+3.27,+24.299, +0.032,+0.975
1704397140,+3.27,+24.307, +0.032,+0.975
1704397200,+3.27,+24.315, +0.031,+0.975
1704397260,+3.27,+24.307, +0.031,+0.975
1704397320,+3.27,+24.307, +0.032,+0.975
1704397380,+3.27,+24.315, +0.031,+0.975
1704397440,+3.27,+24.315, +0.031,+0.975
1704397500,+3.27,+24.324, +0.032,+0.975
1704397560,+3.27,+24.332, +0.032,+0.975
1704397620,+3.27,+24.332, +0.032,+0.975
1704397680,+3.27,+24.324, +0.031,+0.975
1704397740,+3.27,+24.332, +0.031,+0.976
1704397800,+3.27,+24.349, +0.031,+0.975
1704397860,+3.28,+24.332, +0.032,+0.975
1704397920,+3.27,+24.341, +0.032,+0.975
1704397980,+3.28,+24.341, +0.031,+0.975
1704398040,+3.28,+24.349, +0.032,+0.976
1704398100,+3.28,+24.341, +0.031,+0.976
1704398160,+3.28,+24.332, +0.032,+0.975
1704398220,+3.28,+24.349, +0.032,+0.976
1704398280,+3.28,+24.349, +0.031,+0.975
1704398340,+3.28,+24.366, +0.031,+0.975
1704398400,+3.28,+24.366, +0.031,+0.975
1704398460,+3.28,+24.357, +0.031,+0.975
1704398520,+3.28,+24.357, +0.031,+0.975
1704398580,+3.28,+24.357, +0.031,+0.975
1704398640,+3.28,+24.374, +0.031,+0.975
1704398700,+3.28,+24.374, +0.031,+0.975
1704398760,+3.28,+24.374, +0.031,+0.975
1704398820,+3.28,+24.374, +0.031,+0.975
1704398880,+3.28,+24.366, +0.031,+0.976
1704398940,+3.28,+24.349, +0.031,+0.976
1704399000,+3.28,+24.382, +0.031,+0.975
1704399060,+3.28,+24.374, +0.031,+0.976
1704399120,+3.28,+24.399, +0.031,+0.975
1704399180,+3.28,+24.391, +0.031,+0.975
1704399240,+3.28,+24.382, +0.031,+0.975
1704399300,+3.28,+24.391, +0.032,+0.975
